Zykluszahl,Spritzdruck,SC-Position,SC-Geschwindigkeit,SC-Drehzahl,IST-Schliesskraft,WZ-Position,WZ-Geschwindigkeit,Kreuzkopf-Geschwindigkeit,AW-Position,AW-Geschwindigkeit,SC-Drehmoment,AW-Kraft,EE-Position,EE-Geschwindigkeit,EE-Stellsignal,Anlagekraft,Kreuzkopf-Position,Werkzeuginnendruck 1,Werkzeuginnendruck 2
46806,-0.512,75.586,0.0,0.0,-1.633,350.0786,0.0,-0.2,5.742,0,-2.0,-0.64,310.005,-0.9238000000000001,34.65,0.0,257.832,0.0,0
46806,-0.512,75.586,0.0,0.0,-1.633,350.0786,0.0,0.0,5.742,0,-2.0,-0.51,310.005,2.5733,34.59,0.0,257.832,0.0,0
46806,-0.341,75.586,0.0,0.0,-1.633,350.0786,0.0,0.0,5.742,0,-1.0,-0.47500000000000003,310.005,0.0,34.32,0.0,257.832,0.0,0
46806,-0.341,75.586,0.0,0.0,-1.633,350.0786,0.0,0.0,5.742,0,-2.0,-0.485,310.005,2.3754,34.74,0.0,257.832,0.0,0
46806,-0.341,75.586,0.0,0.0,-1.633,350.0786,0.0,-2.0,5.742,0,-1.0,-0.48,310.005,0.39590000000000003,35.28,0.0,257.832,0.0,0
46806,-0.512,75.586,0.0,0.0,-1.633,349.9995,0.0,-5.5,5.742,0,0.0,-0.46,310.14000000000004,-0.099,35.76,0.0,257.793,0.0,0
46806,-0.341,75.586,0.0,0.0,-1.633,349.8412,0.0,-9.4,5.742,0,-2.0,-0.465,310.005,1.1877,35.730000000000004,0.0,257.71500000000003,0.0,0
46806,-0.512,75.586,0.0,0.0,-1.633,349.5632,-40.6,-16.0,5.742,0,-2.0,-0.47000000000000003,310.005,-0.7918000000000001,36.45,0.0,257.57800000000003,0.0,0
46806,-0.512,75.586,0.0,0.0,-1.633,349.1675,-38.5,-22.1,5.742,0,-1.0,-0.5,310.14000000000004,0.0,35.94,0.0,257.38300000000004,0.0,0
46806,-1.0230000000000001,75.586,0.0,0.0,-1.633,348.65200000000004,-79.2,-28.900000000000002,5.742,0,-1.0,-0.505,310.005,2.3754,35.910000000000004,0.0,257.129,0.0,0
46806,-0.341,75.586,0.0,0.0,-1.633,347.9783,-79.10000000000001,-36.6,5.742,0,-2.0,-0.5,310.14000000000004,1.1877,35.19,0.0,256.797,0.0,0
46806,-0.512,75.586,0.0,0.0,-1.633,347.1402,-118.9,-43.9,5.742,0,-1.0,-0.455,310.005,-4.1239,35.07,0.0,256.387,0.0,0
46806,0.0,75.586,0.0,0.0,-1.633,346.1787,-80.0,-50.800000000000004,5.742,0,0.0,-0.495,310.005,-0.9238000000000001,34.32,0.0,255.918,0.0,0
46806,-0.341,75.586,0.0,0.0,-1.633,345.0573,-121.0,-57.900000000000006,5.742,0,-2.0,-0.47500000000000003,310.005,0.099,34.47,0.0,255.371,0.0,0
46806,-0.512,75.586,0.0,0.0,-1.633,343.77610000000004,-159.9,-64.8,5.742,0,-1.0,-0.465,310.005,0.0,34.59,0.0,254.746,0.0,0
46806,-0.512,75.586,0.0,0.0,-1.633,342.4148,-121.0,-70.10000000000001,5.742,0,0.0,-0.45,310.005,3.9589000000000003,34.980000000000004,0.0,254.08200000000002,0.0,0
46806,-0.512,75.586,0.0,0.0,-1.633,340.91650000000004,-122.30000000000001,-74.7,5.742,0,-1.0,-0.46,310.005,0.0,35.730000000000004,0.0,253.359,0.0,0
46806,-0.512,75.586,0.0,0.0,-1.633,339.29740000000004,-161.70000000000002,-78.10000000000001,5.742,0,-2.0,-0.48,310.14000000000004,-0.8908,36.21,0.0,252.578,0.0,0
46806,-0.341,75.586,0.0,0.0,-1.633,337.67830000000004,-161.70000000000002,-80.10000000000001,5.742,0,0.0,-0.455,309.915,0.9238000000000001,35.97,0.0,251.79700000000003,0.0,0
46806,-0.341,75.586,0.0,0.0,-1.633,337.51660000000004,-161.70000000000002,-80.3,5.742,0,0.0,-0.465,310.005,0.46190000000000003,36.03,0.0,251.71900000000002,0.0,0
46806,-0.682,75.586,0.0,0.0,-1.633,335.8432,-163.6,-80.9,5.742,0,0.0,-0.465,310.005,-1.9795,36.45,0.0,250.918,0.0,0
46806,-0.512,75.586,0.0,0.0,-1.633,334.123,-163.70000000000002,-80.9,5.742,0,-2.0,-0.465,310.005,-3.2084,36.45,0.0,250.098,0.0,0
46806,-0.341,75.586,0.0,0.0,-1.633,332.44280000000003,-163.6,-80.10000000000001,5.742,0,-2.0,-0.46,309.915,-0.5279,35.94,0.0,249.29700000000003,0.0,0
46806,-0.341,75.586,0.0,0.0,-1.633,330.7542,-165.6,-79.60000000000001,5.742,0,0.0,-0.465,310.005,3.8930000000000002,35.910000000000004,0.0,248.496,0.0,0
46806,-0.512,75.586,0.0,0.0,-1.633,329.05330000000004,-165.6,-79.60000000000001,5.742,0,0.0,-0.48,310.005,-2.1774,35.85,0.0,247.69500000000002,0.0,0
46806,-0.341,75.586,0.0,0.0,-1.633,327.3546,-165.6,-79.8,5.742,0,-2.0,-0.48,310.005,-2.2599,35.46,0.0,246.895,0.0,0
46806,-0.341,75.586,0.0,0.0,-1.633,325.65090000000004,-208.60000000000002,-79.8,5.742,0,-1.0,-0.47000000000000003,310.14000000000004,4.7507,34.29,0.0,246.09400000000002,0.0,0
46806,-0.341,75.586,0.0,0.0,-1.633,323.9721,-167.6,-80.10000000000001,5.742,0,-1.0,-0.47000000000000003,310.005,0.0,34.08,0.0,245.31300000000002,0.0,0
46806,-0.853,75.586,0.0,0.0,-1.633,322.2502,-167.70000000000002,-80.10000000000001,5.742,0,-2.0,-0.46,309.915,-1.897,33.78,0.0,244.512,0.0,0
46806,-0.341,75.586,0.0,0.0,-1.633,320.5283,-167.70000000000002,-80.10000000000001,5.742,0,-1.0,-0.465,310.005,1.4104,34.59,0.0,243.711,0.0,0
46806,-0.341,75.586,0.0,0.0,-1.633,318.7887,-169.70000000000002,-80.10000000000001,5.742,0,0.0,-0.485,310.005,1.6496000000000002,35.22,0.0,242.91000000000003,0.0,0
46806,-0.512,75.586,0.0,0.0,-1.633,317.0457,-171.9,-80.3,5.742,0,-2.0,-0.465,310.005,2.029,36.300000000000004,0.0,242.109,0.0,0
46806,-0.512,75.586,0.0,0.0,-1.633,315.3048,-169.8,-80.10000000000001,5.742,0,-2.0,-0.44,310.005,-2.7465,36.75,0.0,241.309,0.0,0
46806,-0.341,75.586,0.0,0.0,-1.633,313.54990000000004,-171.8,-80.10000000000001,5.742,0,0.0,-0.47500000000000003,310.005,0.39590000000000003,37.230000000000004,0.0,240.508,0.0,0
46806,-0.512,75.586,0.0,0.0,-1.633,311.7858,-171.8,-80.10000000000001,5.742,0,-1.0,-0.47500000000000003,310.14000000000004,2.7465,35.910000000000004,0.0,239.70700000000002,0.0,0
46806,-0.512,75.586,0.0,0.0,-1.633,310.0217,-171.8,-80.10000000000001,5.742,0,-2.0,-0.445,310.005,1.3856000000000002,35.76,0.0,238.906,0.0,0
46806,-0.512,75.586,0.0,0.0,-1.633,308.2515,-176.0,-80.10000000000001,5.742,0,-1.0,-0.465,309.915,-3.3898,35.88,0.0,238.10500000000002,0.0,0
46806,-0.512,75.586,0.0,0.0,-1.633,306.4689,-173.8,-79.8,5.742,0,0.0,-0.465,309.915,0.0412,35.4,0.0,237.305,0.0,0
46806,-0.512,75.586,0.0,0.0,-1.633,306.2951,-173.8,-79.8,5.742,0,0.0,-0.455,309.915,-0.3629,35.37,0.0,237.227,0.0,0
46806,-0.341,75.586,0.0,0.0,-1.633,304.5102,-173.8,-80.10000000000001,5.742,0,-2.0,-0.47500000000000003,309.915,-0.132,34.95,0.0,236.42600000000002,0.0,0
46806,-0.512,75.586,0.0,0.0,-1.633,302.723,-175.8,-80.60000000000001,5.742,0,-1.0,-0.48,310.005,-4.5528,34.230000000000004,0.0,235.625,0.0,0
46806,-0.341,75.586,0.0,0.0,-1.633,300.918,-175.70000000000002,-80.3,5.742,0,0.0,-0.465,310.005,2.6393,33.39,0.0,234.824,0.0,0
46806,-0.512,75.586,0.0,0.0,-1.633,299.1129,-178.10000000000002,-80.3,5.742,0,-2.0,-0.48,310.14000000000004,2.4743,33.72,0.0,234.02300000000002,0.0,0
46806,-0.512,75.586,0.0,0.0,-1.633,297.31010000000003,-175.8,-80.3,5.742,0,-2.0,-0.45,310.005,0.5279,34.92,0.0,233.223,0.0,0
46806,-0.341,75.586,0.0,0.0,-1.633,295.4886,-177.70000000000002,-80.3,5.742,0,-1.0,-0.465,310.005,-2.1114,35.88,0.0,232.422,0.0,0
46806,-0.341,75.586,0.0,0.0,-1.633,295.3109,-177.70000000000002,-80.3,5.742,0,-1.0,-0.465,310.005,-2.5733,36.0,0.0,232.34400000000002,0.0,0
46806,-0.512,75.586,0.0,0.0,-1.633,293.4864,-177.70000000000002,-80.10000000000001,5.742,0,-1.0,-0.47000000000000003,310.005,-4.2641,36.480000000000004,0.0,231.543,0.0,0
46806,-0.512,75.586,0.0,0.0,-1.633,291.6619,-177.70000000000002,-80.3,5.742,0,-2.0,-0.48,310.005,-0.5938,36.84,0.0,230.74200000000002,0.0,0
46806,-0.341,75.586,0.0,0.0,-1.633,289.8249,-181.8,-80.9,5.742,0,-1.0,-0.465,310.005,-1.2537,36.27,0.0,229.941,0.0,0
46806,-0.512,75.586,0.0,0.0,-1.633,287.9841,-179.5,-80.60000000000001,5.742,0,0.0,-0.46,310.14000000000004,2.664,35.910000000000004,0.0,229.14100000000002,0.0,0
46806,-0.512,75.586,0.0,0.0,-1.633,286.141,-179.5,-80.3,5.742,0,-2.0,-0.45,310.23,4.0497000000000005,36.300000000000004,0.0,228.34,0.0,0
46806,-0.682,75.586,0.0,0.0,-1.633,284.2908,-181.20000000000002,-80.10000000000001,5.742,0,-1.0,-0.47500000000000003,310.14000000000004,3.2744,35.67,0.0,227.53900000000002,0.0,0
46806,-0.682,75.586,0.0,0.0,-1.633,282.43010000000004,-181.20000000000002,-80.60000000000001,5.742,0,0.0,-0.47500000000000003,310.005,-4.3301,35.160000000000004,0.0,226.738,0.0,0
46806,-0.682,75.586,0.0,0.0,-1.633,280.5716,-181.20000000000002,-80.60000000000001,5.742,0,-1.0,-0.47000000000000003,310.005,-6.7302,35.58,0.0,225.93800000000002,0.0,0
46806,-0.341,75.586,0.0,0.0,-1.633,278.7088,-182.8,-80.9,5.742,0,-2.0,-0.485,310.14000000000004,0.2639,35.37,0.0,225.137,0.0,0
46806,-0.682,75.586,0.0,0.0,-1.633,276.8315,-182.8,-80.10000000000001,5.742,0,0.0,-0.465,310.14000000000004,4.5280000000000005,34.53,0.0,224.336,0.0,0
46806,0.0,75.586,0.0,0.0,-1.633,274.9542,-182.8,-79.8,5.742,0,0.0,-0.48,310.005,4.2889,34.05,0.0,223.535,0.0,0
46806,-0.853,75.586,0.0,0.0,-1.633,273.0769,-185.20000000000002,-80.3,5.742,0,0.0,-0.46,309.915,-4.2064,34.56,0.0,222.734,0.0,0
46806,-0.341,75.586,0.0,0.0,-1.633,271.1889,-184.3,-80.10000000000001,5.742,0,-1.0,-0.465,310.14000000000004,-4.7507,35.76,0.0,221.934,0.0,0
46806,-0.682,75.586,0.0,0.0,-1.633,269.2964,-184.3,-80.10000000000001,5.742,0,0.0,-0.445,309.915,-0.866,36.84,0.0,221.133,0.0,0
46806,-0.512,75.586,0.0,0.0,-1.633,267.4038,-184.3,-80.10000000000001,5.742,0,0.0,-0.5,310.005,0.5773,36.96,0.0,220.33200000000002,0.0,0
46806,-0.341,75.586,0.0,0.0,-1.633,265.5031,-185.70000000000002,-80.10000000000001,5.742,0,-2.0,-0.465,310.005,0.8578,37.32,0.0,219.531,0.0,0
46806,-0.341,75.586,0.0,0.0,-1.633,263.5966,-188.0,-80.60000000000001,5.742,0,-1.0,-0.48,310.005,2.029,36.33,0.0,218.73000000000002,0.0,0
46806,-0.341,75.586,0.0,0.0,-1.633,261.6925,-185.60000000000002,-80.3,5.742,0,0.0,-0.49,310.14000000000004,1.5836000000000001,35.61,0.0,217.93,0.0,0
46806,-0.512,75.586,0.0,0.0,-1.633,261.5068,-185.70000000000002,-80.60000000000001,5.742,0,0.0,-0.455,310.14000000000004,2.3754,35.550000000000004,0.0,217.852,0.0,0
46806,-0.682,75.586,0.0,0.0,-1.633,259.5951,-186.9,-80.10000000000001,5.742,0,-2.0,-0.46,310.14000000000004,3.8600000000000003,35.46,0.0,217.05100000000002,0.0,0
46806,-0.341,75.586,0.0,0.0,-1.633,257.676,-186.9,-80.10000000000001,5.742,0,-2.0,-0.46,310.005,-1.9795,35.79,0.0,216.25,0.0,0
46806,-0.682,75.586,0.0,0.0,-1.633,255.7569,-186.9,-80.10000000000001,5.742,0,-1.0,-0.47500000000000003,310.14000000000004,-3.1672000000000002,35.46,0.0,215.449,0.0,0
46806,-0.512,75.586,0.0,0.0,-1.633,253.83630000000002,-190.3,-80.3,5.742,0,-1.0,-0.465,310.005,0.0,34.95,0.0,214.648,0.0,0
46806,-0.341,75.586,0.0,0.0,-1.633,251.9085,-188.0,-80.10000000000001,5.742,0,-2.0,-0.48,309.915,-0.19790000000000002,34.11,0.0,213.848,0.0,0
46806,-0.682,75.586,0.0,0.0,-1.633,249.97840000000002,-187.9,-80.3,5.742,0,-1.0,-0.46,309.915,-7.390000000000001,33.39,0.0,213.047,0.0,0
46806,-0.341,75.586,0.0,0.0,-1.633,248.0482,-188.0,-80.10000000000001,5.742,0,0.0,-0.465,310.005,-2.6393,34.11,0.0,212.246,0.0,0
46806,-0.512,75.586,0.0,0.0,-1.633,246.1097,-188.9,-80.10000000000001,5.742,0,-2.0,-0.47500000000000003,310.005,5.2786,35.160000000000004,0.0,211.44500000000002,0.0,0
46806,-0.341,75.586,0.0,0.0,-1.633,244.1725,-188.8,-80.10000000000001,5.742,0,-1.0,-0.48,310.14000000000004,2.4743,36.27,0.0,210.645,0.0,0
46806,-0.341,75.586,0.0,0.0,-1.633,242.2328,-188.8,-79.8,5.742,0,0.0,-0.465,310.005,1.1877,36.63,0.0,209.84400000000002,0.0,0
46806,-0.512,75.586,0.0,0.0,-1.633,240.28830000000002,-189.70000000000002,-80.10000000000001,5.742,0,-2.0,-0.49,310.14000000000004,2.2764,36.0,0.0,209.043,0.0,0
46806,-0.682,75.586,0.0,0.0,-1.633,238.34060000000002,-189.70000000000002,-79.60000000000001,5.742,0,-1.0,-0.47000000000000003,310.14000000000004,-1.1877,35.88,0.0,208.24200000000002,0.0,0
46806,-0.512,75.586,0.0,0.0,-1.633,236.393,-192.10000000000002,-79.8,5.742,0,0.0,-0.47500000000000003,309.915,-3.3651,35.550000000000004,0.0,207.441,0.0,0
46806,-0.682,75.586,0.0,0.0,-1.633,234.44570000000002,-190.3,-79.8,5.742,0,-1.0,-0.47500000000000003,310.14000000000004,-1.9795,35.79,0.0,206.64100000000002,0.0,0
46806,-0.512,75.586,0.0,0.0,-1.633,232.49190000000002,-190.20000000000002,-80.10000000000001,5.742,0,-1.0,-0.46,310.005,2.2104,35.160000000000004,0.0,205.84,0.0,0
46806,-0.341,75.586,0.0,0.0,-1.633,230.538,-190.20000000000002,-79.3,5.742,0,-1.0,-0.485,310.005,3.0352,34.74,0.0,205.03900000000002,0.0,0
46806,-0.512,75.586,0.0,0.0,-1.633,228.58380000000002,-190.5,-80.3,5.742,0,0.0,-0.47500000000000003,310.005,-1.4846000000000001,34.11,0.0,204.238,0.0,0
46806,-0.512,75.586,0.0,0.0,-1.633,226.6279,-190.70000000000002,-79.60000000000001,5.742,0,-1.0,-0.47000000000000003,310.005,-0.39590000000000003,33.6,0.0,203.43800000000002,0.0,0
46806,-0.341,75.586,0.0,0.0,-1.633,224.66940000000002,-190.8,-80.9,5.742,0,-1.0,-0.465,310.23,1.6826,33.27,0.0,202.637,0.0,0
46806,-0.512,75.586,0.0,0.0,-1.633,222.711,-190.70000000000002,-80.10000000000001,5.742,0,-1.0,-0.455,309.915,-2.2434000000000003,33.51,0.0,201.836,0.0,0
46806,-0.682,75.586,0.0,0.0,-1.633,220.75050000000002,-190.9,-80.10000000000001,5.742,0,-1.0,-0.48,309.915,-5.2126,34.38,0.0,201.035,0.0,0
46806,-0.341,75.586,0.0,0.0,-1.633,220.5595,-191.0,-79.8,5.742,0,-1.0,-0.465,309.915,-6.0539000000000005,34.47,0.0,200.95700000000002,0.0,0
46806,-0.171,75.586,0.0,0.0,-1.633,218.59830000000002,-191.0,-80.10000000000001,5.742,0,-1.0,-0.44,310.005,-3.3239,35.43,0.0,200.156,0.0,0
46806,-0.512,75.586,0.0,0.0,-1.633,216.6372,-193.4,-80.60000000000001,5.742,0,-1.0,-0.47000000000000003,310.005,1.1712,36.36,0.0,199.35500000000002,0.0,0
46806,-0.341,75.586,0.0,0.0,-1.633,214.67790000000002,-191.0,-80.10000000000001,5.742,0,0.0,-0.47000000000000003,310.005,2.8207,36.24,0.0,198.555,0.0,0
46806,-0.512,75.586,0.0,0.0,-1.633,212.7158,-191.0,-80.10000000000001,5.742,0,-2.0,-0.47500000000000003,310.005,0.7258,35.28,0.0,197.75400000000002,0.0,0
46806,-0.853,75.586,0.0,0.0,-1.633,210.7536,-191.10000000000002,-79.8,5.742,0,-1.0,-0.49,310.005,1.4516,35.01,0.0,196.953,0.0,0
46806,-0.341,75.586,0.0,0.0,-1.633,208.79180000000002,-191.0,-80.3,5.742,0,-1.0,-0.45,310.005,-1.4929000000000001,34.83,0.0,196.15200000000002,0.0,0
46806,-0.512,75.586,0.0,0.0,-1.633,206.8331,-237.5,-80.10000000000001,5.742,0,0.0,-0.485,310.14000000000004,-0.48660000000000003,34.59,0.0,195.352,0.0,0
46806,-0.682,75.586,0.0,0.0,-1.633,204.8719,-237.5,-80.3,5.742,0,-1.0,-0.46,310.005,0.48660000000000003,34.800000000000004,0.0,194.55100000000002,0.0,0
46806,-0.341,75.586,0.0,0.0,-1.633,202.9109,-239.70000000000002,-79.8,5.742,0,-2.0,-0.46,310.14000000000004,1.4929000000000001,34.89,0.0,193.75,0.0,0
46806,-0.341,75.586,0.0,0.0,-1.633,200.95250000000001,-239.60000000000002,-79.8,5.742,0,0.0,-0.44,310.14000000000004,4.3301,34.53,0.0,192.949,0.0,0
46806,-0.682,75.586,0.0,0.0,-1.633,198.9941,-239.60000000000002,-80.3,5.742,0,-1.0,-0.46,310.005,-1.1217000000000001,34.5,0.0,192.148,0.0,0
46806,-0.341,75.586,0.0,0.0,-1.633,197.03820000000002,-237.10000000000002,-80.3,5.742,0,-1.0,-0.485,310.14000000000004,-3.5878,34.74,0.0,191.348,0.0,0
46806,-0.341,75.586,0.0,0.0,-1.633,195.12990000000002,-192.70000000000002,-80.3,5.742,0,0.0,-0.47000000000000003,310.14000000000004,3.1012,34.65,0.0,190.566,0.0,0
46806,-0.682,75.586,0.0,0.0,-1.633,193.17870000000002,-190.20000000000002,-80.10000000000001,5.742,0,-1.0,-0.485,310.005,1.5011,34.92,0.0,189.76600000000002,0.0,0
46806,-0.682,75.586,0.0,0.0,-1.633,191.22500000000002,-190.3,-80.10000000000001,5.742,0,-1.0,-0.47000000000000003,310.005,-5.847700000000001,35.4,0.0,188.965,0.0,0
46806,-0.682,75.586,0.0,0.0,-1.633,189.2747,-189.60000000000002,-79.8,5.742,0,-1.0,-0.47000000000000003,310.14000000000004,-1.5836000000000001,35.64,0.0,188.16400000000002,0.0,0
46806,-0.682,75.586,0.0,0.0,-1.633,187.32770000000002,-189.60000000000002,-80.60000000000001,5.742,0,0.0,-0.495,310.005,1.9135000000000002,35.76,0.0,187.363,0.0,0
46806,-0.512,75.586,0.0,0.0,-1.633,185.38320000000002,-189.60000000000002,-80.10000000000001,5.742,0,-2.0,-0.47500000000000003,310.005,1.699,36.45,0.0,186.56300000000002,0.0,0
46806,-0.682,75.586,0.0,0.0,-1.633,183.43810000000002,-188.8,-79.8,5.742,0,-1.0,-0.455,310.005,-1.9547,35.28,0.0,185.762,0.0,0
46806,-0.341,75.586,0.0,0.0,-1.633,181.4999,-188.70000000000002,-80.3,5.742,0,-1.0,-0.43,310.005,-1.7815,34.74,0.0,184.961,0.0,0
46806,-0.341,75.586,0.0,0.0,-1.633,179.5616,-188.70000000000002,-80.60000000000001,5.742,0,-1.0,-0.48,310.005,0.0,34.14,0.0,184.16,0.0,0
46806,-0.512,75.586,0.0,0.0,-1.633,179.3728,-188.8,-80.3,5.742,0,-1.0,-0.47500000000000003,310.005,0.0,34.11,0.0,184.08200000000002,0.0,0
46806,-0.682,75.586,0.0,0.0,-1.633,177.4351,-188.20000000000002,-79.8,5.742,0,-1.0,-0.48,310.005,0.0,34.05,0.0,183.281,0.0,0
46806,-0.171,75.586,0.0,0.0,-1.633,175.50750000000002,-190.10000000000002,-80.60000000000001,5.742,0,0.0,-0.48,310.005,0.0,33.57,0.0,182.48000000000002,0.0,0
46806,-0.682,75.586,0.0,0.0,-1.633,173.5823,-187.70000000000002,-80.3,5.742,0,-1.0,-0.49,310.005,0.0,33.72,0.0,181.68,0.0,0
46806,-0.512,75.586,0.0,0.0,-1.633,171.65460000000002,-187.70000000000002,-80.10000000000001,5.742,0,0.0,-0.47500000000000003,309.915,-0.9897,34.26,0.0,180.87900000000002,0.0,0
46806,-0.512,75.586,0.0,0.0,-1.633,169.73690000000002,-186.5,-80.10000000000001,5.742,0,0.0,-0.465,310.005,-0.7918000000000001,35.37,0.0,180.078,0.0,0
46806,-0.341,75.586,0.0,0.0,-1.633,167.8221,-186.4,-80.10000000000001,5.742,0,-1.0,-0.465,310.14000000000004,0.9567,36.18,0.0,179.27700000000002,0.0,0
46806,-0.341,75.586,0.0,0.0,-1.633,165.9096,-186.4,-79.8,5.742,0,-1.0,-0.455,310.14000000000004,6.0704,36.39,0.0,178.477,0.0,0
46806,-0.682,75.586,0.0,0.0,-1.633,164.0021,-185.10000000000002,-80.3,5.742,0,-1.0,-0.47000000000000003,310.005,5.5425,36.33,0.0,177.67600000000002,0.0,0
46806,-0.682,75.586,0.0,0.0,-1.633,162.102,-185.0,-80.60000000000001,5.742,0,0.0,-0.46,310.14000000000004,-1.1877,36.24,0.0,176.875,0.0,0
46806,-0.682,75.586,0.0,0.0,-1.633,160.20180000000002,-185.0,-80.10000000000001,5.742,0,0.0,-0.47500000000000003,310.14000000000004,-4.2229,36.03,0.0,176.074,0.0,0
46806,-0.341,75.586,0.0,0.0,-1.633,158.3056,-185.70000000000002,-80.60000000000001,5.742,0,-1.0,-0.47000000000000003,310.005,0.2639,35.28,0.0,175.273,0.0,0
46806,-0.341,75.586,0.0,0.0,-1.633,156.4246,-183.3,-80.3,5.742,0,-1.0,-0.46,310.14000000000004,-0.7918000000000001,34.59,0.0,174.473,0.0,0
46806,-0.341,75.586,0.0,0.0,-1.633,154.5412,-183.4,-79.8,5.742,0,-1.0,-0.48,309.915,-1.7155,35.1,0.0,173.672,0.0,0
46806,-0.512,75.586,0.0,0.0,-1.633,152.6578,-183.4,-80.10000000000001,5.742,0,-1.0,-0.46,310.005,-0.2639,34.59,0.0,172.871,0.0,0
46806,-0.682,75.586,0.0,0.0,-1.633,150.7926,-181.5,-80.3,5.742,0,-1.0,-0.44,309.915,-3.8270000000000004,33.6,0.0,172.07000000000002,0.0,0
46806,-0.341,75.586,0.0,0.0,-1.633,148.93030000000002,-181.60000000000002,-80.3,5.742,0,0.0,-0.47000000000000003,309.915,0.7918000000000001,33.480000000000004,0.0,171.27,0.0,0
46806,-0.512,75.586,0.0,0.0,-1.633,147.0658,-181.60000000000002,-80.10000000000001,5.742,0,-1.0,-0.465,310.005,0.6598,34.44,0.0,170.469,0.0,0
46806,-0.341,75.586,0.0,0.0,-1.633,145.2157,-179.5,-80.10000000000001,5.742,0,-1.0,-0.47500000000000003,310.14000000000004,1.9465000000000001,35.160000000000004,0.0,169.668,0.0,0
46806,-0.512,75.586,0.0,0.0,-1.633,143.372,-179.60000000000002,-80.10000000000001,5.742,0,-1.0,-0.455,310.005,1.3196,36.15,0.0,168.86700000000002,0.0,0
46806,-0.341,75.586,0.0,0.0,-1.633,141.5284,-181.8,-80.3,5.742,0,0.0,-0.465,310.005,-0.2639,36.18,0.0,168.066,0.0,0
46806,-0.512,75.586,0.0,0.0,-1.633,139.69660000000002,-177.3,-80.10000000000001,5.742,0,-1.0,-0.49,309.915,-4.3548,35.94,0.0,167.26600000000002,0.0,0
46806,-0.512,75.586,0.0,0.0,-1.633,139.51930000000002,-177.3,-80.10000000000001,5.742,0,-1.0,-0.47500000000000003,310.14000000000004,-2.7053000000000003,35.910000000000004,0.0,167.18800000000002,0.0,0
46806,-0.341,75.586,0.0,0.0,-1.633,137.6986,-177.3,-80.3,5.742,0,-1.0,-0.465,309.915,3.4476,35.64,0.0,166.387,0.0,0
46806,-0.341,75.586,0.0,0.0,-1.633,135.8779,-177.3,-80.10000000000001,5.742,0,-1.0,-0.47000000000000003,309.915,1.1382,35.43,0.0,165.586,0.0,0
46806,-0.341,75.586,0.0,0.0,-1.633,134.0633,-174.9,-80.3,5.742,0,0.0,-0.49,310.14000000000004,-2.1527000000000003,35.31,0.0,164.785,0.0,0
46806,-0.341,75.586,0.0,0.0,-1.633,132.2675,-177.20000000000002,-80.60000000000001,5.742,0,-1.0,-0.47500000000000003,309.915,1.9135000000000002,35.13,0.0,163.984,0.0,0
46806,-0.341,75.586,0.0,0.0,-1.633,130.47400000000002,-174.9,-80.3,5.742,0,-1.0,-0.47000000000000003,310.005,-0.39590000000000003,35.7,0.0,163.184,0.0,0
46806,-0.682,75.586,0.0,0.0,-1.633,128.6782,-174.9,-79.8,5.742,0,-1.0,-0.47000000000000003,310.005,-6.837400000000001,35.550000000000004,0.0,162.383,0.0,0
46806,-0.341,75.586,0.0,0.0,-1.633,126.90870000000001,-172.3,-80.10000000000001,5.742,0,-1.0,-0.45,310.14000000000004,3.6043000000000003,34.38,0.0,161.582,0.0,0
46806,-0.341,75.586,0.0,0.0,-1.633,125.13990000000001,-172.3,-80.10000000000001,5.742,0,-1.0,-0.48,310.005,7.7199,34.05,0.0,160.781,0.0,0
46806,-0.341,75.586,0.0,0.0,-1.633,123.37110000000001,-174.5,-80.10000000000001,5.742,0,-1.0,-0.45,310.005,-0.0825,34.11,0.0,159.98000000000002,0.0,0
46806,-0.512,75.586,0.0,0.0,-1.633,121.62480000000001,-169.4,-80.3,5.742,0,-1.0,-0.495,310.14000000000004,-4.9487000000000005,35.43,0.0,159.18,0.0,0
46806,-0.853,75.586,0.0,0.0,-1.633,119.8849,-169.4,-80.3,5.742,0,-1.0,-0.48,310.005,0.6186,36.51,0.0,158.37900000000002,0.0,0
46806,-0.512,75.586,0.0,0.0,-1.633,118.14500000000001,-169.4,-79.60000000000001,5.742,0,-1.0,-0.47500000000000003,310.005,-0.5938,36.84,0.0,157.578,0.0,0
46806,-0.512,75.586,0.0,0.0,-1.633,116.4184,-166.4,-79.60000000000001,5.742,0,-1.0,-0.445,310.005,-2.5733,36.63,0.0,156.77700000000002,0.0,0
46806,-0.512,75.586,0.0,0.0,-1.633,114.7115,-166.5,-80.3,5.742,0,0.0,-0.46,310.005,-1.7155,36.03,0.0,155.977,0.0,0
46806,-0.341,75.586,0.0,0.0,-1.633,113.00250000000001,-166.5,-79.8,5.742,0,0.0,-0.485,310.005,-0.39590000000000003,35.730000000000004,0.0,155.17600000000002,0.0,0
46806,-0.341,75.586,0.0,0.0,-1.633,112.8361,-166.4,-79.60000000000001,5.742,0,-1.0,-0.47000000000000003,310.005,-0.2639,35.7,0.0,155.098,0.0,0
46806,-0.341,75.586,0.0,0.0,-1.633,111.13550000000001,-163.20000000000002,-79.8,5.742,0,-2.0,-0.455,310.005,3.6950000000000003,35.94,0.0,154.297,0.0,0
46806,-0.512,75.586,0.0,0.0,-1.633,109.45920000000001,-163.3,-79.8,5.742,0,-1.0,-0.465,310.005,-1.9795,36.21,0.0,153.496,0.0,0
46806,-0.512,75.586,0.0,0.0,-1.633,107.783,-163.20000000000002,-80.10000000000001,5.742,0,-1.0,-0.46,310.14000000000004,-4.0579,35.22,0.0,152.695,0.0,0
46806,-0.341,75.586,0.0,0.0,-1.633,106.1089,-163.20000000000002,-80.10000000000001,5.742,0,-1.0,-0.465,310.005,0.9238000000000001,34.83,0.0,151.895,0.0,0
46806,-0.341,75.586,0.0,0.0,-1.633,104.4667,-159.8,-79.60000000000001,5.742,0,-1.0,-0.48,310.005,0.2639,34.29,0.0,151.094,0.0,0
46806,-0.341,75.586,0.0,0.0,-1.633,102.825,-159.9,-80.3,5.742,0,0.0,-0.46,310.005,-1.4516,33.69,0.0,150.293,0.0,0
46806,-0.341,75.586,0.0,0.0,-1.633,101.1834,-159.9,-79.8,5.742,0,-1.0,-0.455,310.005,0.0,33.99,0.0,149.49200000000002,0.0,0
46806,-0.512,75.586,0.0,0.0,-1.633,99.5677,-158.3,-80.10000000000001,5.742,0,-1.0,-0.5,310.005,0.0,35.01,0.0,148.691,0.0,0
46806,-0.512,75.586,0.0,0.0,-1.633,97.9644,-156.3,-79.60000000000001,5.742,0,0.0,-0.48,309.915,1.3856000000000002,36.27,0.0,147.89100000000002,0.0,0
46806,-0.341,75.586,0.0,0.0,-1.633,96.3591,-156.4,-79.8,5.742,0,-1.0,-0.47500000000000003,310.005,-1.7155,37.71,0.0,147.09,0.0,0
46806,-0.512,75.586,0.0,0.0,-1.633,94.7706,-152.6,-79.8,5.742,0,-1.0,-0.47000000000000003,310.005,-1.0557,37.32,0.0,146.28900000000002,0.0,0
46806,-0.682,75.586,0.0,0.0,-1.633,93.2034,-191.8,-80.10000000000001,5.742,0,-1.0,-0.46,310.14000000000004,5.938400000000001,36.57,0.0,145.488,0.0,0
46806,-0.682,75.586,0.0,0.0,-1.633,91.6382,-189.8,-79.8,5.742,0,0.0,-0.435,310.005,2.1114,35.37,0.0,144.68800000000002,0.0,0
46806,-0.341,75.586,0.0,0.0,-1.633,90.07770000000001,-185.0,-80.10000000000001,5.742,0,0.0,-0.48,310.005,1.4516,35.19,0.0,143.887,0.0,0
46806,-0.512,75.586,0.0,0.0,-1.633,88.5864,-150.6,-80.10000000000001,5.742,0,-1.0,-0.48,310.005,0.099,35.19,0.0,143.10500000000002,0.0,0
46806,-0.341,75.586,0.0,0.0,-1.633,88.40140000000001,-185.0,-80.3,5.742,0,-1.0,-0.48,310.005,0.3547,35.25,0.0,143.008,0.0,0
46806,-0.171,75.586,0.0,0.0,-1.633,86.8739,-186.9,-80.10000000000001,5.742,0,-1.0,-0.465,309.915,-1.897,35.01,0.0,142.207,0.0,0
46806,-0.341,75.586,0.0,0.0,-1.633,85.3464,-186.9,-80.10000000000001,5.742,0,-1.0,-0.445,310.14000000000004,-2.0702000000000003,34.800000000000004,0.0,141.406,0.0,0
46806,-0.341,75.586,0.0,0.0,-1.633,83.8598,-181.9,-80.10000000000001,5.742,0,-1.0,-0.47500000000000003,310.005,2.7053000000000003,34.26,0.0,140.60500000000002,0.0,0
46806,-0.512,75.586,0.0,0.0,-1.633,82.37530000000001,-180.0,-80.10000000000001,5.742,0,-1.0,-0.47500000000000003,310.005,1.8723,34.47,0.0,139.805,0.0,0
46806,-0.341,75.586,0.0,0.0,-1.633,80.9243,-146.6,-79.8,5.742,0,-1.0,-0.485,310.005,-3.8022,34.74,0.0,139.023,0.0,0
46806,-0.512,75.586,0.0,0.0,-1.633,79.46950000000001,-140.6,-80.10000000000001,5.742,0,-1.0,-0.47000000000000003,310.005,-1.1629,35.49,0.0,138.223,0.0,0
46806,-0.341,75.586,0.0,0.0,-1.633,79.2929,-176.6,-80.10000000000001,5.742,0,-1.0,-0.485,310.005,-0.2639,35.64,0.0,138.125,0.0,0
46806,-0.341,75.586,0.0,0.0,-1.633,77.84920000000001,-176.6,-80.10000000000001,5.742,0,-1.0,-0.465,310.14000000000004,2.5403000000000002,35.76,0.0,137.324,0.0,0
46806,-0.341,75.586,0.0,0.0,-1.633,76.4054,-176.70000000000002,-79.8,5.742,0,0.0,-0.465,310.005,3.1672000000000002,36.51,0.0,136.523,0.0,0
46806,-0.341,75.586,0.0,0.0,-1.633,74.9875,-169.6,-79.8,5.742,0,-1.0,-0.495,310.005,0.7918000000000001,36.480000000000004,0.0,135.723,0.0,0
46806,-0.341,75.586,0.0,0.0,-1.633,73.62100000000001,-138.0,-80.10000000000001,5.742,0,-1.0,-0.445,310.005,-3.1672000000000002,36.72,0.0,134.941,0.0,0
46806,-0.341,75.586,0.0,0.0,-1.633,72.22290000000001,-136.3,-80.3,5.742,0,-1.0,-0.46,310.005,-2.3754,35.4,0.0,134.14100000000002,0.0,0
46806,-0.341,75.586,0.0,0.0,-1.633,70.8344,-132.0,-80.3,5.742,0,-1.0,-0.46,310.14000000000004,2.7713,34.86,0.0,133.34,0.0,0
46806,-0.341,75.586,0.0,0.0,-1.633,69.47970000000001,-131.9,-80.3,5.742,0,0.0,-0.465,310.005,2.3754,34.2,0.0,132.53900000000002,0.0,0
46806,-0.682,75.586,0.0,0.0,-1.633,68.125,-131.9,-79.8,5.742,0,-1.0,-0.485,310.005,-3.563,33.93,0.0,131.738,0.0,0
46806,-0.512,75.586,0.0,0.0,-1.633,66.7719,-132.0,-79.8,5.742,0,-1.0,-0.46,310.005,0.099,34.56,0.0,130.93800000000002,0.0,0
46806,-0.341,75.586,0.0,0.0,-1.633,65.4624,-127.4,-80.3,5.742,0,-1.0,-0.47500000000000003,310.005,0.0,34.44,0.0,130.137,0.0,0
46806,-0.341,75.586,0.0,0.0,-1.633,64.15390000000001,-127.4,-80.10000000000001,5.742,0,-1.0,-0.45,309.915,-4.9487000000000005,34.11,0.0,129.336,0.0,0
46806,-0.512,75.586,0.0,0.0,-1.633,62.8453,-127.4,-80.3,5.742,0,0.0,-0.46,310.005,-0.7918000000000001,34.53,0.0,128.535,0.0,0
46806,-0.341,75.586,0.0,0.0,-1.633,61.57,-124.5,-80.10000000000001,5.742,0,-1.0,-0.485,310.14000000000004,2.0125,35.22,0.0,127.73400000000001,0.0,0
46806,-0.341,75.586,0.0,0.0,-1.633,60.310100000000006,-122.9,-80.3,5.742,0,-1.0,-0.455,310.005,1.7155,36.0,0.0,126.93400000000001,0.0,0
46806,-0.341,75.586,0.0,0.0,-1.633,59.0486,-122.80000000000001,-79.8,5.742,0,-1.0,-0.46,310.005,-0.7918000000000001,36.72,0.0,126.13300000000001,0.0,0
46806,-0.341,75.586,0.0,0.0,-1.633,57.807900000000004,-118.2,-80.3,5.742,0,-1.0,-0.455,310.14000000000004,1.3196,36.9,0.0,125.33200000000001,0.0,0
46806,-0.512,75.586,0.0,0.0,-1.633,56.5942,-118.2,-80.3,5.742,0,-1.0,-0.48,310.14000000000004,2.2764,36.480000000000004,0.0,124.531,0.0,0
46806,-0.682,75.586,0.0,0.0,-1.633,55.380500000000005,-119.7,-80.3,5.742,0,0.0,-0.455,310.005,2.6393,35.79,0.0,123.73,0.0,0
46806,-0.341,75.586,0.0,0.0,-1.633,54.176300000000005,-113.5,-79.8,5.742,0,-1.0,-0.47500000000000003,309.915,-3.2661000000000002,35.43,0.0,122.93,0.0,0
46806,-0.512,75.586,0.0,0.0,-1.633,53.0111,-113.4,-80.10000000000001,5.742,0,-1.0,-0.47500000000000003,310.005,-7.522,34.5,0.0,122.129,0.0,0
46806,-0.341,75.586,0.0,0.0,-1.633,51.845800000000004,-113.5,-79.8,5.742,0,0.0,-0.465,310.005,2.9032,33.78,0.0,121.328,0.0,0
46806,-0.341,75.586,0.0,0.0,-1.633,50.680600000000005,-113.4,-79.8,5.742,0,-1.0,-0.445,310.005,3.563,33.81,0.0,120.527,0.0,0
46806,-0.512,75.586,0.0,0.0,-1.633,49.5604,-108.7,-79.8,5.742,0,0.0,-0.485,310.005,-2.6393,33.93,0.0,119.727,0.0,0
46806,-0.341,75.586,0.0,0.0,-1.633,48.4441,-108.7,-79.60000000000001,5.742,0,-1.0,-0.47000000000000003,310.14000000000004,3.0352,34.08,0.0,118.926,0.0,0
46806,-0.682,75.586,0.0,0.0,-1.633,48.3354,-108.7,-80.10000000000001,5.742,0,0.0,-0.47000000000000003,310.005,2.9692000000000003,34.11,0.0,118.848,0.0,0
46806,-0.341,75.586,0.0,0.0,-1.633,47.219,-108.80000000000001,-80.3,5.742,0,-1.0,-0.48,310.005,2.3094,34.56,0.0,118.04700000000001,0.0,0
46806,-0.682,75.586,0.0,0.0,-1.633,46.1381,-103.9,-79.8,5.742,0,-1.0,-0.47500000000000003,310.14000000000004,1.1629,34.92,0.0,117.24600000000001,0.0,0
46806,-0.512,75.586,0.0,0.0,-1.633,45.0709,-103.9,-80.10000000000001,5.742,0,0.0,-0.45,309.915,-2.4661,35.46,0.0,116.44500000000001,0.0,0
46806,-0.853,75.586,0.0,0.0,-1.633,44.0051,-103.9,-80.10000000000001,5.742,0,0.0,-0.445,310.14000000000004,-2.7960000000000003,36.18,0.0,115.64500000000001,0.0,0
46806,-0.341,75.586,0.0,0.0,-1.633,42.96,-99.10000000000001,-80.10000000000001,5.742,0,0.0,-0.48,310.005,0.6598,36.75,0.0,114.84400000000001,0.0,0
46806,-0.512,75.586,0.0,0.0,-1.633,41.9423,-99.10000000000001,-80.3,5.742,0,-1.0,-0.46,310.005,0.8413,36.27,0.0,114.043,0.0,0
46806,-0.512,75.586,0.0,0.0,-1.633,40.924600000000005,-99.10000000000001,-80.10000000000001,5.742,0,-1.0,-0.46,310.005,-2.5733,36.39,0.0,113.242,0.0,0
46806,-0.341,75.586,0.0,0.0,-1.633,39.9155,-95.5,-80.10000000000001,5.742,0,-1.0,-0.49,310.005,0.0,35.79,0.0,112.441,0.0,0
46806,-0.341,75.586,0.0,0.0,-1.633,38.9483,-94.30000000000001,-79.60000000000001,5.742,0,-1.0,-0.47500000000000003,310.14000000000004,0.7011000000000001,34.410000000000004,0.0,111.641,0.0,0
46806,-0.171,75.586,0.0,0.0,-1.633,37.9799,-94.30000000000001,-79.8,5.742,0,0.0,-0.455,310.005,-0.8578,33.27,0.0,110.84,0.0,0
46806,-0.341,75.586,0.0,0.0,-1.633,37.011500000000005,-94.30000000000001,-79.8,5.742,0,-1.0,-0.455,309.915,-1.6331,33.3,0.0,110.039,0.0,0
46806,-0.171,75.586,0.0,0.0,-1.633,36.0876,-89.5,-80.3,5.742,0,-1.0,-0.44,310.14000000000004,-1.1217000000000001,33.21,0.0,109.238,0.0,0
46806,-0.341,75.586,0.0,0.0,-1.633,35.1696,-89.5,-79.8,5.742,0,-1.0,-0.47000000000000003,309.915,-0.3299,33.93,0.0,108.438,0.0,0
46806,-0.171,75.586,0.0,0.0,-1.633,34.2504,-89.5,-79.8,5.742,0,-1.0,-0.47500000000000003,309.915,-1.6496000000000002,34.02,0.0,107.637,0.0,0
46806,-0.682,75.586,0.0,0.0,-1.633,33.3621,-84.7,-80.3,5.742,0,-1.0,-0.47000000000000003,309.915,-4.4043,34.800000000000004,0.0,106.836,0.0,0
46806,-0.341,75.586,0.0,0.0,-1.633,32.491800000000005,-84.7,-80.60000000000001,5.742,0,-1.0,-0.49,310.005,4.2724,35.76,0.0,106.03500000000001,0.0,0
46806,-0.512,75.586,0.0,0.0,-1.633,31.6215,-85.8,-79.8,5.742,0,0.0,-0.445,310.005,3.3651,35.61,0.0,105.23400000000001,0.0,0
46806,-0.341,75.586,0.0,0.0,-1.633,30.7696,-80.0,-80.10000000000001,5.742,0,-1.0,-0.44,310.005,1.0392000000000001,35.28,0.0,104.43400000000001,0.0,0
46806,-0.341,75.586,0.0,0.0,-1.633,29.9476,-80.10000000000001,-79.3,5.742,0,-1.0,-0.47500000000000003,310.005,-0.19790000000000002,35.25,0.0,103.63300000000001,0.0,0
46806,-0.512,75.586,0.0,0.0,-1.633,29.125700000000002,-80.0,-80.10000000000001,5.742,0,0.0,-0.47500000000000003,310.005,-2.1774,35.31,0.0,102.83200000000001,0.0,0
46806,-0.341,75.586,0.0,0.0,-1.633,28.308,-75.8,-80.10000000000001,5.742,0,-1.0,-0.47000000000000003,310.005,2.1774,34.86,0.0,102.031,0.0,0
46806,-0.512,75.586,0.0,0.0,-1.633,27.533800000000003,-76.3,-80.3,5.742,0,-1.0,-0.485,310.005,2.7713,34.59,0.0,101.23,0.0,0
46806,-1.0230000000000001,75.586,0.0,0.0,-1.633,26.7605,-75.4,-80.10000000000001,5.742,0,0.0,-0.465,310.005,-1.1877,34.26,0.0,100.43,0.0,0
46806,-0.682,75.586,0.0,0.0,-1.633,25.9864,-75.3,-80.10000000000001,5.742,0,0.0,-0.47000000000000003,309.915,-3.0847,33.84,0.0,99.629,0.0,0
46806,-0.341,75.586,0.0,0.0,-1.633,25.911,-75.4,-79.60000000000001,5.742,0,0.0,-0.46,309.915,-3.629,33.87,0.0,99.551,0.0,0
46806,-0.512,75.586,0.0,0.0,-1.633,25.1797,-70.8,-79.60000000000001,5.742,0,-2.0,-0.47000000000000003,309.915,-0.39590000000000003,33.6,0.0,98.75,0.0,0
46806,-0.341,75.586,0.0,0.0,-1.633,24.4525,-70.8,-80.10000000000001,5.742,0,-2.0,-0.485,310.005,1.5836000000000001,33.15,0.0,97.949,0.0,0
46806,-0.341,75.586,0.0,0.0,-1.633,23.7253,-71.7,-80.3,5.742,0,0.0,-0.45,310.005,2.6393,33.0,0.0,97.14800000000001,0.0,0
46806,-0.341,75.586,0.0,0.0,-1.633,23.0285,-66.3,-79.8,5.742,0,0.0,-0.465,310.005,2.5733,34.230000000000004,0.0,96.348,0.0,0
46806,-0.512,75.586,0.0,0.0,-1.633,22.3473,-66.4,-79.60000000000001,5.742,0,0.0,-0.485,310.005,-3.6950000000000003,35.58,0.0,95.54700000000001,0.0,0
46806,-0.341,75.586,0.0,0.0,-1.633,21.6662,-66.3,-80.10000000000001,5.742,0,0.0,-0.45,309.915,-3.3651,35.58,0.0,94.74600000000001,0.0,0
46806,-0.512,75.586,0.0,0.0,-1.633,21.0017,-61.900000000000006,-80.10000000000001,5.742,0,-1.0,-0.47000000000000003,310.005,2.5073000000000003,35.58,0.0,93.94500000000001,0.0,0
46806,-0.512,75.586,0.0,0.0,-1.633,20.366300000000003,-62.0,-80.3,5.742,0,-1.0,-0.47000000000000003,310.005,0.5279,35.34,0.0,93.14500000000001,0.0,0
46806,-0.341,75.586,0.0,0.0,-1.633,19.7302,-77.0,-79.8,5.742,0,-1.0,-0.45,309.915,-1.9795,34.89,0.0,92.34400000000001,0.0,0
46806,-0.171,75.586,0.0,0.0,-1.633,19.098300000000002,-73.5,-79.8,5.742,0,0.0,-0.46,310.005,1.0557,34.5,0.0,91.543,0.0,0
46806,-0.512,75.586,0.0,0.0,-1.633,18.506,-72.5,-80.10000000000001,5.742,0,-1.0,-0.5,310.005,0.39590000000000003,34.410000000000004,0.0,90.742,0.0,0
46806,-0.341,75.586,0.0,0.0,-1.633,17.913700000000002,-72.4,-80.10000000000001,5.742,0,-1.0,-0.465,309.915,0.0,34.410000000000004,0.0,89.941,0.0,0
46806,-0.341,75.586,0.0,0.0,-1.633,17.3362,-57.6,-80.10000000000001,5.742,0,-1.0,-0.46,310.14000000000004,2.3754,33.9,0.0,89.16000000000001,0.0,0
46806,-0.341,75.586,0.0,0.0,-1.633,16.778000000000002,-54.2,-80.10000000000001,5.742,0,0.0,-0.46,310.005,-1.3196,33.12,0.0,88.35900000000001,0.0,0
46806,-0.341,75.586,0.0,0.0,-1.633,16.2289,-53.5,-79.8,5.742,0,0.0,-0.49,310.005,2.9032,32.49,0.0,87.559,0.0,0
46806,-0.341,75.586,0.0,0.0,-1.633,15.6791,-53.6,-80.10000000000001,5.742,0,-1.0,-0.47000000000000003,310.005,-1.4846000000000001,32.88,0.0,86.75800000000001,0.0,0
46806,-0.512,75.586,0.0,0.0,-1.633,15.151200000000001,-49.5,-80.3,5.742,0,-1.0,-0.485,310.005,-2.2434000000000003,33.9,0.0,85.95700000000001,0.0,0
46806,-0.341,75.586,0.0,0.0,-1.633,14.6426,-49.5,-79.8,5.742,0,0.0,-0.46,310.005,0.0,34.92,0.0,85.156,0.0,0
46806,-0.341,75.586,0.0,0.0,-1.633,14.134,-50.1,-80.3,5.742,0,-1.0,-0.47000000000000003,309.915,-1.5836000000000001,35.58,0.0,84.355,0.0,0
46806,-0.341,75.586,0.0,0.0,-1.633,13.6362,-45.7,-80.10000000000001,5.742,0,-1.0,-0.485,310.005,5.0147,35.67,0.0,83.555,0.0,0
46806,-0.341,75.586,0.0,0.0,-1.633,13.167300000000001,-45.7,-80.10000000000001,5.742,0,-1.0,-0.47500000000000003,310.005,0.7918000000000001,35.76,0.0,82.754,0.0,0
46806,-0.682,75.586,0.0,0.0,-1.633,13.1217,-45.6,-80.10000000000001,5.742,0,0.0,-0.47500000000000003,310.005,0.5279,35.67,0.0,82.676,0.0,0
46806,-0.682,75.586,0.0,0.0,-1.633,12.652800000000001,-45.7,-79.8,5.742,0,0.0,-0.47000000000000003,310.005,-3.8435,34.71,0.0,81.875,0.0,0
46806,-0.512,75.586,0.0,0.0,-1.633,12.187100000000001,-42.5,-80.3,5.742,0,0.0,-0.47500000000000003,310.005,0.0,34.62,0.0,81.074,0.0,0
46806,-0.341,75.586,0.0,0.0,-1.633,11.756300000000001,-42.5,-79.8,5.742,0,-1.0,-0.48,310.23,3.5878,34.980000000000004,0.0,80.27300000000001,0.0,0
46806,-0.341,75.586,0.0,0.0,-1.633,11.3261,-42.0,-80.3,5.742,0,0.0,-0.47500000000000003,309.915,-0.0495,35.37,0.0,79.473,0.0,0
46806,-0.512,75.586,0.0,0.0,-1.633,10.8953,-42.0,-80.10000000000001,5.742,0,-1.0,-0.47500000000000003,310.005,-2.4413,35.64,0.0,78.672,0.0,0
46806,-0.341,75.586,0.0,0.0,-1.633,10.494200000000001,-38.4,-80.60000000000001,5.742,0,-1.0,-0.47000000000000003,309.915,-2.2516000000000003,35.01,0.0,77.87100000000001,0.0,0
46806,0.0,75.586,0.0,0.0,-1.633,10.1,-38.4,-79.8,5.742,0,0.0,-0.485,310.14000000000004,5.1219,33.45,0.0,77.07000000000001,0.0,0
46806,-0.341,75.586,0.0,0.0,-1.633,9.7063,-38.4,-79.8,5.742,0,-1.0,-0.45,310.005,-1.3196,32.67,0.0,76.27000000000001,0.0,0
46806,-0.341,75.586,0.0,0.0,-1.633,9.3308,-35.0,-80.3,5.742,0,-1.0,-0.47500000000000003,310.005,0.8578,32.82,0.0,75.46900000000001,0.0,0
46806,-0.682,75.586,0.0,0.0,-1.633,8.971400000000001,-35.0,-80.3,5.742,0,-1.0,-0.47000000000000003,310.005,0.42060000000000003,33.99,0.0,74.668,0.0,0
46806,-0.512,75.586,0.0,0.0,-1.633,8.6119,-35.0,-80.60000000000001,5.742,0,0.0,-0.49,309.915,-2.7053000000000003,35.46,0.0,73.867,0.0,0
46806,-0.341,75.586,0.0,0.0,-1.633,8.2614,-32.2,-80.10000000000001,5.742,0,0.0,-0.465,310.005,-0.6598,35.82,0.0,73.066,0.0,0
46806,-0.341,75.586,0.0,0.0,-1.633,7.9355,-31.8,-80.10000000000001,5.742,0,-1.0,-0.465,309.915,-0.7753,35.67,0.0,72.266,0.0,0
46806,-0.341,75.586,0.0,0.0,-1.633,7.6092,-31.8,-80.10000000000001,5.742,0,-1.0,-0.455,310.005,0.7753,35.910000000000004,0.0,71.465,0.0,0
46806,-0.341,75.586,0.0,0.0,-1.633,7.282900000000001,-31.8,-80.60000000000001,5.742,0,-1.0,-0.48,310.14000000000004,2.8125,35.22,0.0,70.664,0.0,0
46806,-0.171,75.586,0.0,0.0,-1.633,6.9878,-28.700000000000003,-80.60000000000001,5.742,0,-1.0,-0.49,310.005,6.7797,34.95,0.0,69.863,0.0,0
46806,-0.682,75.586,0.0,0.0,-1.633,6.6932,-28.700000000000003,-79.8,5.742,0,-1.0,-0.47500000000000003,310.005,-0.5938,34.29,0.0,69.063,0.0,0
46806,-0.341,75.586,0.0,0.0,-1.633,6.3982,-28.700000000000003,-80.10000000000001,5.742,0,-1.0,-0.465,310.005,-1.4269,34.05,0.0,68.262,0.0,0
46806,-0.512,75.586,0.0,0.0,-1.633,6.3695,-28.700000000000003,-79.8,5.742,0,-1.0,-0.455,310.005,-1.4846000000000001,34.05,0.0,68.184,0.0,0
46806,-0.341,75.586,0.0,0.0,-1.633,6.098800000000001,-25.8,-80.10000000000001,5.742,0,0.0,-0.47000000000000003,310.005,2.6393,34.14,0.0,67.38300000000001,0.0,0
46806,-0.512,75.586,0.0,0.0,-1.633,5.8333,-25.900000000000002,-80.60000000000001,5.742,0,-1.0,-0.47000000000000003,310.005,-3.6950000000000003,33.660000000000004,0.0,66.58200000000001,0.0,0
46806,-0.341,75.586,0.0,0.0,-1.633,5.5679,-25.8,-80.10000000000001,5.742,0,-2.0,-0.48,310.005,-3.0352,34.2,0.0,65.781,0.0,0
46806,-0.512,75.586,0.0,0.0,-1.633,5.3178,-23.400000000000002,-79.8,5.742,0,0.0,-0.455,310.14000000000004,3.0682,33.78,0.0,64.98,0.0,0
46806,-0.341,75.586,0.0,0.0,-1.633,5.0804,-23.1,-80.10000000000001,5.742,0,0.0,-0.46,310.14000000000004,5.2786,34.83,0.0,64.18,0.0,0
46806,-0.341,75.586,0.0,0.0,-1.633,4.842700000000001,-23.200000000000003,-80.3,5.742,0,-1.0,-0.48,310.005,-1.0557,35.46,0.0,63.379000000000005,0.0,0
46806,-0.171,75.586,0.0,0.0,-1.633,4.6123,-20.6,-79.8,5.742,0,0.0,-0.46,310.14000000000004,-0.9238000000000001,35.64,0.0,62.578,0.0,0
46806,-0.682,75.586,0.0,0.0,-1.633,4.4005,-20.6,-80.10000000000001,5.742,0,-2.0,-0.48,310.14000000000004,0.7918000000000001,35.46,0.0,61.777,0.0,0
46806,-0.512,75.586,0.0,0.0,-1.633,4.189,-20.7,-80.10000000000001,5.742,0,0.0,-0.455,310.14000000000004,2.5073000000000003,35.76,0.0,60.977000000000004,0.0,0
46806,-0.512,75.586,0.0,0.0,-1.633,3.9775,-20.400000000000002,-80.3,5.742,0,-1.0,-0.465,310.005,1.9465000000000001,35.13,0.0,60.176,0.0,0
46806,-0.682,75.586,0.0,0.0,-1.633,3.7899000000000003,-18.3,-80.3,5.742,0,0.0,-0.47000000000000003,310.005,-3.563,35.13,0.0,59.375,0.0,0
46806,-0.512,75.586,0.0,0.0,-1.633,3.6023,-18.3,-80.3,5.742,0,-1.0,-0.47500000000000003,310.005,-4.651800000000001,34.65,0.0,58.574000000000005,0.0,0
46806,-0.341,75.586,0.0,0.0,-1.633,3.4148,-18.5,-79.8,5.742,0,-2.0,-0.48,310.005,1.7155,34.59,0.0,57.773,0.0,0
46806,-0.341,75.586,0.0,0.0,-1.633,3.2439,-16.1,-80.10000000000001,5.742,0,0.0,-0.47000000000000003,310.14000000000004,4.1239,34.56,0.0,56.973000000000006,0.0,0
46806,-0.512,75.586,0.0,0.0,-1.633,3.0787,-16.1,-80.3,5.742,0,0.0,-0.465,309.915,-3.0352,34.86,0.0,56.172000000000004,0.0,0
46806,-0.341,75.586,0.0,0.0,-1.633,2.9135,-16.1,-79.8,5.742,0,0.0,-0.47500000000000003,310.005,-3.6950000000000003,34.230000000000004,0.0,55.371,0.0,0
46806,-0.341,75.586,0.0,0.0,-1.633,2.7579000000000002,-14.100000000000001,-79.8,5.742,0,-1.0,-0.47500000000000003,310.005,-1.9795,33.660000000000004,0.0,54.57,0.0,0
46806,-0.341,75.586,0.0,0.0,-1.633,2.6135,-14.100000000000001,-79.8,5.742,0,-1.0,-0.465,310.005,0.9897,34.17,0.0,53.77,0.0,0
46806,-0.171,75.586,0.0,0.0,-1.633,2.4690000000000003,-14.100000000000001,-80.10000000000001,5.742,0,-1.0,-0.47500000000000003,310.005,0.0,35.43,0.0,52.969,0.0,0
46806,-0.512,75.586,0.0,0.0,-1.633,2.3281,-12.200000000000001,-80.3,5.742,0,0.0,-0.46,310.005,0.0,36.54,0.0,52.168,0.0,0
46806,-0.341,75.586,0.0,0.0,-1.633,2.2024,-12.3,-80.10000000000001,5.742,0,-1.0,-0.47500000000000003,309.915,-3.8270000000000004,37.11,0.0,51.367000000000004,0.0,0
46806,-0.341,75.586,0.0,0.0,-1.633,2.0768,-12.4,-80.10000000000001,5.742,0,0.0,-0.47500000000000003,310.005,-0.5279,37.17,0.0,50.566,0.0,0
46806,-0.341,75.586,0.0,0.0,-1.633,1.9513,-12.3,-79.8,5.742,0,-1.0,-0.455,310.14000000000004,7.522,36.6,0.0,49.766000000000005,0.0,0
46806,-0.341,75.586,0.0,0.0,-1.633,1.8416000000000001,-10.5,-79.60000000000001,5.742,0,-1.0,-0.46,310.005,3.3651,35.49,0.0,48.965,0.0,0
46806,-0.512,75.586,0.0,0.0,-1.633,1.8310000000000002,-10.6,-79.8,5.742,0,-1.0,-0.46,310.005,2.2269,35.49,0.0,48.887,0.0,0
46806,-0.682,75.586,0.0,0.0,-1.633,1.7226000000000001,-10.6,-80.3,5.742,0,0.0,-0.455,309.915,-2.0949,34.800000000000004,0.0,48.086000000000006,0.0,0
46806,-0.341,75.586,0.0,0.0,-1.633,1.6143,-10.5,-80.10000000000001,5.742,0,-1.0,-0.455,310.14000000000004,0.6598,34.32,0.0,47.285000000000004,0.0,0
46806,-0.341,75.586,0.0,0.0,-1.633,1.5176,-9.1,-79.60000000000001,5.742,0,-1.0,-0.49,310.005,0.19790000000000002,34.32,0.0,46.484,0.0,0
46806,-0.512,75.586,0.0,0.0,-1.633,1.425,-9.0,-80.3,5.742,0,-1.0,-0.47500000000000003,310.005,0.3547,34.83,0.0,45.684000000000005,0.0,0
46806,-0.171,75.586,0.0,0.0,-1.633,1.3323,-9.0,-79.60000000000001,5.742,0,0.0,-0.47500000000000003,310.005,0.6186,34.71,0.0,44.883,0.0,0
46806,-0.853,75.586,0.0,0.0,-1.633,1.2463,-9.6,-80.3,5.742,0,0.0,-0.46,310.005,0.9897,35.01,0.0,44.082,0.0,0
46806,-0.171,75.586,0.0,0.0,-1.633,1.1676,-9.700000000000001,-80.10000000000001,5.742,0,-1.0,-0.465,310.14000000000004,3.9342,35.43,0.0,43.281,0.0,0
46806,-0.341,75.586,0.0,0.0,-1.633,1.089,-9.6,-79.8,5.742,0,-1.0,-0.465,310.005,1.4104,35.730000000000004,0.0,42.480000000000004,0.0,0
46806,-0.341,75.586,0.0,0.0,-1.633,1.0130000000000001,-8.0,-80.10000000000001,5.742,0,-2.0,-0.48,310.14000000000004,-0.6186,35.88,0.0,41.68,0.0,0
46806,-0.682,75.586,0.0,0.0,-1.633,0.9501000000000001,-4.9,-73.7,5.742,0,-1.0,-0.47000000000000003,309.915,-2.4001,35.7,0.0,40.918,0.0,0
46806,-0.341,75.586,0.0,0.0,-1.21,0.8986000000000001,-3.2,-50.800000000000004,5.742,0,-1.0,-0.45,310.14000000000004,0.1072,35.67,0.0,40.293,0.0,0
46806,-0.512,75.586,0.0,0.0,-1.3920000000000001,0.868,-1.6,-26.700000000000003,5.742,0,-1.0,-0.46,310.005,-3.2744,36.27,0.0,39.922000000000004,0.0,0
46806,-0.341,75.586,0.0,0.0,-0.908,0.8535,-1.6,-9.4,5.742,0,-1.0,-0.46,310.005,0.4454,36.54,0.0,39.746,0.0,0
46806,-0.512,75.586,0.0,0.0,-0.06,0.8438,-3.2,-26.1,5.742,0,-1.0,-0.48,310.005,-0.5938,36.12,0.0,39.629000000000005,0.0,0
46806,-0.341,75.586,0.0,0.0,0.726,0.7846000000000001,-9.3,-135.0,5.742,0,0.0,-0.31,310.005,-1.9795,34.89,0.0,38.848,0.0,0
46806,-0.853,75.586,0.0,0.0,6.474,0.632,-21.400000000000002,-298.0,5.742,0,8.0,-0.49,310.005,-1.7815,33.57,0.0,36.621,0.0,0
46806,-1.0230000000000001,75.586,0.0,0.0,45.071,0.42710000000000004,-21.400000000000002,-454.40000000000003,5.742,0,1.0,-0.455,310.005,2.5733,33.03,0.0,32.754000000000005,0.0,0
46806,-0.171,75.586,0.0,0.0,120.693,0.2356,-15.700000000000001,-553.6,5.742,0,1.0,-0.505,310.14000000000004,2.7465,33.9,0.0,27.617,0.0,0
46806,-0.171,75.586,0.0,0.0,276.537,0.10840000000000001,-9.6,-565.1,5.742,0,-1.0,-0.445,310.005,2.1774,35.04,0.0,21.953,0.0,0
46806,0.0,75.586,0.0,0.0,355.85,0.0414,-4.9,-535.8000000000001,5.742,0,0.0,-0.435,310.005,-1.1629,35.76,0.0,16.426000000000002,0.0,0
46806,-0.341,75.586,0.0,0.0,423.607,0.012400000000000001,-1.8,-436.6,5.742,0,2.0,-0.20500000000000002,310.005,2.5321000000000002,36.57,0.0,11.563,0.0,0
46806,-0.341,75.586,0.0,0.0,443.511,0.0024000000000000002,-0.6,-289.1,5.742,0,1.0,-0.395,310.23,3.6125000000000003,36.39,0.0,7.988,0.0,0
46806,-0.341,75.586,0.0,0.0,454.159,0.0006000000000000001,-0.1,-141.3,5.742,0,-1.0,-0.20500000000000002,310.23,-1.5588000000000002,36.18,0.0,5.938000000000001,0.0,0
46806,-0.341,75.586,0.0,0.0,455.12600000000003,0.0,0.0,-39.4,5.742,0,-1.0,-0.41500000000000004,310.14000000000004,0.0825,35.7,0.0,5.1370000000000005,0.0,0
46806,-0.171,75.586,0.0,0.0,455.12600000000003,0.0,0.0,-32.5,5.742,0,-3.0,-0.44,310.14000000000004,1.4516,35.76,0.0,5.117,0.0,0
46806,-0.341,75.586,0.0,0.0,454.824,0.0,0.0,-4.8,5.742,0,-2.0,-0.375,310.14000000000004,2.4413,35.76,0.0,4.98,0.0,0
46806,-0.341,75.586,0.0,0.0,454.401,0.0,0.0,0.7000000000000001,5.742,0,-1.0,-0.375,310.14000000000004,-0.5279,35.94,0.0,4.941,0.0,0
46806,-0.682,75.586,0.0,0.0,453.91700000000003,0.0,0.0,2.0,5.742,0,-1.0,-0.37,310.14000000000004,-2.3754,35.88,0.0,4.98,0.0,0
46806,-0.341,75.586,0.5,0.0,454.098,0.0,0.0,-0.2,5.742,0,0.0,-0.34500000000000003,310.14000000000004,1.5836000000000001,35.160000000000004,0.0,4.98,0.0,0
46806,-0.171,75.586,0.0,0.0,454.401,0.0,0.0,0.0,5.742,0,-2.0,-0.38,310.14000000000004,-0.7918000000000001,34.980000000000004,0.0,4.98,0.0,0
46806,-0.341,75.586,0.5,0.0,454.461,0.0,0.0,0.0,5.742,0,-1.0,-0.355,310.23,1.4516,36.03,0.0,4.98,0.0,0
46806,-0.341,75.586,0.0,0.0,453.978,0.0,0.0,0.0,5.742,0,-1.0,-0.37,310.14000000000004,0.5279,83.04,0.0,4.98,0.0,0
46806,-0.341,75.586,0.0,0.0,453.55400000000003,0.0,0.0,0.0,5.742,0,-2.0,-0.38,310.005,-1.8475000000000001,113.64,0.0,4.98,0.0,0
46806,-0.341,75.586,0.0,0.0,453.372,0.0,0.0,0.0,5.742,0,-2.0,-0.385,310.005,-0.8908,83.88,0.0,4.98,0.0,0
46806,-0.341,75.586,0.0,0.0,453.432,0.0,0.0,0.0,5.742,0,0.0,-0.39,309.915,-5.938400000000001,208.05,3.5859713554382324,4.98,0.0,0
46806,-0.341,75.586,-0.5,0.0,453.675,0.0,0.0,0.0,5.742,0,-2.0,-0.35000000000000003,310.14000000000004,-3.0022,67.62,3.5859713554382324,4.98,0.0,0
46806,-0.341,75.586,0.5,0.0,453.372,0.0,0.0,0.0,5.742,0,-1.0,-0.42,310.005,1.9795,4.38,3.5859713554382324,4.98,0.0,0
46806,-0.341,75.586,0.0,0.0,453.009,0.0,0.0,0.0,5.742,0,-2.0,-0.375,310.14000000000004,4.0579,0.18,3.5859713554382324,4.98,0.0,0
46806,-0.341,75.586,0.0,0.0,453.009,0.0,0.0,0.0,5.742,0,-1.0,-0.4,310.14000000000004,1.5836000000000001,0.0,3.5859713554382324,4.98,0.0,0
46806,0.0,75.586,-0.5,0.0,452.767,0.0,0.0,0.0,5.742,0,-1.0,-0.355,310.14000000000004,3.8600000000000003,0.0,3.5859713554382324,4.98,0.0,0
46806,-0.341,75.586,-0.5,0.0,453.19100000000003,0.0,0.0,0.0,5.742,0,-2.0,-0.37,310.14000000000004,0.0,67.86,6.372034072875977,4.98,0.0,0
46806,-0.341,75.586,0.0,0.0,453.432,0.0,0.0,0.0,5.742,0,-2.0,-0.375,310.14000000000004,-1.5836000000000001,331.92,6.372034072875977,4.98,0.0,0
46806,-0.341,75.586,0.0,0.0,453.19100000000003,0.0,0.0,0.0,5.742,0,-2.0,-0.395,310.005,-4.3548,630.0600000000001,8.67074203491211,4.98,0.0,0
46806,-0.341,75.586,0.5,0.0,453.31100000000004,0.0,0.0,0.0,5.742,0,-2.0,-0.385,310.005,-1.4846000000000001,930.0,13.14655590057373,4.98,0.0,0
46806,0.0,75.586,0.0,0.0,453.372,0.0,0.0,0.0,5.742,0,-2.0,-0.37,310.005,-2.3754,1230.0,18.5878963470459,4.98,0.0,0
46806,0.512,75.586,0.0,0.0,453.19100000000003,0.0,0.0,0.0,5.742,0,-1.0,-0.365,310.14000000000004,3.8600000000000003,1464.1200000000001,21.98576545715332,4.98,0.0,0
46806,1.0230000000000001,75.586,0.0,0.0,452.52500000000003,0.0,0.0,0.0,5.742,0,-1.0,-0.41000000000000003,310.14000000000004,3.9589000000000003,1500.3600000000001,26.317495346069336,4.98,0.0,0
46806,1.5350000000000001,75.586,0.0,0.0,452.52500000000003,0.0,0.0,0.2,5.742,0,-2.0,-0.405,309.915,-6.5323,1394.19,30.965261459350586,4.98,0.0,0
46806,1.705,75.586,0.0,0.0,451.981,0.0,0.0,0.2,5.742,0,-2.0,-0.375,309.915,-6.8622000000000005,1213.41,34.82388687133789,4.98,0.0,0
46806,1.705,75.586,0.0,0.0,451.497,0.0,0.0,-0.2,5.742,0,-1.0,-0.37,309.915,-4.0579,1042.98,35.44645690917969,4.98,0.0,0
46806,2.217,75.586,0.0,0.0,451.37600000000003,0.0,0.0,-0.2,5.742,0,0.0,-0.37,309.825,-4.486800000000001,861.36,35.44645690917969,4.98,0.0,0
46806,2.5580000000000003,75.586,0.0,0.0,451.43600000000004,0.0,0.0,0.0,5.742,0,0.0,-0.39,309.915,-0.5279,593.64,35.44645690917969,4.98,0.0,0
46806,2.387,75.586,0.0,0.0,451.43600000000004,0.0,0.0,0.0,5.742,0,0.0,-0.315,309.915,-0.2639,560.1,35.44645690917969,4.98,0.0,0
46806,2.387,75.586,0.0,0.0,451.37600000000003,0.0,0.0,0.0,5.742,0,-2.0,-0.37,309.915,-3.1012,260.73,35.44645690917969,4.98,0.0,0
46806,2.387,75.586,0.0,0.0,451.134,0.0,0.0,0.0,5.742,0,-2.0,-0.36,309.825,-3.2331000000000003,131.22,35.44645690917969,4.98,0.0,0
46806,2.217,75.586,0.0,0.0,450.771,0.0,0.0,0.0,5.742,0,-2.0,-0.395,309.69,-1.2124000000000001,-480.0,35.44645690917969,4.98,0.0,0
46806,2.0460000000000003,75.586,0.0,0.0,450.831,0.0,0.0,0.0,5.742,0,-2.0,-0.385,309.825,-0.8825000000000001,-480.0,35.44645690917969,4.98,0.0,0
46806,1.8760000000000001,75.586,0.0,0.0,451.01300000000003,0.0,0.0,0.0,5.742,0,-1.0,-0.385,309.915,1.2372,-480.0,35.44645690917969,4.98,0.0,0
46806,2.387,75.586,-0.5,0.0,450.831,0.0,0.0,0.0,5.742,0,-2.0,-0.36,309.915,3.7445000000000004,-480.0,35.44645690917969,4.98,0.0,0
46806,3.411,75.586,-1.5,0.0,450.831,0.0,0.0,0.0,5.742,0,0.0,-0.335,309.825,0.19790000000000002,-479.34000000000003,35.44645690917969,4.98,0.0,0
46806,6.48,75.566,-2.5,0.0,450.831,0.0,0.0,0.0,5.742,0,0.0,-0.38,309.915,-0.34640000000000004,-189.99,35.44645690917969,4.98,0.0,0
46806,6.821,75.547,-1.5,0.0,450.65000000000003,0.0,0.0,0.0,5.742,0,1.0,-0.355,309.825,-3.8765,287.88,35.44645690917969,4.98,0.0,0
46806,6.992,75.537,-1.5,0.0,450.831,0.0,0.0,0.0,5.742,0,4.0,-0.41000000000000003,309.69,-3.7198,188.70000000000002,35.44645690917969,4.98,0.0,0
46806,6.48,75.518,-1.5,0.0,450.831,0.0,0.0,0.0,5.742,0,2.0,-0.365,309.915,-0.9238000000000001,-11.040000000000001,35.44645690917969,4.98,0.0,0
46806,6.992,75.498,-2.0,0.0,450.469,0.0,0.0,0.0,5.742,0,0.0,-0.39,309.69,2.8372,-195.33,35.44645690917969,4.98,0.0,0
46806,6.821,75.498,-2.0,0.0,450.469,0.0,0.0,0.0,5.742,0,0.0,-0.36,309.69,1.4516,-202.59,35.44645690917969,4.98,0.0,0
46806,6.992,75.488,-2.0,0.0,450.59000000000003,0.0,0.0,0.0,5.742,0,1.0,-0.355,309.825,1.7485000000000002,-114.45,35.44645690917969,4.98,0.0,0
46806,6.992,75.46900000000001,-1.5,0.0,450.65000000000003,0.0,0.0,0.0,5.742,0,0.0,-0.42,309.69,-6.0704,25.98,35.44645690917969,4.98,0.0,0
46806,7.333,75.449,-1.5,0.0,450.831,0.0,0.0,0.0,5.742,0,0.0,-0.41000000000000003,309.915,1.6826,111.9,35.44645690917969,4.98,0.0,0
46806,6.992,75.43900000000001,-1.0,0.0,450.831,0.0,0.0,0.0,5.742,0,1.0,-0.35000000000000003,309.825,1.9795,129.54,35.44645690917969,4.98,0.0,0
46806,7.162,75.42,-1.5,0.0,450.831,0.0,0.0,0.0,5.742,0,1.0,-0.335,309.825,0.9567,105.48,35.44645690917969,4.98,0.0,0
46806,7.333,75.4,-2.0,0.0,450.65000000000003,0.0,0.0,0.0,5.742,0,0.0,-0.41000000000000003,309.825,-1.8475000000000001,62.82,35.44645690917969,4.98,0.0,0
46806,7.162,75.391,-1.5,0.0,450.28700000000003,0.0,0.0,0.0,5.742,0,0.0,-0.39,309.825,-2.3754,27.84,35.44645690917969,4.98,0.0,0
46806,7.162,75.37100000000001,-1.5,0.0,450.28700000000003,0.0,0.0,0.0,5.742,0,0.0,-0.375,309.915,1.4516,7.62,35.44645690917969,4.98,0.0,0
46806,6.821,75.352,-1.5,0.0,450.22700000000003,0.0,0.0,0.0,5.742,0,0.0,-0.405,309.825,2.1114,5.46,35.44645690917969,4.98,0.0,0
46806,6.992,75.33200000000001,-1.5,0.0,450.28700000000003,0.0,0.0,0.0,5.742,0,0.0,-0.39,309.69,-3.563,14.370000000000001,35.44645690917969,4.98,0.0,0
46806,7.162,75.322,-1.5,0.0,450.59000000000003,0.0,0.0,0.0,5.742,0,0.0,-0.375,309.825,-1.7815,26.88,35.44645690917969,4.98,0.0,0
46806,7.162,75.303,-2.0,0.0,450.529,0.0,0.0,0.0,5.742,0,1.0,-0.37,309.825,1.1877,36.39,35.44645690917969,4.98,0.0,0
46806,6.992,75.283,-1.5,0.0,450.348,0.0,0.0,0.0,5.742,0,0.0,-0.37,309.69,-1.5836000000000001,41.13,35.44645690917969,4.98,0.0,0
46806,7.333,75.27300000000001,-1.5,0.0,450.28700000000003,0.0,0.0,0.0,5.742,0,0.0,-0.355,309.825,0.5279,41.7,35.44645690917969,4.98,0.0,0
46806,7.503,75.254,-1.5,0.0,450.166,0.0,0.0,0.2,5.742,0,0.0,-0.34500000000000003,309.915,2.8372,39.39,35.44645690917969,4.98,0.0,0
46806,7.333,75.23400000000001,-2.5,0.0,450.469,0.0,0.0,0.0,5.742,0,0.0,-0.395,309.69,-3.1672000000000002,36.75,35.44645690917969,4.98,0.0,0
46806,7.503,75.22500000000001,-1.5,0.0,450.59000000000003,0.0,0.0,0.0,5.742,0,0.0,-0.33,309.825,0.2639,35.07,35.44645690917969,4.98,0.0,0
46806,7.333,75.205,-1.5,0.0,450.529,0.0,0.0,0.0,5.742,0,1.0,-0.38,309.825,1.5836000000000001,34.71,35.44645690917969,4.98,0.0,0
46806,7.503,75.186,-2.5,0.0,450.22700000000003,0.0,0.0,0.2,5.742,0,0.0,-0.31,309.915,2.4743,34.65,35.44645690917969,4.98,0.0,0
46806,7.503,75.176,-1.5,0.0,450.28700000000003,0.0,0.0,0.2,5.742,0,1.0,-0.375,309.825,0.5279,35.19,35.44645690917969,4.98,0.0,0
46806,7.162,75.156,-1.5,0.0,449.98400000000004,0.0,0.0,0.0,5.742,0,0.0,-0.39,309.825,-2.1114,36.0,35.44645690917969,4.98,0.0,0
46806,7.162,75.156,-1.5,0.0,449.98400000000004,0.0,0.0,-0.2,5.742,0,0.0,-0.355,309.825,-2.3754,36.12,35.44645690917969,4.98,0.0,0
46806,7.844,75.137,-2.0,0.0,450.166,0.0,0.0,0.0,5.742,0,1.0,-0.41000000000000003,309.825,-4.0084,36.63,35.44645690917969,4.98,0.0,0
46806,7.333,75.117,-1.5,0.0,450.045,0.0,0.0,0.0,5.742,0,1.0,-0.4,309.825,-0.5938,36.87,35.44645690917969,4.98,0.0,0
46806,7.844,75.107,-2.0,0.0,449.98400000000004,0.0,0.0,0.2,5.742,0,1.0,-0.34,309.825,1.3856000000000002,36.45,35.44645690917969,4.98,0.0,0
46806,7.333,75.08800000000001,-1.5,0.0,450.166,0.0,0.0,0.2,5.742,0,0.0,-0.41000000000000003,309.825,0.767,35.76,35.44645690917969,4.98,0.0,0
46806,7.333,75.068,-1.0,0.0,450.28700000000003,0.0,0.0,0.0,5.742,0,0.0,-0.42,309.825,0.0,34.800000000000004,35.44645690917969,4.98,0.0,0
46806,7.503,75.059,-2.0,0.0,450.28700000000003,0.0,0.0,0.2,5.742,0,1.0,-0.375,309.825,1.4516,34.2,35.44645690917969,4.98,0.0,0
46806,7.844,75.039,-1.0,0.0,450.28700000000003,0.0,0.0,0.0,5.742,0,0.0,-0.35000000000000003,309.915,0.6433,34.410000000000004,35.44645690917969,4.98,0.0,0
46806,7.674,75.02000000000001,-2.0,0.0,449.863,0.0,0.0,0.0,5.742,0,0.0,-0.36,309.915,1.1712,35.1,35.44645690917969,4.98,0.0,0
46806,7.674,75.01,-1.5,0.0,449.98400000000004,0.0,0.0,0.0,5.742,0,0.0,-0.34500000000000003,309.825,0.2639,35.94,35.44645690917969,4.98,0.0,0
46806,7.844,74.99000000000001,-1.5,0.0,450.166,0.0,0.0,-0.2,5.742,0,1.0,-0.425,309.915,0.5114000000000001,37.230000000000004,35.44645690917969,4.98,0.0,0
46806,7.674,74.971,-2.0,0.0,449.682,0.0,0.0,0.0,5.742,0,1.0,-0.34500000000000003,309.825,-4.998200000000001,37.050000000000004,35.44645690917969,4.98,0.0,0
46806,7.503,74.961,-2.0,0.0,449.98400000000004,0.0,0.0,0.0,5.742,0,0.0,-0.39,309.825,-2.2434000000000003,36.45,35.44645690917969,4.98,0.0,0
46806,7.844,74.941,-1.5,0.0,449.98400000000004,0.0,0.0,0.2,5.742,0,0.0,-0.365,309.825,-2.2269,36.12,35.44645690917969,4.98,0.0,0
46806,7.333,74.922,-1.5,0.0,449.92400000000004,0.0,0.0,0.0,5.742,0,1.0,-0.395,309.825,0.37120000000000003,36.15,35.44645690917969,4.98,0.0,0
46806,8.015,74.902,-1.5,0.0,449.803,0.0,0.0,0.0,5.742,0,0.0,-0.375,309.825,3.563,35.67,35.44645690917969,4.98,0.0,0
46806,7.503,74.893,-1.5,0.0,449.98400000000004,0.0,0.0,0.2,5.742,0,0.0,-0.38,309.69,-1.3856000000000002,35.19,35.44645690917969,4.98,0.0,0
46806,7.844,74.873,-1.5,0.0,449.62100000000004,0.0,0.0,0.0,5.742,0,0.0,-0.38,309.69,-0.0412,34.800000000000004,35.44645690917969,4.98,0.0,0
46806,7.333,74.854,-1.5,0.0,449.56100000000004,0.0,0.0,0.0,5.742,0,0.0,-0.405,309.69,-0.7011000000000001,35.1,35.44645690917969,4.98,0.0,0
46806,7.674,74.854,-1.0,0.0,449.56100000000004,0.0,0.0,0.0,5.742,0,0.0,-0.34500000000000003,309.69,-1.1877,35.01,35.44645690917969,4.98,0.0,0
46806,7.844,74.84400000000001,-1.5,0.0,449.742,0.0,0.0,0.0,5.742,0,0.0,-0.365,309.825,1.4846000000000001,35.4,35.44645690917969,4.98,0.0,0
46806,7.674,74.824,-1.0,0.0,449.56100000000004,0.0,0.0,0.0,5.742,0,0.0,-0.43,309.825,3.6950000000000003,35.88,35.44645690917969,4.98,0.0,0
46806,7.844,74.805,-1.5,0.0,449.56100000000004,0.0,0.0,0.0,5.742,0,1.0,-0.375,309.69,-1.5836000000000001,36.03,35.44645690917969,4.98,0.0,0
46806,7.844,74.785,-2.0,0.0,449.863,0.0,0.0,0.0,5.742,0,0.0,-0.385,309.915,-2.6393,36.0,35.44645690917969,4.98,0.0,0
46806,7.503,74.775,-2.0,0.0,450.166,0.0,0.0,0.0,5.742,0,0.0,-0.37,309.825,1.3196,35.94,35.44645690917969,4.98,0.0,0
46806,7.674,74.756,-2.0,0.0,449.92400000000004,0.0,0.0,0.0,5.742,0,1.0,-0.335,309.825,3.9589000000000003,35.730000000000004,35.44645690917969,4.98,0.0,0
46806,7.844,74.736,-1.5,0.0,449.803,0.0,0.0,0.0,5.742,0,1.0,-0.395,309.69,-2.4743,35.61,35.44645690917969,4.98,0.0,0
46806,7.674,74.727,-2.0,0.0,449.92400000000004,0.0,0.0,0.0,5.742,0,0.0,-0.405,309.825,-1.1877,35.160000000000004,35.44645690917969,4.98,0.0,0
46806,8.015,74.70700000000001,-2.0,0.0,450.166,0.0,0.0,0.0,5.742,0,0.0,-0.405,309.69,0.3629,35.01,35.44645690917969,4.98,0.0,0
46806,7.844,74.688,-1.0,0.0,450.106,0.0,0.0,0.0,5.742,0,0.0,-0.36,309.69,-1.4516,34.68,35.44645690917969,4.98,0.0,0
46806,7.674,74.678,-1.5,0.0,449.742,0.0,0.0,0.0,5.742,0,0.0,-0.27,309.69,-1.4846000000000001,34.230000000000004,35.44645690917969,4.98,0.0,0
46806,7.674,74.658,-1.5,0.0,449.682,0.0,0.0,0.0,5.742,0,0.0,-0.395,309.69,1.5836000000000001,33.9,35.44645690917969,4.98,0.0,0
46806,7.674,74.63900000000001,-1.0,0.0,449.803,0.0,0.0,0.0,5.742,0,0.0,-0.455,309.69,-1.0557,33.9,35.44645690917969,4.98,0.0,0
46806,7.844,74.629,-1.5,0.0,449.56100000000004,0.0,0.0,0.0,5.742,0,0.0,-0.395,309.69,0.0,34.56,35.44645690917969,4.98,0.0,0
46806,7.844,74.60900000000001,-2.0,0.0,449.682,0.0,0.0,0.0,5.742,0,0.0,-0.405,309.825,2.5403000000000002,35.67,35.44645690917969,4.98,0.0,0
46806,7.674,74.59,-2.0,0.0,449.742,0.0,0.0,0.0,5.742,0,1.0,-0.355,309.825,0.39590000000000003,36.33,35.44645690917969,4.98,0.0,0
46806,7.674,74.58,-2.0,0.0,449.742,0.0,0.0,0.0,5.742,0,0.0,-0.41000000000000003,309.915,0.8908,36.21,35.44645690917969,4.98,0.0,0
46806,7.844,74.561,-1.0,0.0,449.5,0.0,0.0,0.0,5.742,0,0.0,-0.4,309.825,4.0909,36.36,35.44645690917969,4.98,0.0,0
46806,7.844,74.541,-2.0,0.0,449.803,0.0,0.0,0.0,5.742,0,0.0,-0.42,309.825,0.5279,36.9,35.44645690917969,4.98,0.0,0
46806,7.844,74.531,-2.0,0.0,449.56100000000004,0.0,0.0,0.0,5.742,0,1.0,-0.3,309.825,-3.4311000000000003,36.24,35.44645690917969,4.98,0.0,0
46806,7.674,74.512,-1.5,0.0,449.92400000000004,0.0,0.0,0.0,5.742,0,0.0,-0.36,309.915,0.9897,35.7,35.44645690917969,4.98,0.0,0
46806,7.503,74.492,-1.5,0.0,449.803,0.0,0.0,0.0,5.742,0,0.0,-0.395,309.69,-1.7155,35.43,35.44645690917969,4.98,0.0,0
46806,7.844,74.473,-2.5,0.0,449.62100000000004,0.0,0.0,0.0,5.742,0,0.0,-0.405,309.825,-2.3754,34.71,35.44645690917969,4.98,0.0,0
46806,7.674,74.46300000000001,-2.0,0.0,449.803,0.0,0.0,0.0,5.742,0,0.0,-0.395,309.825,-0.6598,34.410000000000004,35.44645690917969,4.98,0.0,0
46806,8.185,74.443,-2.0,0.0,449.379,0.0,0.0,0.0,5.742,0,0.0,-0.43,309.825,1.4846000000000001,33.45,35.44645690917969,4.98,0.0,0
46806,7.844,74.424,-1.0,0.0,449.803,0.0,0.0,0.0,5.742,0,0.0,-0.4,309.825,0.6598,33.87,35.44645690917969,4.98,0.0,0
46806,8.015,74.414,-2.0,0.0,450.045,0.0,0.0,0.0,5.742,0,0.0,-0.445,309.825,-0.2639,35.37,35.44645690917969,4.98,0.0,0
46806,8.015,74.39500000000001,-2.0,0.0,449.682,0.0,0.0,0.0,5.742,0,0.0,-0.37,309.915,0.2639,36.45,35.44645690917969,4.98,0.0,0
46806,8.015,74.375,-1.5,0.0,449.742,0.0,0.0,0.0,5.742,0,0.0,-0.305,309.915,5.476500000000001,36.57,35.44645690917969,4.98,0.0,0
46806,7.844,74.36500000000001,-2.0,0.0,449.92400000000004,0.0,0.0,0.0,5.742,0,0.0,-0.355,309.69,0.7918000000000001,36.63,35.44645690917969,4.98,0.0,0
46806,8.015,74.355,-1.5,0.0,449.863,0.0,0.0,0.0,5.742,0,1.0,-0.38,309.915,1.1712,36.660000000000004,35.44645690917969,4.98,0.0,0
46806,8.015,74.346,-1.5,0.0,449.62100000000004,0.0,0.0,0.0,5.742,0,0.0,-0.35000000000000003,309.69,-2.862,37.02,35.44645690917969,4.98,0.0,0
46806,8.527000000000001,74.32600000000001,-2.0,0.0,449.56100000000004,0.0,0.0,0.0,5.742,0,0.0,-0.41500000000000004,309.915,-0.5279,36.39,35.44645690917969,4.98,0.0,0
46806,8.015,74.307,-1.5,0.0,449.44,0.0,0.0,0.0,5.742,0,0.0,-0.33,309.69,-1.9795,35.67,35.44645690917969,4.98,0.0,0
46806,7.844,74.297,-2.5,0.0,449.56100000000004,0.0,0.0,0.0,5.742,0,0.0,-0.34,309.915,1.5423,35.79,35.44645690917969,4.98,0.0,0
46806,8.356,74.277,-2.0,0.0,449.319,0.0,0.0,0.0,5.742,0,0.0,-0.4,309.825,-2.6228000000000002,36.18,35.44645690917969,4.98,0.0,0
46806,8.185,74.25800000000001,-1.0,0.0,449.56100000000004,0.0,0.0,0.0,5.742,0,0.0,-0.34500000000000003,309.915,0.6186,36.09,35.44645690917969,4.98,0.0,0
46806,8.185,74.248,-1.5,0.0,449.44,0.0,0.0,0.0,5.742,0,1.0,-0.4,309.69,-3.3404000000000003,35.43,35.44645690917969,4.98,0.0,0
46806,8.527000000000001,74.229,-1.5,0.0,449.56100000000004,0.0,0.0,0.0,5.742,0,0.0,-0.37,309.825,-3.3651,34.410000000000004,35.44645690917969,4.98,0.0,0
46806,8.527000000000001,74.209,-1.0,0.0,449.803,0.0,0.0,0.0,5.742,0,0.0,-0.39,309.825,1.2537,34.08,35.44645690917969,4.98,0.0,0
46806,8.527000000000001,74.199,-1.5,0.0,449.92400000000004,0.0,0.0,0.0,5.742,0,0.0,-0.39,309.69,3.563,34.92,35.44645690917969,4.98,0.0,0
46806,8.527000000000001,74.18,-2.0,0.0,449.56100000000004,0.0,0.0,0.0,5.742,0,1.0,-0.335,309.825,-1.3856000000000002,36.75,35.44645690917969,4.98,0.0,0
46806,8.356,74.16,-2.0,0.0,449.56100000000004,0.0,0.0,0.0,5.742,0,0.0,-0.37,309.825,0.5279,37.44,35.44645690917969,4.98,0.0,0
46806,8.356,74.15,-1.5,0.0,449.62100000000004,0.0,0.0,0.0,5.742,0,0.0,-0.38,309.825,3.1672000000000002,37.17,35.44645690917969,4.98,0.0,0
46806,8.527000000000001,74.131,-1.5,0.0,449.379,0.0,0.0,0.0,5.742,0,0.0,-0.375,309.915,1.699,35.97,35.44645690917969,4.98,0.0,0
46806,8.697000000000001,74.111,-2.0,0.0,449.62100000000004,0.0,0.0,0.0,5.742,0,1.0,-0.34500000000000003,309.69,-1.1464,35.88,35.44645690917969,4.98,0.0,0
46806,8.868,74.102,-2.0,0.0,449.62100000000004,0.0,0.0,0.0,5.742,0,0.0,-0.375,309.825,1.5836000000000001,35.49,35.44645690917969,4.98,0.0,0
46806,8.697000000000001,74.08200000000001,-1.5,0.0,449.44,0.0,0.0,0.0,5.742,0,0.0,-0.38,309.69,-5.1714,35.64,35.44645690917969,4.98,0.0,0
46806,8.868,74.063,-1.5,0.0,449.379,0.0,0.0,0.0,5.742,0,0.0,-0.365,309.69,-2.5073000000000003,36.6,35.44645690917969,4.98,0.0,0
46806,8.868,74.043,-2.0,0.0,449.682,0.0,0.0,0.0,5.742,0,0.0,-0.26,309.825,1.0722,35.910000000000004,35.44645690917969,4.98,0.0,0
46806,9.209,74.033,-1.5,0.0,449.803,0.0,0.0,0.0,5.742,0,0.0,-0.385,309.915,4.0497000000000005,34.83,35.44645690917969,4.98,0.0,0
46806,9.209,74.01400000000001,-2.0,0.0,449.5,0.0,0.0,0.0,5.742,0,0.0,-0.4,309.825,0.5938,34.38,35.44645690917969,4.98,0.0,0
46806,9.209,74.01400000000001,-1.0,0.0,449.5,0.0,0.0,0.0,5.742,0,0.0,-0.41000000000000003,309.825,0.9238000000000001,34.35,35.44645690917969,4.98,0.0,0
46806,9.209,73.994,-1.5,0.0,449.56100000000004,0.0,0.0,0.0,5.742,0,1.0,-0.44,309.825,-0.5279,34.230000000000004,35.44645690917969,4.98,0.0,0
46806,9.209,73.98400000000001,-2.0,0.0,449.379,0.0,0.0,0.0,5.742,0,0.0,-0.35000000000000003,309.825,0.132,35.4,35.44645690917969,4.98,0.0,0
46806,9.209,73.965,-1.5,0.0,449.319,0.0,0.0,0.0,5.742,0,0.0,-0.375,309.825,-3.9589000000000003,35.61,35.44645690917969,4.98,0.0,0
46806,9.55,73.94500000000001,-1.5,0.0,449.44,0.0,0.0,0.0,5.742,0,1.0,-0.4,309.69,-4.7507,35.88,35.44645690917969,4.98,0.0,0
46806,9.55,73.936,-1.0,0.0,449.5,0.0,0.0,0.0,5.742,0,0.0,-0.32,309.915,1.7815,37.11,35.44645690917969,4.98,0.0,0
46806,9.72,73.916,-1.5,0.0,449.62100000000004,0.0,0.0,0.0,5.742,0,0.0,-0.41000000000000003,309.825,1.5836000000000001,36.93,35.44645690917969,4.98,0.0,0
46806,10.061,73.896,-2.0,0.0,449.44,0.0,0.0,0.0,5.742,0,0.0,-0.395,309.825,2.5403000000000002,36.27,35.44645690917969,4.98,0.0,0
46806,10.573,73.87700000000001,-2.0,0.0,449.44,0.0,0.0,0.0,5.742,0,0.0,-0.4,309.6,-3.1672000000000002,35.61,35.44645690917969,4.98,0.0,0
46806,10.402000000000001,73.867,-2.0,0.0,449.98400000000004,0.0,0.0,0.0,5.742,0,1.0,-0.32,309.69,-1.2207000000000001,35.13,35.44645690917969,4.98,0.0,0
46806,10.743,73.848,-1.0,0.0,449.803,0.0,0.0,0.0,5.742,0,0.0,-0.395,309.69,-1.7155,34.56,35.44645690917969,4.98,0.0,0
46806,10.743,73.828,-1.5,0.0,449.62100000000004,0.0,0.0,0.0,5.742,0,0.0,-0.365,309.69,-1.3856000000000002,34.74,35.44645690917969,4.98,0.0,0
46806,10.743,73.818,-1.5,0.0,449.742,0.0,0.0,0.0,5.742,0,0.0,-0.3,309.825,0.7918000000000001,34.800000000000004,35.44645690917969,4.98,0.0,0
46806,11.596,73.799,-1.5,0.0,449.62100000000004,0.0,0.0,0.0,5.742,0,0.0,-0.38,309.825,3.8600000000000003,34.56,35.44645690917969,4.98,0.0,0
46806,12.108,73.77900000000001,-1.5,0.0,449.62100000000004,0.0,0.0,0.0,5.742,0,0.0,-0.41000000000000003,309.825,3.0352,34.62,35.44645690917969,4.98,0.0,0
46806,12.108,73.77000000000001,-2.0,0.0,449.62100000000004,0.0,0.0,0.0,5.742,0,0.0,-0.39,309.825,0.0,34.83,35.44645690917969,4.98,0.0,0
46806,12.619,73.75,-2.0,0.0,449.803,0.0,0.0,0.0,5.742,0,0.0,-0.365,309.825,-2.2434000000000003,35.61,35.44645690917969,4.98,0.0,0
46806,12.790000000000001,73.73,-1.5,0.0,449.98400000000004,0.0,0.0,0.0,5.742,0,0.0,-0.32,309.915,-2.9692000000000003,36.54,35.44645690917969,4.98,0.0,0
46806,13.301,73.721,-1.5,0.0,449.92400000000004,0.0,0.0,0.0,5.742,0,1.0,-0.435,309.69,-0.39590000000000003,37.2,35.44645690917969,4.98,0.0,0
46806,13.301,73.711,-1.5,0.0,449.92400000000004,0.0,0.0,0.0,5.742,0,1.0,-0.38,309.915,0.5773,37.2,35.44645690917969,4.98,0.0,0
46806,13.813,73.70100000000001,-2.0,0.0,449.44,0.0,0.0,0.0,5.742,0,0.0,-0.395,309.915,0.7093,36.54,35.44645690917969,4.98,0.0,0
46806,13.983,73.682,-1.5,0.0,449.319,0.0,0.0,0.0,5.742,0,0.0,-0.4,309.825,-2.5568,36.57,35.44645690917969,4.98,0.0,0
46806,14.666,73.662,-2.0,0.0,449.44,0.0,0.0,0.0,5.742,0,0.0,-0.385,309.825,-0.42060000000000003,36.09,35.44645690917969,4.98,0.0,0
46806,14.836,73.652,-1.5,0.0,449.56100000000004,0.0,0.0,0.0,5.742,0,1.0,-0.385,309.825,-0.0495,35.550000000000004,35.44645690917969,4.98,0.0,0
46806,15.348,73.63300000000001,-1.5,0.0,449.44,0.0,0.0,0.0,5.742,0,0.0,-0.385,309.69,-1.3856000000000002,35.58,35.44645690917969,4.98,0.0,0
46806,15.859,73.613,-1.0,0.0,449.62100000000004,0.0,0.0,0.0,5.742,0,1.0,-0.41500000000000004,309.69,-1.7568000000000001,34.92,35.44645690917969,4.98,0.0,0
46806,16.371,73.604,-2.0,0.0,449.319,0.0,0.0,0.0,5.742,0,1.0,-0.375,309.825,-0.39590000000000003,34.53,35.44645690917969,4.98,0.0,0
46806,16.882,73.584,-2.0,0.0,449.44,0.0,0.0,0.0,5.742,0,1.0,-0.37,309.825,0.9650000000000001,34.77,35.44645690917969,4.98,0.0,0
46806,17.394000000000002,73.56400000000001,-1.5,0.0,449.44,0.0,0.0,0.0,5.742,0,1.0,-0.36,309.825,2.7713,34.74,35.44645690917969,4.98,0.0,0
46806,17.394000000000002,73.555,-2.0,0.0,449.379,0.0,0.0,0.0,5.742,0,0.0,-0.38,309.915,0.9073,35.550000000000004,35.44645690917969,4.98,0.0,0
46806,18.076,73.535,-1.5,0.0,449.319,0.0,0.0,0.0,5.742,0,1.0,-0.39,309.915,0.3794,36.36,35.44645690917969,4.98,0.0,0
46806,18.247,73.516,-1.5,0.0,449.379,0.0,0.0,0.0,5.742,0,1.0,-0.375,309.915,0.9732000000000001,36.660000000000004,35.44645690917969,4.98,0.0,0
46806,19.27,73.506,-1.5,0.0,449.44,0.0,0.0,0.0,5.742,0,1.0,-0.4,309.915,-0.2144,36.42,35.44645690917969,4.98,0.0,0
46806,19.611,73.486,-1.5,0.0,449.13800000000003,0.0,0.0,0.0,5.742,0,0.0,-0.335,309.915,-1.6496000000000002,36.12,35.44645690917969,4.98,0.0,0
46806,20.293,73.467,-2.0,0.0,449.44,0.0,0.0,0.0,5.742,0,0.0,-0.31,309.915,-0.0825,36.36,35.44645690917969,4.98,0.0,0
46806,20.464000000000002,73.45700000000001,-1.5,0.0,449.803,0.0,0.0,0.0,5.742,0,1.0,-0.34,309.825,2.2599,36.18,35.44645690917969,4.98,0.0,0
46806,21.146,73.438,-1.5,0.0,449.682,0.0,0.0,0.0,5.742,0,1.0,-0.375,309.825,-0.5938,36.09,35.44645690917969,4.98,0.0,0
46806,21.487000000000002,73.418,-1.5,0.0,449.319,0.0,0.0,0.0,5.742,0,1.0,-0.375,309.69,-3.9837000000000002,35.7,35.44645690917969,4.98,0.0,0
46806,21.998,73.408,-1.5,0.0,449.44,0.0,0.0,0.0,5.742,0,1.0,-0.355,309.825,-1.1877,34.59,35.44645690917969,4.98,0.0,0
46806,22.339000000000002,73.38900000000001,-1.0,0.0,449.56100000000004,0.0,0.0,0.0,5.742,0,2.0,-0.265,309.915,3.2166,33.480000000000004,35.44645690917969,4.98,0.0,0
46806,22.851,73.369,-1.5,0.0,449.5,0.0,0.0,0.0,5.742,0,1.0,-0.37,309.825,4.0909,33.72,35.44645690917969,4.98,0.0,0
46806,23.192,73.35900000000001,-2.0,0.0,449.319,0.0,0.0,0.0,5.742,0,1.0,-0.385,309.825,2.5733,33.63,35.44645690917969,4.98,0.0,0
46806,23.874,73.34,-2.0,0.0,449.44,0.0,0.0,0.0,5.742,0,1.0,-0.4,309.825,-4.0084,35.1,35.44645690917969,4.98,0.0,0
46806,24.386,73.32000000000001,-1.0,0.0,449.319,0.0,0.0,0.0,5.742,0,2.0,-0.365,309.825,-2.5073000000000003,36.42,35.44645690917969,4.98,0.0,0
46806,24.386,73.32000000000001,-1.5,0.0,449.319,0.0,0.0,0.0,5.742,0,2.0,-0.365,309.825,-2.3754,36.51,35.44645690917969,4.98,0.0,0
46806,25.238,73.301,-2.5,0.0,449.319,0.0,0.0,0.0,5.742,0,1.0,-0.37,309.69,-1.4516,36.660000000000004,35.44645690917969,4.98,0.0,0
46806,25.75,73.291,-2.0,0.0,449.56100000000004,0.0,0.0,0.0,5.742,0,2.0,-0.385,309.825,0.2639,36.21,35.44645690917969,4.98,0.0,0
46806,25.921,73.271,-1.5,0.0,449.742,0.0,0.0,0.0,5.742,0,1.0,-0.36,309.825,0.9238000000000001,35.25,35.44645690917969,4.98,0.0,0
46806,26.603,73.25200000000001,-1.5,0.0,449.258,0.0,0.0,0.0,5.742,0,1.0,-0.34,309.825,-1.6826,35.4,35.44645690917969,4.98,0.0,0
46806,26.944,73.242,-1.5,0.0,449.319,0.0,0.0,0.0,5.742,0,1.0,-0.355,309.69,-2.3754,35.88,35.44645690917969,4.98,0.0,0
46806,27.114,73.223,-1.5,0.0,449.56100000000004,0.0,0.0,0.0,5.742,0,2.0,-0.41500000000000004,309.825,1.5836000000000001,35.67,35.44645690917969,4.98,0.0,0
46806,27.796,73.203,-1.5,0.0,449.258,0.0,0.0,0.0,5.742,0,2.0,-0.4,309.69,-1.5836000000000001,34.980000000000004,35.44645690917969,4.98,0.0,0
46806,28.308,73.193,-1.5,0.0,449.13800000000003,0.0,0.0,0.0,5.742,0,1.0,-0.4,309.825,2.2764,34.47,35.44645690917969,4.98,0.0,0
46806,28.308,73.174,-1.5,0.0,449.319,0.0,0.0,0.0,5.742,0,1.0,-0.35000000000000003,309.6,-3.1672000000000002,33.21,35.44645690917969,4.98,0.0,0
46806,28.82,73.15400000000001,-1.5,0.0,449.017,0.0,0.0,0.0,5.742,0,1.0,-0.35000000000000003,309.915,0.099,32.730000000000004,35.44645690917969,4.98,0.0,0
46806,28.990000000000002,73.135,-1.0,0.0,448.83500000000004,0.0,0.0,0.0,5.742,0,1.0,-0.395,309.915,5.938400000000001,33.36,35.44645690917969,4.98,0.0,0
46806,28.990000000000002,73.125,-1.5,0.0,449.44,0.0,0.0,0.0,5.742,0,1.0,-0.38,309.69,-0.5938,35.13,35.44645690917969,4.98,0.0,0
46806,29.672,73.105,-2.0,0.0,449.19800000000004,0.0,0.0,0.0,5.742,0,2.0,-0.305,309.915,-2.9032,36.69,35.44645690917969,4.98,0.0,0
46806,30.184,73.086,-2.0,0.0,449.13800000000003,0.0,0.0,0.0,5.742,0,2.0,-0.39,309.825,2.7053000000000003,36.33,35.44645690917969,4.98,0.0,0
46806,30.013,73.07600000000001,-2.0,0.0,449.258,0.0,0.0,0.0,5.742,0,1.0,-0.36,309.825,1.9795,35.7,35.44645690917969,4.98,0.0,0
46806,30.695,73.057,-1.0,0.0,449.319,0.0,0.0,0.0,5.742,0,2.0,-0.365,309.825,0.066,35.25,35.44645690917969,4.98,0.0,0
46806,30.695,73.037,-1.5,0.0,449.13800000000003,0.0,0.0,0.0,5.742,0,2.0,-0.37,309.825,-2.2434000000000003,35.22,35.44645690917969,4.98,0.0,0
46806,31.036,73.027,-2.0,0.0,449.13800000000003,0.0,0.0,0.0,5.742,0,2.0,-0.375,309.825,-0.5279,35.04,35.44645690917969,4.98,0.0,0
46806,31.889,73.00800000000001,-2.0,0.0,449.13800000000003,0.0,0.0,0.0,5.742,0,2.0,-0.39,309.825,1.7155,35.13,35.44645690917969,4.98,0.0,0
46806,32.230000000000004,72.988,-2.0,0.0,449.13800000000003,0.0,0.0,0.0,5.742,0,3.0,-0.36,309.915,0.9897,35.49,35.44645690917969,4.98,0.0,0
46806,32.571,72.979,-2.0,0.0,449.258,0.0,0.0,0.0,5.742,0,1.0,-0.385,309.825,-0.9238000000000001,34.410000000000004,35.44645690917969,4.98,0.0,0
46806,32.912,72.959,-1.0,0.0,449.19800000000004,0.0,0.0,0.0,5.742,0,2.0,-0.38,309.825,-3.9589000000000003,33.75,35.44645690917969,4.98,0.0,0
46806,33.594,72.93900000000001,-1.5,0.0,449.19800000000004,0.0,0.0,0.0,5.742,0,1.0,-0.385,309.825,-0.2639,33.45,35.44645690917969,4.98,0.0,0
46806,33.935,72.93,-2.0,0.0,449.13800000000003,0.0,0.0,0.0,5.742,0,0.0,-0.38,309.825,4.2229,33.39,35.44645690917969,4.98,0.0,0
46806,34.106,72.92,-2.0,0.0,449.13800000000003,0.0,0.0,0.0,5.742,0,2.0,-0.425,309.825,4.1569,33.45,35.44645690917969,4.98,0.0,0
46806,34.618,72.91,-2.0,0.0,449.258,0.0,0.0,0.0,5.742,0,2.0,-0.385,309.825,1.4516,34.47,35.44645690917969,4.98,0.0,0
46806,35.47,72.891,-1.5,0.0,449.077,0.0,0.0,0.0,5.742,0,2.0,-0.385,309.825,-2.5073000000000003,35.730000000000004,35.44645690917969,4.98,0.0,0
46806,35.47,72.87100000000001,-1.5,0.0,448.956,0.0,0.0,0.0,5.742,0,2.0,-0.37,309.825,-0.9238000000000001,36.54,35.44645690917969,4.98,0.0,0
46806,36.152,72.861,-1.5,0.0,449.017,0.0,0.0,0.0,5.742,0,4.0,-0.325,309.69,-2.664,36.36,35.44645690917969,4.98,0.0,0
46806,36.493,72.842,-2.0,0.0,449.13800000000003,0.0,0.0,0.0,5.742,0,0.0,-0.34,309.825,-2.7713,35.85,35.44645690917969,4.98,0.0,0
46806,37.346000000000004,72.822,-1.0,0.0,448.77500000000003,0.0,0.0,0.0,5.742,0,0.0,-0.38,309.915,2.6228000000000002,34.89,35.44645690917969,4.98,0.0,0
46806,37.346000000000004,72.813,-1.5,0.0,449.13800000000003,0.0,0.0,0.0,5.742,0,4.0,-0.395,309.915,5.435300000000001,34.89,35.44645690917969,4.98,0.0,0
46806,38.369,72.793,-1.5,0.0,449.13800000000003,0.0,0.0,0.0,5.742,0,3.0,-0.36,309.825,0.8578,34.74,35.44645690917969,4.98,0.0,0
46806,39.051,72.77300000000001,-1.0,0.0,448.896,0.0,0.0,0.0,5.742,0,5.0,-0.355,309.825,-0.6433,34.74,35.44645690917969,4.98,0.0,0
46806,39.392,72.76400000000001,-1.0,0.0,448.77500000000003,0.0,0.0,0.0,5.742,0,4.0,-0.4,309.915,1.2537,34.14,35.44645690917969,4.98,0.0,0
46806,39.734,72.744,-1.5,0.0,449.017,0.0,0.0,0.0,5.742,0,1.0,-0.38,309.825,2.0455,33.42,35.44645690917969,4.98,0.0,0
46806,40.586,72.72500000000001,-1.5,0.0,448.77500000000003,0.0,0.0,0.0,5.742,0,3.0,-0.36,309.915,0.5279,33.12,35.44645690917969,4.98,0.0,0
46806,40.586,72.715,-2.0,0.0,448.956,0.0,0.0,0.0,5.742,0,3.0,-0.32,309.825,0.5444,33.39,35.44645690917969,4.98,0.0,0
46806,41.268,72.69500000000001,-1.5,0.0,449.13800000000003,0.0,0.0,0.0,5.742,0,4.0,-0.335,309.69,-4.1321,33.6,35.44645690917969,4.98,0.0,0
46806,41.78,72.676,-1.5,0.0,448.593,0.0,0.0,0.0,5.742,0,2.0,-0.41000000000000003,309.825,-2.6888,35.19,35.44645690917969,4.98,0.0,0
46806,42.291000000000004,72.666,-2.0,0.0,448.77500000000003,0.0,0.0,0.0,5.742,0,2.0,-0.275,309.825,-1.3196,36.36,35.44645690917969,4.98,0.0,0
46806,42.633,72.646,-2.0,0.0,448.956,0.0,0.0,0.0,5.742,0,4.0,-0.34500000000000003,309.69,-0.2639,36.03,35.44645690917969,4.98,0.0,0
46806,42.803000000000004,72.62700000000001,-2.0,0.0,448.956,0.0,0.0,0.0,5.742,0,2.0,-0.405,309.825,1.8475000000000001,36.03,35.44645690917969,4.98,0.0,0
46806,43.144,72.62700000000001,-1.0,0.0,448.956,0.0,0.0,0.0,5.742,0,2.0,-0.365,309.825,2.1114,36.0,35.44645690917969,4.98,0.0,0
46806,43.485,72.607,-1.0,0.0,448.77500000000003,0.0,0.0,0.0,5.742,0,3.0,-0.43,309.825,0.7918000000000001,35.13,35.44645690917969,4.98,0.0,0
46806,43.997,72.598,-1.5,0.0,448.896,0.0,0.0,0.0,5.742,0,2.0,-0.36,309.915,3.2991,34.26,35.44645690917969,4.98,0.0,0
46806,44.338,72.578,-1.5,0.0,448.714,0.0,0.0,0.0,5.742,0,2.0,-0.37,309.69,-3.3321,34.71,35.44645690917969,4.98,0.0,0
46806,44.679,72.559,-1.5,0.0,448.654,0.0,0.0,0.0,5.742,0,3.0,-0.375,309.825,-2.3754,34.86,35.44645690917969,4.98,0.0,0
46806,45.361000000000004,72.549,-2.0,0.0,448.714,0.0,0.0,0.0,5.742,0,2.0,-0.405,309.69,-4.0579,34.56,35.44645690917969,4.98,0.0,0
46806,45.873,72.52900000000001,-1.5,0.0,448.77500000000003,0.0,0.0,0.0,5.742,0,3.0,-0.41000000000000003,309.825,1.5836000000000001,34.5,35.44645690917969,4.98,0.0,0
46806,45.873,72.52900000000001,-2.0,0.0,448.77500000000003,0.0,0.0,0.0,5.742,0,3.0,-0.39,309.915,2.0702000000000003,34.410000000000004,35.44645690917969,4.98,0.0,0
46806,46.214,72.51,-2.0,0.0,448.593,0.0,0.0,0.0,5.742,0,3.0,-0.37,309.69,4.1157,33.69,35.44645690917969,4.98,0.0,0
46806,46.725,72.49000000000001,-1.5,0.0,448.654,0.0,0.0,0.0,5.742,0,3.0,-0.365,309.825,-3.5878,33.57,35.44645690917969,4.98,0.0,0
46806,47.407000000000004,72.48,-1.5,0.0,448.593,0.0,0.0,0.0,5.742,0,3.0,-0.4,309.825,-1.1217000000000001,33.6,35.44645690917969,4.98,0.0,0
46806,47.748,72.461,-1.5,0.0,448.41200000000003,0.0,0.0,0.0,5.742,0,3.0,-0.44,309.825,3.9342,34.65,35.44645690917969,4.98,0.0,0
46806,48.089,72.441,-2.0,0.0,448.47200000000004,0.0,0.0,0.0,5.742,0,3.0,-0.355,309.915,2.4001,35.31,35.44645690917969,4.98,0.0,0
46806,48.601,72.432,-1.5,0.0,448.77500000000003,0.0,0.0,0.0,5.742,0,3.0,-0.275,309.825,2.8372,36.21,35.44645690917969,4.98,0.0,0
46806,48.942,72.412,-1.5,0.0,448.896,0.0,0.0,0.0,5.742,0,3.0,-0.37,309.69,-4.9899000000000004,35.910000000000004,35.44645690917969,4.98,0.0,0
46806,49.624,72.393,-1.5,0.0,448.896,0.0,0.0,0.0,5.742,0,3.0,-0.34,309.825,-2.6228000000000002,36.21,35.44645690917969,4.98,0.0,0
46806,49.965,72.38300000000001,-1.5,0.0,448.896,0.0,0.0,0.0,5.742,0,2.0,-0.385,309.69,-1.5588000000000002,35.910000000000004,35.44645690917969,4.98,0.0,0
46806,50.477000000000004,72.363,-1.5,0.0,448.77500000000003,0.0,0.0,0.0,5.742,0,3.0,-0.355,309.915,-0.3052,34.980000000000004,35.44645690917969,4.98,0.0,0
46806,50.818,72.34400000000001,-2.0,0.0,448.77500000000003,0.0,0.0,0.0,5.742,0,3.0,-0.385,309.825,3.8930000000000002,34.11,35.44645690917969,4.98,0.0,0
46806,51.33,72.334,-1.5,0.0,448.47200000000004,0.0,0.0,0.0,5.742,0,3.0,-0.38,309.825,3.9342,34.230000000000004,35.44645690917969,4.98,0.0,0
46806,52.182,72.31400000000001,-2.0,0.0,448.47200000000004,0.0,0.0,0.0,5.742,0,3.0,-0.4,309.825,-1.7155,33.87,35.44645690917969,4.98,0.0,0
46806,52.182,72.295,-2.0,0.0,448.351,0.0,0.0,0.0,5.742,0,4.0,-0.395,309.825,0.0,33.69,35.44645690917969,4.98,0.0,0
46806,52.864000000000004,72.285,-1.5,0.0,448.593,0.0,0.0,0.0,5.742,0,3.0,-0.37,309.915,1.4351,34.65,35.44645690917969,4.98,0.0,0
46806,53.546,72.266,-1.5,0.0,448.77500000000003,0.0,0.0,0.0,5.742,0,3.0,-0.375,309.825,-1.1217000000000001,35.19,35.44645690917969,4.98,0.0,0
46806,53.888,72.24600000000001,-2.0,0.0,448.533,0.0,0.0,0.0,5.742,0,4.0,-0.35000000000000003,309.825,-0.46190000000000003,35.61,35.44645690917969,4.98,0.0,0
46806,54.229,72.236,-1.0,0.0,448.351,0.0,0.0,0.0,5.742,0,3.0,-0.37,309.915,-0.5279,35.550000000000004,35.44645690917969,4.98,0.0,0
46806,54.229,72.227,-2.0,0.0,448.291,0.0,0.0,0.0,5.742,0,2.0,-0.41000000000000003,309.915,0.7918000000000001,35.52,35.44645690917969,4.98,0.0,0
46806,54.399,72.217,-1.5,0.0,448.77500000000003,0.0,0.0,0.0,5.742,0,3.0,-0.355,309.825,-0.7918000000000001,35.79,35.44645690917969,4.98,0.0,0
46806,55.252,72.197,-2.0,0.0,448.714,0.0,0.0,0.0,5.742,0,4.0,-0.34500000000000003,309.69,-3.596,36.15,35.44645690917969,4.98,0.0,0
46806,55.422000000000004,72.178,-2.5,0.0,448.533,0.0,0.0,0.0,5.742,0,3.0,-0.385,309.69,-2.5073000000000003,36.33,35.44645690917969,4.98,0.0,0
46806,55.934000000000005,72.168,-1.5,0.0,448.41200000000003,0.0,0.0,0.0,5.742,0,2.0,-0.36,309.825,3.9589000000000003,36.27,35.44645690917969,4.98,0.0,0
46806,56.275,72.14800000000001,-1.5,0.0,448.533,0.0,0.0,0.0,5.742,0,2.0,-0.315,309.825,3.9589000000000003,36.09,35.44645690917969,4.98,0.0,0
46806,57.128,72.129,-2.0,0.0,448.714,0.0,0.0,0.0,5.742,0,3.0,-0.37,309.825,1.4846000000000001,34.980000000000004,35.44645690917969,4.98,0.0,0
46806,57.128,72.119,-1.5,0.0,448.77500000000003,0.0,0.0,0.0,5.742,0,4.0,-0.41000000000000003,309.915,0.5279,34.2,35.44645690917969,4.98,0.0,0
46806,57.980000000000004,72.10000000000001,-1.0,0.0,448.47200000000004,0.0,0.0,0.0,5.742,0,2.0,-0.4,309.825,0.5279,34.410000000000004,35.44645690917969,4.98,0.0,0
46806,57.980000000000004,72.08,-1.0,0.0,448.654,0.0,0.0,0.0,5.742,0,2.0,-0.375,309.825,-0.132,34.14,35.44645690917969,4.98,0.0,0
46806,58.492000000000004,72.07000000000001,-1.5,0.0,448.533,0.0,0.0,0.0,5.742,0,2.0,-0.355,309.825,0.3299,34.62,35.44645690917969,4.98,0.0,0
46806,59.003,72.051,-1.5,0.0,448.654,0.0,0.0,0.0,5.742,0,2.0,-0.36,309.825,-1.9795,35.52,35.44645690917969,4.98,0.0,0
46806,59.515,72.031,-1.0,0.0,448.83500000000004,0.0,0.0,0.0,5.742,0,4.0,-0.41000000000000003,309.825,-2.3754,36.78,35.44645690917969,4.98,0.0,0
46806,59.515,72.012,-1.5,0.0,448.956,0.0,0.0,0.0,5.742,0,6.0,-0.37,309.69,-3.1672000000000002,36.75,35.44645690917969,4.98,0.0,0
46806,60.027,72.00200000000001,-1.5,0.0,449.017,0.0,0.0,0.0,5.742,0,6.0,-0.38,309.825,0.7918000000000001,36.06,35.44645690917969,4.98,0.0,0
46806,60.197,71.982,-1.5,0.0,449.258,0.0,0.0,0.0,5.742,0,5.0,-0.385,309.825,3.8270000000000004,36.36,35.44645690917969,4.98,0.0,0
46806,61.050000000000004,71.96300000000001,-1.5,0.0,448.77500000000003,0.0,0.0,0.0,5.742,0,3.0,-0.34,309.825,4.3878,36.42,35.44645690917969,4.98,0.0,0
46806,61.22,71.953,-2.0,0.0,448.896,0.0,0.0,0.0,5.742,0,3.0,-0.395,309.69,-2.5073000000000003,35.67,35.44645690917969,4.98,0.0,0
46806,61.732,71.934,-1.5,0.0,448.77500000000003,0.0,0.0,0.0,5.742,0,4.0,-0.39,309.825,-1.8475000000000001,35.550000000000004,35.44645690917969,4.98,0.0,0
46806,61.902,71.914,-1.5,0.0,448.654,0.0,0.0,0.0,5.742,0,4.0,-0.4,309.69,-0.2639,35.01,35.44645690917969,4.98,0.0,0
46806,62.755,71.904,-1.5,0.0,448.533,0.0,0.0,0.0,5.742,0,2.0,-0.395,309.825,2.2764,34.65,35.44645690917969,4.98,0.0,0
46806,62.755,71.885,-2.0,0.0,448.533,0.0,0.0,0.0,5.742,0,3.0,-0.425,309.69,-2.6393,34.35,35.44645690917969,4.98,0.0,0
46806,63.267,71.86500000000001,-2.0,0.0,448.291,0.0,0.0,0.0,5.742,0,3.0,-0.365,309.825,-0.3629,33.72,35.44645690917969,4.98,0.0,0
46806,63.608000000000004,71.855,-2.0,0.0,448.47200000000004,0.0,0.0,0.0,5.742,0,5.0,-0.365,309.825,-0.7918000000000001,33.99,35.44645690917969,4.98,0.0,0
46806,63.949,71.836,-1.0,0.0,448.533,0.0,0.0,0.0,5.742,0,4.0,-0.3,309.825,1.4846000000000001,35.22,35.44645690917969,4.98,0.0,0
46806,64.29,71.816,-1.5,0.0,448.593,0.0,0.0,0.0,5.742,0,3.0,-0.38,309.69,0.5279,36.300000000000004,35.44645690917969,4.98,0.0,0
46806,64.801,71.807,-2.0,0.0,448.654,0.0,0.0,0.0,5.742,0,4.0,-0.35000000000000003,309.915,0.19790000000000002,36.45,35.44645690917969,4.98,0.0,0
46806,65.142,71.787,-1.5,0.0,448.533,0.0,0.0,0.0,5.742,0,4.0,-0.335,309.825,-1.3196,36.45,35.44645690917969,4.98,0.0,0
46806,65.313,71.787,-1.5,0.0,448.47200000000004,0.0,0.0,0.0,5.742,0,3.0,-0.34500000000000003,309.825,-1.1877,36.45,35.44645690917969,4.98,0.0,0
46806,65.484,71.768,-1.0,0.0,448.351,0.0,0.0,0.0,5.742,0,4.0,-0.355,309.825,0.3052,35.730000000000004,35.44645690917969,4.98,0.0,0
46806,65.825,71.748,-1.5,0.0,448.47200000000004,0.0,0.0,0.0,5.742,0,5.0,-0.405,309.825,0.7423000000000001,35.67,35.44645690917969,4.98,0.0,0
46806,66.336,71.738,-1.5,0.0,448.47200000000004,0.0,0.0,0.0,5.742,0,4.0,-0.41500000000000004,309.915,1.4351,36.0,35.44645690917969,4.98,0.0,0
46806,66.336,71.71900000000001,-1.5,0.0,448.593,0.0,0.0,0.0,5.742,0,4.0,-0.405,309.915,1.1712,36.45,35.44645690917969,4.98,0.0,0
46806,66.848,71.699,-1.5,0.0,448.593,0.0,0.0,0.0,5.742,0,4.0,-0.4,309.69,-0.43710000000000004,36.15,35.44645690917969,4.98,0.0,0
46806,67.359,71.68900000000001,-1.0,0.0,448.291,0.0,0.0,0.0,5.742,0,5.0,-0.375,309.825,-2.6888,34.980000000000004,35.44645690917969,4.98,0.0,0
46806,67.359,71.67,-1.5,0.0,448.47200000000004,0.0,0.0,0.0,5.742,0,4.0,-0.435,309.825,-1.9135000000000002,34.59,35.44645690917969,4.98,0.0,0
46806,67.871,71.65,-1.5,0.0,448.23,0.0,0.0,0.0,5.742,0,4.0,-0.39,309.825,3.3404000000000003,34.05,35.44645690917969,4.98,0.0,0
46806,68.212,71.641,-1.5,0.0,448.351,0.0,0.0,0.0,5.742,0,4.0,-0.39,309.915,1.3032000000000001,34.56,35.44645690917969,4.98,0.0,0
46806,68.553,71.62100000000001,-1.5,0.0,448.77500000000003,0.0,0.0,0.0,5.742,0,5.0,-0.38,309.69,-4.1321,35.7,35.44645690917969,4.98,0.0,0
46806,68.553,71.602,-1.0,0.0,448.47200000000004,0.0,0.0,0.0,5.742,0,4.0,-0.43,309.69,-3.3404000000000003,36.63,35.44645690917969,4.98,0.0,0
46806,68.894,71.592,-2.0,0.0,448.47200000000004,0.0,0.0,0.0,5.742,0,4.0,-0.39,309.825,1.4021000000000001,37.56,35.44645690917969,4.98,0.0,0
46806,68.894,71.572,-1.5,0.0,448.654,0.0,0.0,0.0,5.742,0,4.0,-0.36,309.69,1.3856000000000002,37.35,35.44645690917969,4.98,0.0,0
46806,69.235,71.553,-1.5,0.0,448.291,0.0,0.0,0.0,5.742,0,4.0,-0.39,309.915,1.9382000000000001,36.57,35.44645690917969,4.98,0.0,0
46806,69.57600000000001,71.533,-1.0,0.0,448.47200000000004,0.0,0.0,0.0,5.742,0,5.0,-0.39,309.69,0.5691,35.94,35.44645690917969,4.98,0.0,0
46806,69.917,71.52300000000001,-2.0,0.0,448.896,0.0,0.0,0.0,5.742,0,5.0,-0.34500000000000003,309.825,-2.3341000000000003,35.7,35.44645690917969,4.98,0.0,0
46806,70.258,71.504,-1.5,0.0,448.593,0.0,0.0,0.0,5.742,0,4.0,-0.3,309.69,-3.8682000000000003,36.24,35.44645690917969,4.98,0.0,0
46806,70.599,71.48400000000001,-1.5,0.0,448.47200000000004,0.0,0.0,0.0,5.742,0,5.0,-0.34,309.825,3.3404000000000003,36.03,35.44645690917969,4.98,0.0,0
46806,71.111,71.47500000000001,-1.5,0.0,448.593,0.0,0.0,0.0,5.742,0,5.0,-0.32,309.915,2.4249,35.22,35.44645690917969,4.98,0.0,0
46806,71.111,71.455,-1.5,0.0,448.291,0.0,0.0,0.0,5.742,0,4.0,-0.41500000000000004,309.69,2.0455,34.44,35.44645690917969,4.98,0.0,0
46806,71.452,71.436,-1.5,0.0,448.593,0.0,0.0,0.0,5.742,0,4.0,-0.385,309.69,-2.7465,34.11,35.44645690917969,4.98,0.0,0
46806,71.282,71.436,-1.5,0.0,448.593,0.0,0.0,0.0,5.742,0,4.0,-0.41000000000000003,309.69,-3.4311000000000003,34.17,35.44645690917969,4.98,0.0,0
46806,71.793,71.426,-1.5,0.0,448.593,0.0,0.0,0.0,5.742,0,4.0,-0.365,309.825,0.066,34.86,35.44645690917969,4.98,0.0,0
46806,71.964,71.406,-1.5,0.0,448.47200000000004,0.0,0.0,0.0,5.742,0,4.0,-0.37,309.915,4.2229,35.97,35.44645690917969,4.98,0.0,0
46806,72.47500000000001,71.387,-1.5,0.0,448.351,0.0,0.0,0.0,5.742,0,4.0,-0.36,309.825,1.4846000000000001,36.87,35.44645690917969,4.98,0.0,0
46806,72.47500000000001,71.37700000000001,-1.5,0.0,448.23,0.0,0.0,0.0,5.742,0,4.0,-0.39,309.825,-1.0557,37.68,35.44645690917969,4.98,0.0,0
46806,72.987,71.357,-2.0,0.0,448.169,0.0,0.0,0.0,5.742,0,5.0,-0.26,309.825,-2.5733,37.53,35.44645690917969,4.98,0.0,0
46806,73.157,71.33800000000001,-1.5,0.0,448.291,0.0,0.0,0.0,5.742,0,5.0,-0.39,309.915,-0.132,36.36,35.44645690917969,4.98,0.0,0
46806,73.669,71.318,-2.0,0.0,447.927,0.0,0.0,0.0,5.742,0,5.0,-0.44,309.69,-2.2764,35.28,35.44645690917969,4.98,0.0,0
46806,73.498,71.309,-1.5,0.0,448.291,0.0,0.0,0.0,5.742,0,5.0,-0.41000000000000003,309.69,-2.1114,35.37,35.44645690917969,4.98,0.0,0
46806,73.84,71.289,-2.0,0.0,448.47200000000004,0.0,0.0,0.0,5.742,0,4.0,-0.385,309.69,0.165,35.67,35.44645690917969,4.98,0.0,0
46806,73.84,71.27000000000001,-1.5,0.0,448.10900000000004,0.0,0.0,0.0,5.742,0,5.0,-0.34,309.915,3.2991,35.58,35.44645690917969,4.98,0.0,0
46806,74.351,71.26,-1.5,0.0,448.23,0.0,0.0,0.0,5.742,0,5.0,-0.35000000000000003,309.825,-1.4186,35.37,35.44645690917969,4.98,0.0,0
46806,74.522,71.24000000000001,-1.5,0.0,448.47200000000004,0.0,0.0,0.0,5.742,0,4.0,-0.4,309.825,2.3754,35.25,35.44645690917969,4.98,0.0,0
46806,74.863,71.221,-1.5,0.0,448.291,0.0,0.0,0.0,5.742,0,4.0,-0.395,309.69,-0.099,34.47,35.44645690917969,4.98,0.0,0
46806,75.20400000000001,71.211,-1.5,0.0,448.41200000000003,0.0,0.0,0.0,5.742,0,5.0,-0.365,309.915,0.6598,34.38,35.44645690917969,4.98,0.0,0
46806,75.374,71.191,-1.5,0.0,448.41200000000003,0.0,0.0,0.0,5.742,0,5.0,-0.37,309.825,-1.0557,34.68,35.44645690917969,4.98,0.0,0
46806,75.715,71.172,-2.0,0.0,448.351,0.0,0.0,0.0,5.742,0,4.0,-0.37,309.825,1.5836000000000001,36.12,35.44645690917969,4.98,0.0,0
46806,76.056,71.162,-2.0,0.0,448.10900000000004,0.0,0.0,0.0,5.742,0,5.0,-0.38,309.825,0.5938,36.75,35.44645690917969,4.98,0.0,0
46806,76.056,71.143,-1.5,0.0,448.47200000000004,0.0,0.0,0.0,5.742,0,5.0,-0.385,309.825,0.0,37.26,35.44645690917969,4.98,0.0,0
46806,76.056,71.123,-2.0,0.0,448.47200000000004,0.0,0.0,0.0,5.742,0,5.0,-0.45,309.825,-3.9589000000000003,36.9,35.44645690917969,4.98,0.0,0
46806,76.568,71.113,-1.5,0.0,448.47200000000004,0.0,0.0,0.0,5.742,0,4.0,-0.385,309.915,1.8475000000000001,36.24,35.44645690917969,4.98,0.0,0
46806,76.909,71.09400000000001,-1.0,0.0,448.47200000000004,0.0,0.0,0.0,5.742,0,6.0,-0.42,309.825,2.1114,35.160000000000004,35.44645690917969,4.98,0.0,0
46806,77.25,71.074,-2.0,0.0,448.47200000000004,0.0,0.0,0.0,5.742,0,4.0,-0.355,309.825,-1.1877,34.35,35.44645690917969,4.98,0.0,0
46806,77.932,71.06400000000001,-1.5,0.0,448.47200000000004,0.0,0.0,0.0,5.742,0,4.0,-0.38,309.825,2.1774,34.59,35.44645690917969,4.98,0.0,0
46806,78.614,71.045,-1.5,0.0,448.654,0.0,0.0,0.0,5.742,0,5.0,-0.39,309.69,-4.486800000000001,34.56,35.44645690917969,4.98,0.0,0
46806,78.614,71.025,-1.5,0.0,448.593,0.0,0.0,0.0,5.742,0,5.0,-0.4,309.825,-0.7918000000000001,34.38,35.44645690917969,4.98,0.0,0
46806,78.614,71.006,-1.5,0.0,448.47200000000004,0.0,0.0,0.0,5.742,0,4.0,-0.385,309.825,2.9032,34.38,35.44645690917969,4.98,0.0,0
46806,78.955,70.99600000000001,-1.5,0.0,448.533,0.0,0.0,0.0,5.742,0,5.0,-0.36,309.825,-1.6826,35.1,35.44645690917969,4.98,0.0,0
46806,79.296,70.99600000000001,-2.0,0.0,448.533,0.0,0.0,0.0,5.742,0,5.0,-0.35000000000000003,309.825,-2.3341000000000003,35.160000000000004,35.44645690917969,4.98,0.0,0
46806,79.808,70.977,-2.0,0.0,448.291,0.0,0.0,0.0,5.742,0,5.0,-0.375,309.825,0.5938,35.64,35.44645690917969,4.98,0.0,0
46806,80.149,70.95700000000001,-1.0,0.0,448.10900000000004,0.0,0.0,0.0,5.742,0,5.0,-0.355,309.825,2.5733,35.85,35.44645690917969,4.98,0.0,0
46806,80.49,70.947,-2.0,0.0,448.351,0.0,0.0,0.0,5.742,0,5.0,-0.365,309.69,-0.767,36.12,35.44645690917969,4.98,0.0,0
46806,81.172,70.928,-1.5,0.0,448.533,0.0,0.0,0.0,5.742,0,4.0,-0.385,309.915,0.0495,36.96,35.44645690917969,4.98,0.0,0
46806,81.343,70.908,-2.0,0.0,448.10900000000004,0.0,0.0,0.0,5.742,0,5.0,-0.35000000000000003,309.825,-0.5279,36.300000000000004,35.44645690917969,4.98,0.0,0
46806,82.196,70.89800000000001,-1.5,0.0,448.169,0.0,0.0,0.0,5.742,0,4.0,-0.28500000000000003,309.825,-0.066,36.6,35.44645690917969,4.98,0.0,0
46806,82.366,70.879,-1.5,0.0,448.47200000000004,0.0,0.0,0.0,5.742,0,5.0,-0.39,309.915,0.9897,35.85,35.44645690917969,4.98,0.0,0
46806,83.048,70.85900000000001,-1.5,0.0,448.654,0.0,0.0,0.0,5.742,0,4.0,-0.35000000000000003,309.825,3.2991,35.07,35.44645690917969,4.98,0.0,0
46806,83.389,70.85000000000001,-2.0,0.0,448.291,0.0,0.0,0.0,5.742,0,4.0,-0.35000000000000003,309.69,0.0907,35.25,35.44645690917969,4.98,0.0,0
46806,83.901,70.83,-1.5,0.0,448.47200000000004,0.0,0.0,0.0,5.742,0,5.0,-0.42,309.915,-0.7258,34.68,35.44645690917969,4.98,0.0,0
46806,84.242,70.811,-1.5,0.0,448.77500000000003,0.0,0.0,0.0,5.742,0,4.0,-0.365,309.825,-1.1877,33.9,35.44645690917969,4.98,0.0,0
46806,84.924,70.791,-1.0,0.0,448.77500000000003,0.0,0.0,0.0,5.742,0,4.0,-0.365,309.825,-2.0455,34.14,35.44645690917969,4.98,0.0,0
46806,84.753,70.791,-1.5,0.0,448.77500000000003,0.0,0.0,0.0,5.742,0,4.0,-0.33,309.825,-1.7155,34.11,35.44645690917969,4.98,0.0,0
46806,85.60600000000001,70.781,-1.5,0.0,448.77500000000003,0.0,0.0,0.0,5.742,0,4.0,-0.4,309.69,1.7485000000000002,34.56,35.44645690917969,4.98,0.0,0
46806,85.777,70.762,-1.5,0.0,448.593,0.0,0.0,0.0,5.742,0,4.0,-0.39,309.69,-1.9795,35.04,35.44645690917969,4.98,0.0,0
46806,86.459,70.742,-2.0,0.0,448.23,0.0,0.0,0.0,5.742,0,4.0,-0.37,309.69,-2.5403000000000002,35.61,35.44645690917969,4.98,0.0,0
46806,86.459,70.732,-1.5,0.0,448.47200000000004,0.0,0.0,0.0,5.742,0,5.0,-0.395,309.825,3.0352,36.09,35.44645690917969,4.98,0.0,0
46806,87.141,70.71300000000001,-2.5,0.0,448.77500000000003,0.0,0.0,0.0,5.742,0,5.0,-0.365,309.915,-0.165,36.39,35.44645690917969,4.98,0.0,0
46806,87.652,70.693,-2.0,0.0,448.654,0.0,0.0,0.0,5.742,0,4.0,-0.405,309.825,3.1672000000000002,36.51,35.44645690917969,4.98,0.0,0
46806,88.164,70.684,-1.5,0.0,448.351,0.0,0.0,0.0,5.742,0,4.0,-0.325,309.825,1.0557,36.24,35.44645690917969,4.98,0.0,0
46806,88.676,70.664,-1.5,0.0,448.048,0.0,0.0,0.0,5.742,0,5.0,-0.42,309.825,-1.8475000000000001,36.12,35.44645690917969,4.98,0.0,0
46806,89.017,70.64500000000001,-2.0,0.0,448.291,0.0,0.0,0.0,5.742,0,4.0,-0.43,309.825,-2.3754,35.910000000000004,35.44645690917969,4.98,0.0,0
46806,89.017,70.64500000000001,-2.0,0.0,448.291,0.0,0.0,0.0,5.742,0,4.0,-0.425,309.825,-2.1774,35.85,35.44645690917969,4.98,0.0,0
46806,89.528,70.625,-1.5,0.0,448.47200000000004,0.0,0.0,0.0,5.742,0,4.0,-0.375,309.825,-0.2639,35.7,35.44645690917969,4.98,0.0,0
46806,90.21000000000001,70.61500000000001,-1.5,0.0,448.47200000000004,0.0,0.0,0.0,5.742,0,4.0,-0.445,309.825,2.3754,34.32,35.44645690917969,4.98,0.0,0
46806,90.381,70.596,-1.0,0.0,448.593,0.0,0.0,0.0,5.742,0,4.0,-0.395,309.69,-0.767,33.39,35.44645690917969,4.98,0.0,0
46806,90.381,70.57600000000001,-1.5,0.0,448.291,0.0,0.0,0.0,5.742,0,5.0,-0.355,309.825,-1.1712,34.14,35.44645690917969,4.98,0.0,0
46806,91.745,70.566,-1.5,0.0,448.593,0.0,0.0,0.0,5.742,0,3.0,-0.4,309.69,-1.8228000000000002,35.01,35.44645690917969,4.98,0.0,0
46806,91.745,70.547,-2.0,0.0,448.47200000000004,0.0,0.0,0.0,5.742,0,4.0,-0.38,309.69,-0.42060000000000003,35.910000000000004,35.44645690917969,4.98,0.0,0
46806,92.427,70.527,-1.5,0.0,448.23,0.0,0.0,0.0,5.742,0,5.0,-0.42,309.69,-0.0412,35.730000000000004,35.44645690917969,4.98,0.0,0
46806,92.598,70.518,-1.0,0.0,448.593,0.0,0.0,0.0,5.742,0,2.0,-0.37,309.825,1.1629,35.22,35.44645690917969,4.98,0.0,0
46806,93.10900000000001,70.498,-2.0,0.0,448.593,0.0,0.0,0.0,5.742,0,3.0,-0.405,309.825,4.1321,35.37,35.44645690917969,4.98,0.0,0
46806,93.10900000000001,70.498,-1.5,0.0,448.593,0.0,0.0,0.0,5.742,0,5.0,-0.41500000000000004,309.825,3.8600000000000003,35.37,35.44645690917969,4.98,0.0,0
46806,93.621,70.479,-1.5,0.0,448.41200000000003,0.0,0.0,0.0,5.742,0,3.0,-0.3,309.825,2.7713,35.13,35.44645690917969,4.98,0.0,0
46806,93.792,70.459,-1.5,0.0,448.351,0.0,0.0,0.0,5.742,0,5.0,-0.33,309.915,-0.5938,34.980000000000004,35.44645690917969,4.98,0.0,0
46806,94.303,70.449,-1.5,0.0,448.593,0.0,0.0,0.0,5.742,0,3.0,-0.375,309.825,1.1877,34.980000000000004,35.44645690917969,4.98,0.0,0
46806,94.474,70.43,-1.5,0.0,448.533,0.0,0.0,0.0,5.742,0,3.0,-0.36,309.825,2.9032,35.22,35.44645690917969,4.98,0.0,0
46806,95.156,70.41,-2.0,0.0,448.654,0.0,0.0,0.0,5.742,0,3.0,-0.295,309.825,-0.7918000000000001,34.77,35.44645690917969,4.98,0.0,0
46806,95.156,70.4,-1.5,0.0,448.896,0.0,0.0,0.0,5.742,0,2.0,-0.38,309.69,-3.0682,34.14,35.44645690917969,4.98,0.0,0
46806,95.83800000000001,70.381,-1.5,0.0,449.13800000000003,0.0,0.0,0.0,5.742,0,4.0,-0.375,309.69,-7.258100000000001,33.33,35.44645690917969,4.98,0.0,0
46806,96.179,70.361,-1.0,0.0,448.47200000000004,0.0,0.0,0.0,5.742,0,3.0,-0.43,309.825,1.5836000000000001,33.3,35.44645690917969,4.98,0.0,0
46806,96.35000000000001,70.352,-2.0,0.0,448.291,0.0,0.0,0.0,5.742,0,4.0,-0.33,309.69,3.4311000000000003,34.62,35.44645690917969,4.98,0.0,0
46806,97.202,70.33200000000001,-1.5,0.0,448.714,0.0,0.0,0.0,5.742,0,4.0,-0.365,309.825,-0.3629,35.76,35.44645690917969,4.98,0.0,0
46806,97.202,70.313,-1.5,0.0,448.41200000000003,0.0,0.0,0.0,5.742,0,2.0,-0.41500000000000004,309.825,-0.7918000000000001,36.6,35.44645690917969,4.98,0.0,0
46806,97.714,70.293,-1.5,0.0,448.593,0.0,0.0,0.0,5.742,0,3.0,-0.4,309.825,3.0682,36.54,35.44645690917969,4.98,0.0,0
46806,97.884,70.283,-1.5,0.0,448.714,0.0,0.0,0.0,5.742,0,4.0,-0.36,309.825,2.2434000000000003,35.79,35.44645690917969,4.98,0.0,0
46806,98.396,70.26400000000001,-2.0,0.0,448.714,0.0,0.0,0.0,5.742,0,3.0,-0.39,309.825,0.0,35.82,35.44645690917969,4.98,0.0,0
46806,98.22500000000001,70.244,-1.5,0.0,448.654,0.0,0.0,0.0,5.742,0,5.0,-0.385,309.915,2.9032,36.63,35.44645690917969,4.98,0.0,0
46806,98.907,70.23400000000001,-1.5,0.0,448.654,0.0,0.0,0.0,5.742,0,5.0,-0.36,309.825,-2.6393,36.33,35.44645690917969,4.98,0.0,0
46806,99.078,70.215,-1.5,0.0,448.714,0.0,0.0,0.0,5.742,0,4.0,-0.36,309.69,-4.486800000000001,36.15,35.44645690917969,4.98,0.0,0
46806,99.76,70.19500000000001,-2.0,0.0,448.533,0.0,0.0,0.0,5.742,0,4.0,-0.425,309.825,-1.7815,35.49,35.44645690917969,4.98,0.0,0
46806,99.931,70.186,-2.0,0.0,448.291,0.0,0.0,0.0,5.742,0,4.0,-0.425,309.825,0.7918000000000001,34.62,35.44645690917969,4.98,0.0,0
46806,100.101,70.166,-1.5,0.0,448.714,0.0,0.0,0.0,5.742,0,4.0,-0.32,309.69,1.5836000000000001,34.35,35.44645690917969,4.98,0.0,0
46806,100.613,70.146,-1.5,0.0,448.83500000000004,0.0,0.0,0.0,5.742,0,4.0,-0.355,309.825,-1.1877,33.9,35.44645690917969,4.98,0.0,0
46806,100.613,70.146,-1.0,0.0,448.77500000000003,0.0,0.0,0.0,5.742,0,3.0,-0.32,309.915,-0.47840000000000005,33.99,35.44645690917969,4.98,0.0,0
46806,100.613,70.12700000000001,-1.5,0.0,448.714,0.0,0.0,0.0,5.742,0,5.0,-0.325,309.915,4.8002,34.59,35.44645690917969,4.98,0.0,0
46806,100.783,70.117,-2.0,0.0,448.41200000000003,0.0,0.0,0.0,5.742,0,3.0,-0.41000000000000003,309.825,4.2641,35.94,35.44645690917969,4.98,0.0,0
46806,101.295,70.098,-1.0,0.0,448.351,0.0,0.0,0.0,5.742,0,3.0,-0.375,309.825,-3.1672000000000002,37.35,35.44645690917969,4.98,0.0,0
46806,101.806,70.078,-2.0,0.0,448.593,0.0,0.0,0.0,5.742,0,5.0,-0.38,309.915,-0.6598,37.410000000000004,35.44645690917969,4.98,0.0,0
46806,102.318,70.068,-1.5,0.0,448.47200000000004,0.0,0.0,0.0,5.742,0,2.0,-0.355,309.915,3.1672000000000002,36.75,35.44645690917969,4.98,0.0,0
46806,102.318,70.049,-1.5,0.0,448.351,0.0,0.0,0.0,5.742,0,3.0,-0.4,309.69,-1.8228000000000002,36.36,35.44645690917969,4.98,0.0,0
46806,102.659,70.029,-1.5,0.0,448.10900000000004,0.0,0.0,0.0,5.742,0,4.0,-0.41500000000000004,309.915,-3.5136000000000003,35.49,35.44645690917969,4.98,0.0,0
46806,103.0,70.02000000000001,-2.0,0.0,448.714,0.0,0.0,0.0,5.742,0,3.0,-0.41000000000000003,309.915,-4.024900000000001,36.03,35.44645690917969,4.98,0.0,0
46806,103.171,70.0,-1.5,0.0,448.77500000000003,0.0,0.0,0.0,5.742,0,2.0,-0.335,309.825,2.4413,36.27,35.44645690917969,4.98,0.0,0
46806,103.34100000000001,69.98,-1.5,0.0,448.77500000000003,0.0,0.0,0.0,5.742,0,5.0,-0.41500000000000004,309.915,5.1466,36.09,35.44645690917969,4.98,0.0,0
46806,104.364,69.971,-1.5,0.0,448.47200000000004,0.0,0.0,0.0,5.742,0,3.0,-0.375,309.825,0.23920000000000002,35.22,35.44645690917969,4.98,0.0,0
46806,104.705,69.95100000000001,-2.0,0.0,448.351,0.0,0.0,0.0,5.742,0,3.0,-0.37,309.915,-3.6455,34.32,35.44645690917969,4.98,0.0,0
46806,104.364,69.932,-2.0,0.0,448.351,0.0,0.0,0.0,5.742,0,2.0,-0.335,309.69,-4.1816,34.53,35.44645690917969,4.98,0.0,0
46806,105.047,69.922,-1.5,0.0,448.41200000000003,0.0,0.0,0.0,5.742,0,3.0,-0.405,309.69,0.6846,34.77,35.44645690917969,4.98,0.0,0
46806,105.217,69.902,-1.5,0.0,448.291,0.0,0.0,0.0,5.742,0,4.0,-0.36,309.915,1.8063,35.910000000000004,35.44645690917969,4.98,0.0,0
46806,105.217,69.902,-2.0,0.0,448.291,0.0,0.0,0.0,5.742,0,4.0,-0.375,309.915,1.3196,36.15,35.44645690917969,4.98,0.0,0
46806,105.558,69.88300000000001,-1.5,0.0,448.47200000000004,0.0,0.0,0.0,5.742,0,4.0,-0.31,309.825,1.7485000000000002,37.56,35.44645690917969,4.98,0.0,0
46806,105.558,69.863,-1.5,0.0,448.41200000000003,0.0,0.0,0.0,5.742,0,2.0,-0.325,309.825,0.9238000000000001,37.89,35.44645690917969,4.98,0.0,0
46806,106.07000000000001,69.854,-1.5,0.0,448.47200000000004,0.0,0.0,0.0,5.742,0,3.0,-0.405,309.69,-1.9465000000000001,36.75,35.44645690917969,4.98,0.0,0
46806,106.07000000000001,69.834,-1.5,0.0,448.41200000000003,0.0,0.0,0.0,5.742,0,5.0,-0.43,309.825,0.39590000000000003,35.46,35.44645690917969,4.98,0.0,0
46806,106.411,69.81400000000001,-1.5,0.0,448.291,0.0,0.0,0.0,5.742,0,3.0,-0.395,309.915,0.7258,35.160000000000004,35.44645690917969,4.98,0.0,0
46806,106.752,69.805,-1.5,0.0,448.291,0.0,0.0,0.0,5.742,0,4.0,-0.395,309.825,3.563,35.67,35.44645690917969,4.98,0.0,0
46806,107.263,69.785,-1.5,0.0,448.169,0.0,0.0,0.0,5.742,0,4.0,-0.38,309.825,0.5279,35.31,35.44645690917969,4.98,0.0,0
46806,107.434,69.766,-1.5,0.0,448.47200000000004,0.0,0.0,0.0,5.742,0,6.0,-0.43,309.915,-1.5836000000000001,35.61,35.44645690917969,4.98,0.0,0
46806,107.434,69.756,-1.0,0.0,448.47200000000004,0.0,0.0,0.0,5.742,0,4.0,-0.385,309.825,-2.6393,35.4,35.44645690917969,4.98,0.0,0
46806,107.604,69.736,-2.0,0.0,448.47200000000004,0.0,0.0,0.0,5.742,0,3.0,-0.39,309.825,-0.39590000000000003,34.89,35.44645690917969,4.98,0.0,0
46806,107.775,69.717,-2.0,0.0,448.351,0.0,0.0,0.0,5.742,0,3.0,-0.42,309.825,2.9692000000000003,34.71,35.44645690917969,4.98,0.0,0
46806,108.116,69.70700000000001,-1.5,0.0,448.47200000000004,0.0,0.0,0.0,5.742,0,2.0,-0.38,309.69,-1.1877,35.01,35.44645690917969,4.98,0.0,0
46806,108.287,69.697,-2.0,0.0,448.291,0.0,0.0,0.0,5.742,0,2.0,-0.35000000000000003,309.825,-1.2537,35.07,35.44645690917969,4.98,0.0,0
46806,108.45700000000001,69.688,-1.5,0.0,448.291,0.0,0.0,0.0,5.742,0,3.0,-0.375,309.915,-0.47840000000000005,35.79,35.44645690917969,4.98,0.0,0
46806,108.798,69.668,-2.0,0.0,447.927,0.0,0.0,0.0,5.742,0,3.0,-0.355,309.825,0.5279,36.45,35.44645690917969,4.98,0.0,0
46806,108.96900000000001,69.64800000000001,-1.5,0.0,448.048,0.0,0.0,0.0,5.742,0,7.0,-0.295,309.69,-3.629,37.02,35.44645690917969,4.98,0.0,0
46806,109.139,69.63900000000001,-2.0,0.0,447.927,0.0,0.0,0.0,5.742,0,4.0,-0.34500000000000003,309.825,-1.3691,36.69,35.44645690917969,4.98,0.0,0
46806,109.48,69.619,-1.5,0.0,447.988,0.0,0.0,0.0,5.742,0,6.0,-0.4,309.825,0.0825,35.79,35.44645690917969,4.98,0.0,0
46806,109.48,69.60000000000001,-2.0,0.0,447.927,0.0,0.0,0.0,5.742,0,4.0,-0.375,309.825,4.8580000000000005,36.15,35.44645690917969,4.98,0.0,0
46806,109.48,69.59,-2.0,0.0,448.10900000000004,0.0,0.0,0.0,5.742,0,6.0,-0.35000000000000003,309.69,-0.1072,35.64,35.44645690917969,4.98,0.0,0
46806,110.162,69.57000000000001,-1.5,0.0,448.10900000000004,0.0,0.0,0.0,5.742,0,3.0,-0.38,309.825,-5.938400000000001,35.7,35.44645690917969,4.98,0.0,0
46806,110.162,69.551,-2.0,0.0,448.048,0.0,0.0,0.0,5.742,0,4.0,-0.375,309.69,-0.8165,35.22,35.44645690917969,4.98,0.0,0
46806,110.162,69.541,-2.0,0.0,448.10900000000004,0.0,0.0,0.0,5.742,0,5.0,-0.385,309.69,-0.6598,34.980000000000004,35.44645690917969,4.98,0.0,0
46806,110.503,69.521,-1.5,0.0,448.10900000000004,0.0,0.0,0.0,5.742,0,5.0,-0.395,309.825,-3.5878,34.32,35.44645690917969,4.98,0.0,0
46806,110.674,69.50200000000001,-1.5,0.0,448.351,0.0,0.0,0.0,5.742,0,3.0,-0.34,309.825,2.1527000000000003,35.04,35.44645690917969,4.98,0.0,0
46806,111.186,69.492,-2.0,0.0,448.10900000000004,0.0,0.0,0.0,5.742,0,2.0,-0.405,309.915,6.7549,35.94,35.44645690917969,4.98,0.0,0
46806,111.35600000000001,69.473,-2.0,0.0,447.867,0.0,0.0,0.0,5.742,0,3.0,-0.39,309.69,2.0702000000000003,36.81,35.44645690917969,4.98,0.0,0
46806,111.35600000000001,69.453,-1.0,0.0,448.23,0.0,0.0,0.0,5.742,0,3.0,-0.375,309.915,-2.7878000000000003,37.38,35.44645690917969,4.98,0.0,0
46806,111.527,69.434,-1.5,0.0,448.10900000000004,0.0,0.0,0.0,5.742,0,3.0,-0.405,309.69,-2.928,37.77,35.44645690917969,4.98,0.0,0
46806,111.527,69.424,-1.5,0.0,448.291,0.0,0.0,0.0,5.742,0,3.0,-0.385,309.825,2.5073000000000003,36.84,35.44645690917969,4.98,0.0,0
46806,112.038,69.404,-2.0,0.0,448.169,0.0,0.0,0.0,5.742,0,2.0,-0.4,309.825,-0.0495,36.45,35.44645690917969,4.98,0.0,0
46806,112.209,69.385,-1.0,0.0,448.23,0.0,0.0,0.0,5.742,0,4.0,-0.33,309.825,1.8475000000000001,35.52,35.44645690917969,4.98,0.0,0
46806,112.379,69.375,-1.5,0.0,448.169,0.0,0.0,0.0,5.742,0,3.0,-0.365,309.825,2.8372,35.76,35.44645690917969,4.98,0.0,0
46806,112.55,69.355,-2.0,0.0,448.169,0.0,0.0,0.0,5.742,0,2.0,-0.38,309.825,1.0310000000000001,35.25,35.44645690917969,4.98,0.0,0
46806,112.379,69.336,-1.5,0.0,448.10900000000004,0.0,0.0,0.0,5.742,0,3.0,-0.375,309.915,-1.864,34.65,35.44645690917969,4.98,0.0,0
46806,112.72,69.32600000000001,-2.0,0.0,448.048,0.0,0.0,0.0,5.742,0,3.0,-0.33,309.825,0.41240000000000004,34.35,35.44645690917969,4.98,0.0,0
46806,112.891,69.307,-1.5,0.0,448.10900000000004,0.0,0.0,0.0,5.742,0,4.0,-0.385,309.825,0.7918000000000001,33.87,35.44645690917969,4.98,0.0,0
46806,112.891,69.307,-2.0,0.0,448.10900000000004,0.0,0.0,0.0,5.742,0,3.0,-0.37,309.825,0.5279,33.9,35.44645690917969,4.98,0.0,0
46806,113.061,69.287,-1.5,0.0,448.10900000000004,0.0,0.0,0.0,5.742,0,2.0,-0.375,309.825,-0.7918000000000001,35.07,35.44645690917969,4.98,0.0,0
46806,113.57300000000001,69.268,-1.0,0.0,448.10900000000004,0.0,0.0,0.0,5.742,0,3.0,-0.355,309.915,-2.1774,36.480000000000004,35.44645690917969,4.98,0.0,0
46806,113.57300000000001,69.25800000000001,-2.0,0.0,448.048,0.0,0.0,0.0,5.742,0,4.0,-0.305,309.825,1.1877,36.480000000000004,35.44645690917969,4.98,0.0,0
46806,113.57300000000001,69.238,-1.5,0.0,447.867,0.0,0.0,0.0,5.742,0,4.0,-0.385,309.825,1.8475000000000001,36.300000000000004,35.44645690917969,4.98,0.0,0
46806,114.255,69.21900000000001,-1.0,0.0,448.169,0.0,0.0,0.0,5.742,0,3.0,-0.325,309.825,-3.1672000000000002,37.2,35.44645690917969,4.98,0.0,0
46806,113.914,69.209,-1.5,0.0,448.41200000000003,0.0,0.0,0.0,5.742,0,3.0,-0.39,309.825,-1.5836000000000001,37.77,35.44645690917969,4.98,0.0,0
46806,114.08500000000001,69.18900000000001,-1.5,0.0,448.169,0.0,0.0,0.0,5.742,0,2.0,-0.385,309.825,-1.5836000000000001,36.6,35.44645690917969,4.98,0.0,0
46806,114.255,69.17,-1.5,0.0,448.10900000000004,0.0,0.0,0.0,5.742,0,3.0,-0.32,309.825,5.0147,35.550000000000004,35.44645690917969,4.98,0.0,0
46806,114.255,69.16,-1.5,0.0,448.10900000000004,0.0,0.0,0.0,5.742,0,4.0,-0.28500000000000003,309.825,1.9795,34.800000000000004,35.44645690917969,4.98,0.0,0
46806,114.596,69.141,-1.5,0.0,447.746,0.0,0.0,0.0,5.742,0,3.0,-0.43,309.825,-1.0557,34.02,35.44645690917969,4.98,0.0,0
46806,114.596,69.12100000000001,-1.5,0.0,448.10900000000004,0.0,0.0,0.0,5.742,0,5.0,-0.37,309.825,1.5836000000000001,33.87,35.44645690917969,4.98,0.0,0
46806,114.937,69.111,-1.5,0.0,448.291,0.0,0.0,0.0,5.742,0,4.0,-0.34,309.825,-1.0557,33.51,35.44645690917969,4.98,0.0,0
46806,114.596,69.092,-1.5,0.0,448.47200000000004,0.0,0.0,0.0,5.742,0,3.0,-0.37,309.915,0.5279,33.660000000000004,35.44645690917969,4.98,0.0,0
46806,114.937,69.072,-1.5,0.0,448.291,0.0,0.0,0.0,5.742,0,4.0,-0.41500000000000004,309.69,-2.5403000000000002,34.95,35.44645690917969,4.98,0.0,0
46806,114.937,69.063,-2.0,0.0,448.47200000000004,0.0,0.0,0.0,5.742,0,3.0,-0.36,309.825,-1.5836000000000001,35.85,35.44645690917969,4.98,0.0,0
46806,114.937,69.043,-1.5,0.0,448.23,0.0,0.0,0.0,5.742,0,3.0,-0.32,309.915,3.1672000000000002,36.42,35.44645690917969,4.98,0.0,0
46806,115.278,69.02300000000001,-1.5,0.0,448.169,0.0,0.0,0.0,5.742,0,2.0,-0.34500000000000003,309.915,5.4106000000000005,36.480000000000004,35.44645690917969,4.98,0.0,0
46806,115.619,69.004,-2.0,0.0,448.593,0.0,0.0,0.0,5.742,0,3.0,-0.395,309.825,1.0557,36.06,35.44645690917969,4.98,0.0,0
46806,115.619,68.994,-1.5,0.0,448.291,0.0,0.0,0.0,5.742,0,3.0,-0.395,309.69,-5.6745,35.4,35.44645690917969,4.98,0.0,0
46806,115.619,68.97500000000001,-2.0,0.0,448.23,0.0,0.0,0.0,5.742,0,2.0,-0.36,309.825,-4.9487000000000005,35.64,35.44645690917969,4.98,0.0,0
46806,115.79,68.955,-1.5,0.0,448.47200000000004,0.0,0.0,0.0,5.742,0,3.0,-0.33,309.69,0.132,36.0,35.44645690917969,4.98,0.0,0
46806,115.619,68.955,-1.5,0.0,448.593,0.0,0.0,0.0,5.742,0,3.0,-0.35000000000000003,309.915,1.1052,35.94,35.44645690917969,4.98,0.0,0
46806,115.619,68.94500000000001,-2.0,0.0,448.77500000000003,0.0,0.0,0.0,5.742,0,3.0,-0.385,309.825,1.3609,35.34,35.44645690917969,4.98,0.0,0
46806,116.302,68.926,-1.5,0.0,448.654,0.0,0.0,0.0,5.742,0,3.0,-0.375,309.915,-2.7218,34.62,35.44645690917969,4.98,0.0,0
46806,116.302,68.906,-0.5,0.0,448.533,0.0,0.0,0.0,5.742,0,3.0,-0.365,309.825,-1.0145,33.24,35.44645690917969,4.98,0.0,0
46806,116.302,68.896,-1.5,0.0,448.533,0.0,0.0,0.0,5.742,0,4.0,-0.355,309.915,-1.2702,33.33,35.44645690917969,4.98,0.0,0
46806,116.302,68.87700000000001,-2.0,0.0,448.47200000000004,0.0,0.0,0.0,5.742,0,3.0,-0.35000000000000003,309.825,2.6146000000000003,33.6,35.44645690917969,4.98,0.0,0
46806,116.302,68.857,-2.0,0.0,448.10900000000004,0.0,0.0,0.0,5.742,0,2.0,-0.41500000000000004,309.825,1.1217000000000001,34.59,35.44645690917969,4.98,0.0,0
46806,116.643,68.83800000000001,-1.5,0.0,448.593,0.0,0.0,0.0,5.742,0,3.0,-0.335,309.915,-0.7011000000000001,35.7,35.44645690917969,4.98,0.0,0
46806,116.47200000000001,68.828,-2.5,0.0,448.291,0.0,0.0,0.0,5.742,0,3.0,-0.33,309.825,-1.1217000000000001,36.81,35.44645690917969,4.98,0.0,0
46806,116.98400000000001,68.809,-1.5,0.0,448.47200000000004,0.0,0.0,0.0,5.742,0,3.0,-0.365,309.825,-0.46190000000000003,36.36,35.44645690917969,4.98,0.0,0
46806,116.98400000000001,68.789,-2.0,0.0,448.714,0.0,0.0,0.0,5.742,0,3.0,-0.385,309.825,-1.8310000000000002,35.82,35.44645690917969,4.98,0.0,0
46806,116.98400000000001,68.779,-1.0,0.0,448.956,0.0,0.0,0.0,5.742,0,3.0,-0.4,309.825,-0.5938,35.22,35.44645690917969,4.98,0.0,0
46806,116.98400000000001,68.76,-1.5,0.0,448.714,0.0,0.0,0.0,5.742,0,3.0,-0.36,309.825,2.5733,35.58,35.44645690917969,4.98,0.0,0
46806,116.98400000000001,68.74000000000001,-1.0,0.0,448.351,0.0,0.0,0.0,5.742,0,3.0,-0.41500000000000004,309.69,-1.5176,36.15,35.44645690917969,4.98,0.0,0
46806,116.98400000000001,68.73,-1.5,0.0,448.533,0.0,0.0,0.0,5.742,0,3.0,-0.3,309.825,-0.7258,35.31,35.44645690917969,4.98,0.0,0
46806,117.154,68.711,-1.5,0.0,448.77500000000003,0.0,0.0,0.0,5.742,0,3.0,-0.32,309.69,-2.9445,34.59,35.44645690917969,4.98,0.0,0
46806,117.154,68.691,-2.0,0.0,448.77500000000003,0.0,0.0,0.0,5.742,0,2.0,-0.375,309.825,0.0412,33.69,35.44645690917969,4.98,0.0,0
46806,117.154,68.682,-2.0,0.0,448.593,0.0,0.0,0.0,5.742,0,3.0,-0.34500000000000003,309.825,2.2599,33.27,35.44645690917969,4.98,0.0,0
46806,117.325,68.662,-2.0,0.0,448.533,0.0,0.0,0.0,5.742,0,3.0,-0.4,309.915,5.5673,33.0,35.44645690917969,4.98,0.0,0
46806,117.836,68.643,-1.5,0.0,448.77500000000003,0.0,0.0,0.0,5.742,0,3.0,-0.385,309.915,2.6228000000000002,34.11,35.44645690917969,4.98,0.0,0
46806,117.666,68.63300000000001,-2.0,0.0,448.654,0.0,0.0,0.0,5.742,0,2.0,-0.36,309.825,-0.39590000000000003,35.49,35.44645690917969,4.98,0.0,0
46806,118.348,68.613,-2.0,0.0,448.291,0.0,0.0,0.0,5.742,0,3.0,-0.365,309.825,-2.4908,37.2,35.44645690917969,4.98,0.0,0
46806,117.666,68.59400000000001,-1.5,0.0,448.533,0.0,0.0,0.0,5.742,0,3.0,-0.38,309.915,-0.6598,37.14,35.44645690917969,4.98,0.0,0
46806,118.348,68.584,-2.0,0.0,448.896,0.0,0.0,0.0,5.742,0,3.0,-0.425,309.69,-0.42060000000000003,36.03,35.44645690917969,4.98,0.0,0
46806,118.177,68.56400000000001,-2.0,0.0,448.654,0.0,0.0,0.0,5.742,0,3.0,-0.355,309.825,-2.7053000000000003,35.25,35.44645690917969,4.98,0.0,0
46806,118.348,68.56400000000001,-2.0,0.0,448.654,0.0,0.0,0.0,5.742,0,3.0,-0.34,309.825,-2.9032,35.22,35.44645690917969,4.98,0.0,0
46806,118.348,68.545,-1.5,0.0,448.83500000000004,0.0,0.0,0.0,5.742,0,3.0,-0.38,309.825,-1.9795,33.99,35.44645690917969,4.98,0.0,0
46806,118.85900000000001,68.525,-1.5,0.0,448.593,0.0,0.0,0.0,5.742,0,3.0,-0.365,309.69,1.0557,33.660000000000004,35.44645690917969,4.98,0.0,0
46806,118.518,68.516,-1.5,0.0,448.593,0.0,0.0,0.0,5.742,0,3.0,-0.35000000000000003,309.825,-0.132,33.75,35.44645690917969,4.98,0.0,0
46806,118.68900000000001,68.49600000000001,-2.0,0.0,448.593,0.0,0.0,0.0,5.742,0,3.0,-0.375,309.825,-2.3754,34.17,35.44645690917969,4.98,0.0,0
46806,118.518,68.477,-1.5,0.0,448.593,0.0,0.0,0.0,5.742,0,3.0,-0.32,309.915,1.7155,34.14,35.44645690917969,4.98,0.0,0
46806,118.348,68.467,-1.5,0.0,448.533,0.0,0.0,0.0,5.742,0,2.0,-0.375,309.825,2.9032,33.63,35.44645690917969,4.98,0.0,0
46806,118.348,68.447,-1.5,0.0,448.351,0.0,0.0,0.0,5.742,0,2.0,-0.365,309.915,3.0352,33.54,35.44645690917969,4.98,0.0,0
46806,118.68900000000001,68.428,-1.5,0.0,448.47200000000004,0.0,0.0,0.0,5.742,0,2.0,-0.37,309.825,-0.46190000000000003,33.9,35.44645690917969,4.98,0.0,0
46806,118.85900000000001,68.418,-1.5,0.0,448.351,0.0,0.0,0.0,5.742,0,3.0,-0.325,309.825,0.5279,34.86,35.44645690917969,4.98,0.0,0
46806,119.03,68.39800000000001,-1.5,0.0,448.351,0.0,0.0,0.0,5.742,0,3.0,-0.325,309.69,-4.0579,35.76,35.44645690917969,4.98,0.0,0
46806,119.03,68.379,-1.5,0.0,448.47200000000004,0.0,0.0,0.0,5.742,0,3.0,-0.395,309.825,-0.7918000000000001,35.88,35.44645690917969,4.98,0.0,0
46806,119.03,68.369,-1.5,0.0,448.169,0.0,0.0,0.0,5.742,0,3.0,-0.385,309.69,3.2661000000000002,35.4,35.44645690917969,4.98,0.0,0
46806,119.03,68.35000000000001,-2.0,0.0,447.867,0.0,0.0,0.0,5.742,0,3.0,-0.38,309.825,0.5279,34.86,35.44645690917969,4.98,0.0,0
46806,119.03,68.33,-1.5,0.0,448.23,0.0,0.0,0.0,5.742,0,3.0,-0.35000000000000003,309.915,0.7258,34.47,35.44645690917969,4.98,0.0,0
46806,119.03,68.311,-1.5,0.0,448.351,0.0,0.0,0.0,5.742,0,2.0,-0.375,309.825,3.563,34.68,35.44645690917969,4.98,0.0,0
46806,119.03,68.301,-1.5,0.0,448.41200000000003,0.0,0.0,0.0,5.742,0,2.0,-0.38,309.915,0.46190000000000003,34.800000000000004,35.44645690917969,4.98,0.0,0
46806,119.03,68.281,-1.5,0.0,448.47200000000004,0.0,0.0,0.0,5.742,0,2.0,-0.34,309.825,0.2639,34.74,35.44645690917969,4.98,0.0,0
46806,119.03,68.262,-1.0,0.0,448.714,0.0,0.0,0.0,5.742,0,4.0,-0.365,309.825,-0.5279,34.800000000000004,35.44645690917969,4.98,0.0,0
46806,119.20100000000001,68.25200000000001,-1.5,0.0,448.533,0.0,0.0,0.0,5.742,0,2.0,-0.385,309.825,-1.8475000000000001,34.44,35.44645690917969,4.98,0.0,0
46806,119.37100000000001,68.232,-1.5,0.0,448.47200000000004,0.0,0.0,0.0,5.742,0,2.0,-0.375,309.825,-1.5836000000000001,34.53,35.44645690917969,4.98,0.0,0
46806,119.03,68.21300000000001,-1.5,0.0,448.41200000000003,0.0,0.0,0.0,5.742,0,2.0,-0.375,309.825,0.39590000000000003,33.81,35.44645690917969,4.98,0.0,0
46806,119.542,68.203,-1.5,0.0,448.10900000000004,0.0,0.0,0.0,5.742,0,4.0,-0.375,309.825,3.4311000000000003,34.230000000000004,35.44645690917969,4.98,0.0,0
46806,119.712,68.184,-1.5,0.0,448.351,0.0,0.0,0.0,5.742,0,3.0,-0.375,309.6,-4.8827,34.86,35.44645690917969,4.98,0.0,0
46806,119.542,68.164,-2.0,0.0,448.291,0.0,0.0,0.0,5.742,0,3.0,-0.36,309.915,-0.8578,35.37,35.44645690917969,4.98,0.0,0
46806,119.712,68.164,-1.5,0.0,448.291,0.0,0.0,0.0,5.742,0,2.0,-0.355,309.915,-0.47840000000000005,35.46,35.44645690917969,4.98,0.0,0
46806,119.712,68.14500000000001,-1.5,0.0,447.988,0.0,0.0,0.0,5.742,0,3.0,-0.37,309.69,-1.4269,35.46,35.44645690917969,4.98,0.0,0
46806,119.37100000000001,68.135,-1.5,0.0,447.988,0.0,0.0,0.0,5.742,0,3.0,-0.365,309.915,-3.0269,36.15,35.44645690917969,4.98,0.0,0
46806,119.712,68.11500000000001,-1.5,0.0,448.169,0.0,0.0,0.0,5.742,0,2.0,-0.34,309.825,1.798,36.18,35.44645690917969,4.98,0.0,0
46806,119.542,68.096,-1.0,0.0,448.593,0.0,0.0,0.0,5.742,0,3.0,-0.375,309.69,1.5423,35.34,35.44645690917969,4.98,0.0,0
46806,119.712,68.086,-1.5,0.0,448.533,0.0,0.0,0.0,5.742,0,3.0,-0.39,309.825,-0.7093,34.77,35.44645690917969,4.98,0.0,0
46806,119.712,68.066,-2.0,0.0,448.351,0.0,0.0,0.0,5.742,0,3.0,-0.355,309.825,1.3856000000000002,34.56,35.44645690917969,4.98,0.0,0
46806,119.542,68.047,-2.0,0.0,448.593,0.0,0.0,0.0,5.742,0,3.0,-0.37,309.825,4.66,34.410000000000004,35.44645690917969,4.98,0.0,0
46806,119.712,68.037,-1.5,0.0,448.351,0.0,0.0,0.0,5.742,0,2.0,-0.35000000000000003,309.825,0.28040000000000004,34.38,35.44645690917969,4.98,0.0,0
46806,119.712,68.018,-1.5,0.0,448.169,0.0,0.0,0.0,5.742,0,2.0,-0.37,309.825,-4.4208,34.17,35.44645690917969,4.98,0.0,0
46806,119.883,67.998,-1.0,0.0,448.47200000000004,0.0,0.0,0.0,5.742,0,2.0,-0.385,309.69,-2.3176,34.83,35.44645690917969,4.98,0.0,0
46806,119.712,67.988,-1.0,0.0,448.533,0.0,0.0,0.0,5.742,0,2.0,-0.355,309.825,3.4311000000000003,35.1,35.44645690917969,4.98,0.0,0
46806,119.712,67.96900000000001,-1.5,0.0,448.351,0.0,0.0,0.0,5.742,0,2.0,-0.375,309.915,0.0907,35.7,35.44645690917969,4.98,0.0,0
46806,119.883,67.949,-2.0,0.0,448.47200000000004,0.0,0.0,0.0,5.742,0,2.0,-0.425,309.825,-2.3341000000000003,35.82,35.44645690917969,4.98,0.0,0
46806,119.712,67.93900000000001,-1.0,0.0,448.533,0.0,0.0,0.0,5.742,0,3.0,-0.395,309.825,1.4681,36.09,35.44645690917969,4.98,0.0,0
46806,119.712,67.92,-1.0,0.0,448.41200000000003,0.0,0.0,0.0,5.742,0,2.0,-0.355,309.915,0.5938,36.33,35.44645690917969,4.98,0.0,0
46806,120.053,67.9,-2.5,0.0,448.47200000000004,0.0,0.0,0.0,5.742,0,3.0,-0.375,309.915,-0.23920000000000002,35.97,35.44645690917969,4.98,0.0,0
46806,120.224,67.881,-1.5,0.0,448.169,0.0,0.0,0.0,5.742,0,3.0,-0.38,309.915,0.5773,35.88,35.44645690917969,4.98,0.0,0
46806,119.712,67.87100000000001,-1.5,0.0,448.169,0.0,0.0,0.0,5.742,0,2.0,-0.385,309.825,1.7815,35.64,35.44645690917969,4.98,0.0,0
46806,120.224,67.852,-2.0,0.0,448.47200000000004,0.0,0.0,0.0,5.742,0,2.0,-0.355,309.915,0.0,35.49,35.44645690917969,4.98,0.0,0
46806,120.394,67.83200000000001,-2.5,0.0,448.41200000000003,0.0,0.0,0.0,5.742,0,3.0,-0.4,309.825,-4.2889,35.160000000000004,35.44645690917969,4.98,0.0,0
46806,119.712,67.822,-1.5,0.0,448.23,0.0,0.0,0.0,5.742,0,2.0,-0.34500000000000003,309.825,-2.0455,34.53,35.44645690917969,4.98,0.0,0
46806,119.883,67.822,-1.0,0.0,447.988,0.0,0.0,0.0,5.742,0,2.0,-0.375,309.825,-2.1114,34.56,35.44645690917969,4.98,0.0,0
46806,120.224,67.803,-1.5,0.0,447.988,0.0,0.0,0.0,5.742,0,2.0,-0.375,309.825,0.132,34.65,35.44645690917969,4.98,0.0,0
46806,120.224,67.783,-1.0,0.0,448.593,0.0,0.0,0.0,5.742,0,3.0,-0.385,309.69,0.099,35.04,35.44645690917969,4.98,0.0,0
46806,120.224,67.77300000000001,-1.5,0.0,448.654,0.0,0.0,0.0,5.742,0,2.0,-0.335,309.69,-3.6950000000000003,35.58,35.44645690917969,4.98,0.0,0
46806,120.053,67.754,-2.0,0.0,448.714,0.0,0.0,0.0,5.742,0,3.0,-0.37,309.69,-4.1239,35.82,35.44645690917969,4.98,0.0,0
46806,120.394,67.73400000000001,-1.5,0.0,448.654,0.0,0.0,0.0,5.742,0,2.0,-0.36,309.915,5.0147,35.79,35.44645690917969,4.98,0.0,0
46806,120.053,67.715,-2.5,0.0,448.169,0.0,0.0,0.0,5.742,0,3.0,-0.36,309.915,7.7529,36.06,35.44645690917969,4.98,0.0,0
46806,120.394,67.705,-1.5,0.0,448.291,0.0,0.0,0.0,5.742,0,2.0,-0.375,309.825,4.3548,35.94,35.44645690917969,4.98,0.0,0
46806,120.224,67.686,-1.5,0.0,448.654,0.0,0.0,0.0,5.742,0,2.0,-0.4,309.825,-2.5733,36.18,35.44645690917969,4.98,0.0,0
46806,120.224,67.666,-1.0,0.0,448.593,0.0,0.0,0.0,5.742,0,3.0,-0.41000000000000003,309.825,-3.1672000000000002,36.42,35.44645690917969,4.98,0.0,0
46806,120.394,67.656,-1.5,0.0,448.291,0.0,0.0,0.0,5.742,0,2.0,-0.4,309.825,0.0,35.85,35.44645690917969,4.98,0.0,0
46806,119.712,67.637,-2.0,0.0,448.351,0.0,0.0,0.0,5.742,0,2.0,-0.385,309.825,0.0,35.22,35.44645690917969,4.98,0.0,0
46806,120.053,67.617,-2.0,0.0,448.169,0.0,0.0,0.0,5.742,0,3.0,-0.355,309.825,-1.5836000000000001,34.59,35.44645690917969,4.98,0.0,0
46806,120.053,67.607,-1.5,0.0,448.23,0.0,0.0,0.0,5.742,0,2.0,-0.375,309.825,0.39590000000000003,34.11,35.44645690917969,4.98,0.0,0
46806,120.394,67.58800000000001,-1.0,0.0,448.41200000000003,0.0,0.0,0.0,5.742,0,2.0,-0.41000000000000003,309.825,3.9589000000000003,33.45,35.44645690917969,4.98,0.0,0
46806,120.224,67.568,-1.5,0.0,448.41200000000003,0.0,0.0,0.0,5.742,0,2.0,-0.36,309.825,0.2639,34.44,35.44645690917969,4.98,0.0,0
46806,120.224,67.568,-1.5,0.0,448.41200000000003,0.0,0.0,0.0,5.742,0,2.0,-0.375,309.825,0.132,34.44,35.44645690917969,4.98,0.0,0
46806,120.224,67.549,-1.0,0.0,448.048,0.0,0.0,0.0,5.742,0,2.0,-0.36,309.825,-1.1877,35.67,35.44645690917969,4.98,0.0,0
46806,120.394,67.539,-2.0,0.0,448.23,0.0,0.0,0.0,5.742,0,3.0,-0.34500000000000003,309.825,1.1877,36.72,35.44645690917969,4.98,0.0,0
46806,120.224,67.52000000000001,-1.0,0.0,448.291,0.0,0.0,0.0,5.742,0,2.0,-0.39,309.825,-0.132,37.2,35.44645690917969,4.98,0.0,0
46806,120.735,67.5,-1.5,0.0,448.291,0.0,0.0,0.0,5.742,0,3.0,-0.375,309.825,-3.2331000000000003,36.9,35.44645690917969,4.98,0.0,0
46806,120.394,67.49000000000001,-1.5,0.0,448.291,0.0,0.0,0.0,5.742,0,2.0,-0.355,309.915,-0.5444,35.88,35.44645690917969,4.98,0.0,0
46806,120.224,67.471,-1.5,0.0,448.714,0.0,0.0,0.0,5.742,0,2.0,-0.375,309.825,5.5425,35.910000000000004,35.44645690917969,4.98,0.0,0
46806,120.394,67.45100000000001,-1.0,0.0,448.593,0.0,0.0,0.0,5.742,0,2.0,-0.385,309.915,2.8207,36.27,35.44645690917969,4.98,0.0,0
46806,120.394,67.441,-2.0,0.0,448.47200000000004,0.0,0.0,0.0,5.742,0,2.0,-0.395,309.825,-4.9322,36.63,35.44645690917969,4.98,0.0,0
46806,120.224,67.422,-1.5,0.0,448.593,0.0,0.0,0.0,5.742,0,2.0,-0.34,309.69,-3.1259,35.730000000000004,35.44645690917969,4.98,0.0,0
46806,120.394,67.422,-1.5,0.0,448.593,0.0,0.0,0.0,5.742,0,2.0,-0.36,309.69,-3.1672000000000002,35.61,35.44645690917969,4.98,0.0,0
46806,120.053,67.402,-1.5,0.0,448.47200000000004,0.0,0.0,0.0,5.742,0,3.0,-0.34,309.915,2.6393,34.56,35.44645690917969,4.98,0.0,0
46806,120.394,67.393,-2.0,0.0,448.47200000000004,0.0,0.0,0.0,5.742,0,2.0,-0.365,309.69,-3.0352,34.29,35.44645690917969,4.98,0.0,0
46806,120.224,67.373,-2.0,0.0,448.593,0.0,0.0,0.0,5.742,0,2.0,-0.33,309.825,-0.3629,34.59,35.44645690917969,4.98,0.0,0
46806,120.224,67.354,-1.0,0.0,448.533,0.0,0.0,0.0,5.742,0,2.0,-0.39,309.69,-1.7155,34.95,35.44645690917969,4.98,0.0,0
46806,120.394,67.334,-1.5,0.0,448.47200000000004,0.0,0.0,0.0,5.742,0,3.0,-0.38,309.69,0.2639,36.24,35.44645690917969,4.98,0.0,0
46806,120.394,67.324,-2.0,0.0,448.47200000000004,0.0,0.0,0.0,5.742,0,1.0,-0.355,309.915,-0.132,37.62,35.44645690917969,4.98,0.0,0
46806,120.394,67.305,-1.5,0.0,448.351,0.0,0.0,0.0,5.742,0,1.0,-0.36,309.825,0.165,37.980000000000004,35.44645690917969,4.98,0.0,0
46806,120.394,67.285,-2.0,0.0,448.41200000000003,0.0,0.0,0.0,5.742,0,4.0,-0.36,309.825,3.9589000000000003,37.02,35.44645690917969,4.98,0.0,0
46806,120.394,67.275,-2.0,0.0,448.47200000000004,0.0,0.0,0.0,5.742,0,2.0,-0.375,309.69,-2.4743,36.54,35.44645690917969,4.98,0.0,0
46806,120.394,67.256,-1.5,0.0,448.533,0.0,0.0,0.0,5.742,0,1.0,-0.405,310.005,0.5279,36.18,35.44645690917969,4.98,0.0,0
46806,120.224,67.236,-1.5,0.0,448.593,0.0,0.0,0.0,5.742,0,3.0,-0.33,309.915,2.8372,35.910000000000004,35.44645690917969,4.98,0.0,0
46806,120.394,67.227,-1.5,0.0,448.593,0.0,0.0,0.0,5.742,0,3.0,-0.385,309.825,5.2786,36.0,35.44645690917969,4.98,0.0,0
46806,120.394,67.20700000000001,-1.0,0.0,448.654,0.0,0.0,0.0,5.742,0,3.0,-0.36,309.915,0.066,36.0,35.44645690917969,4.98,0.0,0
46806,120.394,67.188,-1.5,0.0,448.593,0.0,0.0,0.0,5.742,0,3.0,-0.33,309.825,-2.1114,35.76,35.44645690917969,4.98,0.0,0
46806,120.394,67.178,-2.0,0.0,448.654,0.0,0.0,0.0,5.742,0,2.0,-0.4,309.825,-3.1672000000000002,35.13,35.44645690917969,4.98,0.0,0
46806,120.394,67.158,-1.0,0.0,448.47200000000004,0.0,0.0,0.0,5.742,0,-2.0,-0.34500000000000003,309.825,-0.132,34.53,35.44645690917969,4.98,0.0,0
46806,120.565,67.13900000000001,-2.0,0.0,448.291,0.0,0.0,0.0,5.742,0,2.0,-0.38,309.69,0.8908,35.19,35.44645690917969,4.98,0.0,0
46806,120.224,67.129,-1.0,0.0,448.291,0.0,0.0,0.0,5.742,0,3.0,-0.365,309.915,-0.6598,35.88,35.44645690917969,4.98,0.0,0
46806,120.224,67.119,-1.0,0.0,448.47200000000004,0.0,0.0,0.0,5.742,0,2.0,-0.38,309.825,-0.7258,36.03,35.44645690917969,4.98,0.0,0
46806,120.565,67.10900000000001,-1.5,0.0,448.83500000000004,0.0,0.0,0.0,5.742,0,2.0,-0.35000000000000003,309.915,2.8207,36.99,35.44645690917969,4.98,0.0,0
46806,120.394,67.09,-2.0,0.0,448.351,0.0,0.0,0.0,5.742,0,2.0,-0.395,309.825,1.8887,37.02,35.44645690917969,4.98,0.0,0
46806,120.394,67.07000000000001,-2.0,0.0,448.048,0.0,0.0,0.0,5.742,0,4.0,-0.43,309.69,-3.3239,36.99,35.44645690917969,4.98,0.0,0
46806,120.224,67.061,-1.5,0.0,448.351,0.0,0.0,0.0,5.742,0,3.0,-0.405,309.825,0.47840000000000005,36.39,35.44645690917969,4.98,0.0,0
46806,120.565,67.041,-2.0,0.0,448.47200000000004,0.0,0.0,0.0,5.742,0,2.0,-0.375,309.915,2.6888,35.88,35.44645690917969,4.98,0.0,0
46806,120.394,67.021,-1.5,0.0,448.10900000000004,0.0,0.0,0.0,5.742,0,4.0,-0.34500000000000003,309.825,1.6248,35.49,35.44645690917969,4.98,0.0,0
46806,120.224,67.012,-1.5,0.0,448.291,0.0,0.0,0.0,5.742,0,2.0,-0.375,309.825,-3.4806000000000004,35.25,35.44645690917969,4.98,0.0,0
46806,120.394,66.992,-1.5,0.0,448.23,0.0,0.0,0.0,5.742,0,2.0,-0.38,309.825,-7.439500000000001,34.5,35.44645690917969,4.98,0.0,0
46806,120.394,66.973,-2.0,0.0,448.533,0.0,0.0,0.0,5.742,0,5.0,-0.385,309.825,1.3856000000000002,34.62,35.44645690917969,4.98,0.0,0
46806,120.224,66.953,-1.5,0.0,448.169,0.0,0.0,0.0,5.742,0,3.0,-0.32,309.915,5.2621,34.68,35.44645690917969,4.98,0.0,0
46806,120.394,66.943,-1.5,0.0,448.47200000000004,0.0,0.0,0.0,5.742,0,4.0,-0.365,309.825,1.5588000000000002,35.01,35.44645690917969,4.98,0.0,0
46806,120.224,66.924,-1.5,0.0,448.41200000000003,0.0,0.0,0.0,5.742,0,3.0,-0.365,309.825,-4.4208,35.64,35.44645690917969,4.98,0.0,0
46806,120.394,66.904,-1.0,0.0,448.291,0.0,0.0,0.0,5.742,0,5.0,-0.405,309.825,-0.8578,36.18,35.44645690917969,4.98,0.0,0
46806,120.394,66.89500000000001,-1.5,0.0,448.351,0.0,0.0,0.0,5.742,0,2.0,-0.35000000000000003,309.825,3.2331000000000003,36.63,35.44645690917969,4.98,0.0,0
46806,120.394,66.875,-1.5,0.0,448.533,0.0,0.0,0.0,5.742,0,3.0,-0.385,309.825,-0.0247,37.050000000000004,35.44645690917969,4.98,0.0,0
46806,120.224,66.855,-2.0,0.0,448.351,0.0,0.0,0.0,5.742,0,3.0,-0.365,309.825,-0.9897,37.14,35.44645690917969,4.98,0.0,0
46806,120.224,66.846,-1.5,0.0,448.291,0.0,0.0,0.0,5.742,0,3.0,-0.405,309.69,-2.0702000000000003,36.9,35.44645690917969,4.98,0.0,0
46806,120.394,66.82600000000001,-1.0,0.0,448.23,0.0,0.0,0.0,5.742,0,5.0,-0.33,309.825,-2.3094,36.300000000000004,35.44645690917969,4.98,0.0,0
46806,120.224,66.807,-2.0,0.0,448.10900000000004,0.0,0.0,0.0,5.742,0,3.0,-0.34500000000000003,309.69,-2.2681,35.37,35.44645690917969,4.98,0.0,0
46806,120.394,66.797,-1.5,0.0,448.10900000000004,0.0,0.0,0.0,5.742,0,4.0,-0.395,309.915,5.435300000000001,34.74,35.44645690917969,4.98,0.0,0
46806,120.224,66.777,-1.5,0.0,448.291,0.0,0.0,0.0,5.742,0,2.0,-0.355,309.69,1.7155,34.62,35.44645690917969,4.98,0.0,0
46806,120.224,66.75800000000001,-1.5,0.0,448.169,0.0,0.0,0.0,5.742,0,2.0,-0.38,309.825,-0.2887,34.14,35.44645690917969,4.98,0.0,0
46806,120.394,66.748,-1.5,0.0,448.169,0.0,0.0,0.0,5.742,0,2.0,-0.355,309.915,-2.2599,34.53,35.44645690917969,4.98,0.0,0
46806,120.394,66.729,-1.5,0.0,447.867,0.0,0.0,0.0,5.742,0,3.0,-0.37,309.825,-0.0907,35.34,35.44645690917969,4.98,0.0,0
46806,120.053,66.729,-2.0,0.0,447.867,0.0,0.0,0.0,5.742,0,3.0,-0.36,309.825,-0.6268,35.31,35.44645690917969,4.98,0.0,0
46806,120.394,66.709,-1.5,0.0,447.746,0.0,0.0,0.0,5.742,0,3.0,-0.365,309.825,1.5836000000000001,35.49,35.44645690917969,4.98,0.0,0
46806,120.224,66.68900000000001,-2.5,0.0,448.23,0.0,0.0,0.0,5.742,0,4.0,-0.375,309.825,1.3856000000000002,35.79,35.44645690917969,4.98,0.0,0
46806,120.394,66.68,-1.5,0.0,448.41200000000003,0.0,0.0,0.0,5.742,0,4.0,-0.4,309.825,1.3196,36.18,35.44645690917969,4.98,0.0,0
46806,120.394,66.66,-2.0,0.0,448.291,0.0,0.0,0.0,5.742,0,2.0,-0.36,309.825,-2.3754,36.81,35.44645690917969,4.98,0.0,0
46806,120.394,66.641,-2.0,0.0,447.867,0.0,0.0,0.0,5.742,0,0.0,-0.375,309.825,-1.7155,37.050000000000004,35.44645690917969,4.98,0.0,0
46806,120.394,66.631,-2.0,0.0,447.867,0.0,0.0,0.0,5.742,0,4.0,-0.38,309.825,0.0,37.08,35.44645690917969,4.98,0.0,0
46806,120.394,66.611,-1.5,0.0,447.806,0.0,0.0,0.0,5.742,0,3.0,-0.405,309.915,0.2639,36.39,35.44645690917969,4.98,0.0,0
46806,120.394,66.592,-2.0,0.0,447.806,0.0,0.0,0.0,5.742,0,3.0,-0.38,309.825,2.9032,35.58,35.44645690917969,4.98,0.0,0
46806,120.394,66.572,-1.0,0.0,448.048,0.0,0.0,0.0,5.742,0,2.0,-0.36,309.825,-0.7918000000000001,34.62,35.44645690917969,4.98,0.0,0
46806,120.224,66.563,-2.0,0.0,448.048,0.0,0.0,0.0,5.742,0,4.0,-0.385,309.915,1.5836000000000001,33.93,35.44645690917969,4.98,0.0,0
46806,120.394,66.543,-2.0,0.0,447.685,0.0,0.0,0.0,5.742,0,4.0,-0.35000000000000003,309.825,1.0557,34.410000000000004,35.44645690917969,4.98,0.0,0
46806,120.224,66.523,-2.0,0.0,447.927,0.0,0.0,0.0,5.742,0,3.0,-0.39,309.825,-3.1672000000000002,34.410000000000004,35.44645690917969,4.98,0.0,0
46806,119.883,66.51400000000001,-1.5,0.0,448.048,0.0,0.0,0.0,5.742,0,4.0,-0.34500000000000003,309.915,2.3754,35.25,35.44645690917969,4.98,0.0,0
46806,120.394,66.494,-1.5,0.0,448.048,0.0,0.0,0.0,5.742,0,3.0,-0.365,309.69,-0.165,35.43,35.44645690917969,4.98,0.0,0
46806,120.394,66.47500000000001,-1.5,0.0,448.23,0.0,0.0,0.0,5.742,0,5.0,-0.38,309.915,0.2639,35.25,35.44645690917969,4.98,0.0,0
46806,120.053,66.465,-1.5,0.0,448.291,0.0,0.0,0.0,5.742,0,1.0,-0.37,309.825,2.7053000000000003,35.4,35.44645690917969,4.98,0.0,0
46806,120.394,66.44500000000001,-1.0,0.0,448.10900000000004,0.0,0.0,0.0,5.742,0,2.0,-0.35000000000000003,309.69,-2.7713,35.910000000000004,35.44645690917969,4.98,0.0,0
46806,120.053,66.426,-1.5,0.0,447.867,0.0,0.0,0.0,5.742,0,2.0,-0.385,309.825,-1.7815,36.09,35.44645690917969,4.98,0.0,0
46806,120.224,66.416,-1.5,0.0,447.927,0.0,0.0,0.0,5.742,0,2.0,-0.36,309.825,1.1877,36.45,35.44645690917969,4.98,0.0,0
46806,120.394,66.396,-1.5,0.0,447.927,0.0,0.0,0.0,5.742,0,3.0,-0.39,309.825,1.4846000000000001,36.69,35.44645690917969,4.98,0.0,0
46806,120.224,66.37700000000001,-1.5,0.0,448.351,0.0,0.0,0.0,5.742,0,2.0,-0.39,309.825,1.9795,36.12,35.44645690917969,4.98,0.0,0
46806,120.224,66.37700000000001,-1.5,0.0,448.169,0.0,0.0,0.0,5.742,0,3.0,-0.365,309.69,1.4104,36.06,35.44645690917969,4.98,0.0,0
46806,120.224,66.357,-1.0,0.0,448.048,0.0,0.0,0.0,5.742,0,3.0,-0.365,309.69,-3.5383,34.5,35.44645690917969,4.98,0.0,0
46806,119.883,66.348,-2.5,0.0,447.927,0.0,0.0,0.0,5.742,0,3.0,-0.34500000000000003,309.825,0.7918000000000001,33.21,35.44645690917969,4.98,0.0,0
46806,119.883,66.328,-1.5,0.0,447.746,0.0,0.0,0.0,5.742,0,2.0,-0.34500000000000003,309.825,4.8827,33.51,35.44645690917969,4.98,0.0,0
46806,119.883,66.309,-2.5,0.0,448.291,0.0,0.0,0.0,5.742,0,0.0,-0.375,309.915,2.5321000000000002,34.77,35.44645690917969,4.98,0.0,0
46806,119.883,66.299,-1.0,0.0,448.10900000000004,0.0,0.0,0.0,5.742,0,2.0,-0.38,309.825,-4.024900000000001,35.07,35.44645690917969,4.98,0.0,0
46806,119.883,66.279,-1.5,0.0,447.746,0.0,0.0,0.0,5.742,0,2.0,-0.355,309.915,0.0495,35.4,35.44645690917969,4.98,0.0,0
46806,119.883,66.26,-1.5,0.0,448.048,0.0,0.0,0.0,5.742,0,2.0,-0.395,309.69,0.42060000000000003,36.03,35.44645690917969,4.98,0.0,0
46806,120.394,66.25,-1.5,0.0,447.564,0.0,0.0,0.0,5.742,0,4.0,-0.385,309.825,-4.8827,36.480000000000004,35.44645690917969,4.98,0.0,0
46806,120.394,66.23,-1.5,0.0,447.746,0.0,0.0,0.0,5.742,0,3.0,-0.35000000000000003,309.825,-0.3794,35.76,35.44645690917969,4.98,0.0,0
46806,120.224,66.211,-1.5,0.0,447.927,0.0,0.0,0.0,5.742,0,3.0,-0.35000000000000003,309.915,2.7960000000000003,35.1,35.44645690917969,4.98,0.0,0
46806,120.224,66.20100000000001,-2.0,0.0,447.867,0.0,0.0,0.0,5.742,0,5.0,-0.37,309.825,-0.2227,34.65,35.44645690917969,4.98,0.0,0
46806,120.224,66.182,-1.5,0.0,447.927,0.0,0.0,0.0,5.742,0,3.0,-0.39,309.825,-3.0352,34.980000000000004,35.44645690917969,4.98,0.0,0
46806,120.394,66.162,-2.0,0.0,448.169,0.0,0.0,0.0,5.742,0,2.0,-0.38,309.69,-3.6950000000000003,35.160000000000004,35.44645690917969,4.98,0.0,0
46806,120.053,66.152,-1.5,0.0,448.048,0.0,0.0,0.0,5.742,0,3.0,-0.335,309.825,-1.3856000000000002,34.5,35.44645690917969,4.98,0.0,0
46806,119.883,66.13300000000001,-1.5,0.0,447.927,0.0,0.0,0.0,5.742,0,4.0,-0.36,309.915,1.2124000000000001,34.2,35.44645690917969,4.98,0.0,0
46806,120.224,66.113,-1.0,0.0,448.10900000000004,0.0,0.0,0.0,5.742,0,2.0,-0.38,309.69,1.4516,33.87,35.44645690917969,4.98,0.0,0
46806,120.053,66.09400000000001,-2.0,0.0,448.41200000000003,0.0,0.0,0.0,5.742,0,3.0,-0.355,309.825,-0.8578,34.14,35.44645690917969,4.98,0.0,0
46806,120.394,66.084,-1.5,0.0,448.10900000000004,0.0,0.0,0.0,5.742,0,-2.0,-0.355,309.825,-0.8413,34.62,35.44645690917969,4.98,0.0,0
46806,119.883,66.06400000000001,-1.5,0.0,447.927,0.0,0.0,0.0,5.742,0,3.0,-0.355,309.915,5.5013000000000005,35.76,35.44645690917969,4.98,0.0,0
46806,119.883,66.045,-1.5,0.0,448.10900000000004,0.0,0.0,0.0,5.742,0,2.0,-0.375,309.825,-0.6598,36.72,35.44645690917969,4.98,0.0,0
46806,120.224,66.035,-1.5,0.0,448.048,0.0,0.0,0.0,5.742,0,3.0,-0.4,309.825,-1.8063,36.75,35.44645690917969,4.98,0.0,0
46806,120.053,66.016,-1.5,0.0,448.351,0.0,0.0,0.0,5.742,0,3.0,-0.37,309.825,-3.2826,35.910000000000004,35.44645690917969,4.98,0.0,0
46806,119.883,65.99600000000001,-2.0,0.0,448.41200000000003,0.0,0.0,0.0,5.742,0,0.0,-0.39,309.69,0.2639,35.28,35.44645690917969,4.98,0.0,0
46806,120.394,65.986,-2.0,0.0,448.291,0.0,0.0,0.0,5.742,0,2.0,-0.33,309.69,-1.2289,35.67,35.44645690917969,4.98,0.0,0
46806,120.394,65.977,-2.0,0.0,448.291,0.0,0.0,0.0,5.742,0,3.0,-0.355,309.69,-1.4846000000000001,35.7,35.44645690917969,4.98,0.0,0
46806,120.224,65.967,-1.5,0.0,447.927,0.0,0.0,0.0,5.742,0,3.0,-0.375,309.825,-0.9238000000000001,36.24,35.44645690917969,4.98,0.0,0
46806,120.224,65.947,-1.0,0.0,448.23,0.0,0.0,0.0,5.742,0,2.0,-0.375,309.825,4.651800000000001,36.51,35.44645690917969,4.98,0.0,0
46806,119.883,65.928,-1.5,0.0,448.654,0.0,0.0,0.0,5.742,0,1.0,-0.335,309.825,2.7713,36.03,35.44645690917969,4.98,0.0,0
46806,119.712,65.918,-1.5,0.0,448.10900000000004,0.0,0.0,0.0,5.742,0,2.0,-0.385,309.825,0.0,35.730000000000004,35.44645690917969,4.98,0.0,0
46806,119.712,65.898,-1.0,0.0,448.291,0.0,0.0,0.0,5.742,0,2.0,-0.37,309.825,0.0,33.96,35.44645690917969,4.98,0.0,0
46806,120.053,65.879,-2.0,0.0,448.41200000000003,0.0,0.0,0.0,5.742,0,3.0,-0.365,309.825,0.0,33.84,35.44645690917969,4.98,0.0,0
46806,119.712,65.869,-2.0,0.0,448.47200000000004,0.0,0.0,0.0,5.742,0,2.0,-0.34,310.005,5.0147,33.75,35.44645690917969,4.98,0.0,0
46806,119.712,65.85000000000001,-1.5,0.0,448.351,0.0,0.0,0.0,5.742,0,2.0,-0.34500000000000003,309.825,1.0557,35.25,35.44645690917969,4.98,0.0,0
46806,119.712,65.83,-1.5,0.0,448.10900000000004,0.0,0.0,0.0,5.742,0,3.0,-0.39,309.69,-5.6745,37.14,35.44645690917969,4.98,0.0,0
46806,120.053,65.82000000000001,-1.5,0.0,447.685,0.0,0.0,0.0,5.742,0,3.0,-0.395,309.825,-2.7713,37.47,35.44645690917969,4.98,0.0,0
46806,119.883,65.801,-1.5,0.0,447.564,0.0,0.0,0.0,5.742,0,4.0,-0.38,309.825,1.1877,37.11,35.44645690917969,4.98,0.0,0
46806,120.053,65.781,-1.5,0.0,447.927,0.0,0.0,0.0,5.742,0,3.0,-0.355,309.69,0.0,36.6,35.44645690917969,4.98,0.0,0
46806,120.224,65.771,-1.5,0.0,448.048,0.0,0.0,0.0,5.742,0,4.0,-0.375,309.825,-1.1877,35.97,35.44645690917969,4.98,0.0,0
46806,120.053,65.75200000000001,-2.0,0.0,448.048,0.0,0.0,0.0,5.742,0,1.0,-0.33,309.825,-0.5279,35.82,35.44645690917969,4.98,0.0,0
46806,119.712,65.732,-1.5,0.0,448.10900000000004,0.0,0.0,0.0,5.742,0,3.0,-0.405,309.915,5.2786,35.19,35.44645690917969,4.98,0.0,0
46806,119.883,65.71300000000001,-1.0,0.0,448.169,0.0,0.0,0.0,5.742,0,0.0,-0.38,309.69,-0.9567,35.61,35.44645690917969,4.98,0.0,0
46806,119.883,65.703,-2.0,0.0,448.048,0.0,0.0,0.0,5.742,0,2.0,-0.375,309.825,-3.2991,35.01,35.44645690917969,4.98,0.0,0
46806,119.712,65.684,-1.0,0.0,447.988,0.0,0.0,0.0,5.742,0,3.0,-0.375,309.825,-0.19790000000000002,34.5,35.44645690917969,4.98,0.0,0
46806,120.053,65.684,-1.5,0.0,447.988,0.0,0.0,0.0,5.742,0,3.0,-0.365,309.825,0.47840000000000005,34.44,35.44645690917969,4.98,0.0,0
46806,119.883,65.664,-2.0,0.0,447.927,0.0,0.0,0.0,5.742,0,2.0,-0.355,309.825,5.0559,33.84,35.44645690917969,4.98,0.0,0
46806,119.883,65.654,-2.0,0.0,448.23,0.0,0.0,0.0,5.742,0,2.0,-0.39,309.825,0.2639,34.29,35.44645690917969,4.98,0.0,0
46806,119.712,65.635,-1.5,0.0,448.23,0.0,0.0,0.0,5.742,0,3.0,-0.355,309.915,-0.6763,35.61,35.44645690917969,4.98,0.0,0
46806,119.712,65.61500000000001,-1.5,0.0,447.927,0.0,0.0,0.0,5.742,0,3.0,-0.375,309.825,0.28040000000000004,36.63,35.44645690917969,4.98,0.0,0
46806,119.712,65.596,-1.5,0.0,448.169,0.0,0.0,0.0,5.742,0,0.0,-0.38,309.825,-1.8475000000000001,37.38,35.44645690917969,4.98,0.0,0
46806,119.883,65.586,-2.0,0.0,447.746,0.0,0.0,0.0,5.742,0,0.0,-0.375,309.69,-3.8682000000000003,37.17,35.44645690917969,4.98,0.0,0
46806,119.883,65.566,-1.5,0.0,448.048,0.0,0.0,0.0,5.742,0,2.0,-0.37,309.825,-0.9897,36.51,35.44645690917969,4.98,0.0,0
46806,120.224,65.547,-2.0,0.0,447.867,0.0,0.0,0.0,5.742,0,1.0,-0.37,309.69,-3.3404000000000003,35.730000000000004,35.44645690917969,4.98,0.0,0
46806,120.224,65.537,-2.0,0.0,447.927,0.0,0.0,0.0,5.742,0,2.0,-0.375,309.69,-1.5836000000000001,35.43,35.44645690917969,4.98,0.0,0
46806,119.712,65.518,-1.5,0.0,447.927,0.0,0.0,0.0,5.742,0,2.0,-0.385,309.825,1.5836000000000001,35.04,35.44645690917969,4.98,0.0,0
46806,119.712,65.498,-2.0,0.0,447.988,0.0,0.0,0.0,5.742,0,2.0,-0.385,309.69,5.8724,35.01,35.44645690917969,4.98,0.0,0
46806,119.883,65.488,-1.0,0.0,447.927,0.0,0.0,0.0,5.742,0,3.0,-0.365,309.825,1.5836000000000001,35.76,35.44645690917969,4.98,0.0,0
46806,119.712,65.46900000000001,-1.5,0.0,448.10900000000004,0.0,0.0,0.0,5.742,0,2.0,-0.35000000000000003,309.915,0.18150000000000002,35.34,35.44645690917969,4.98,0.0,0
46806,119.712,65.449,-2.0,0.0,448.41200000000003,0.0,0.0,0.0,5.742,0,2.0,-0.34500000000000003,309.69,-1.3444,34.08,35.44645690917969,4.98,0.0,0
46806,119.712,65.43900000000001,-2.0,0.0,447.988,0.0,0.0,0.0,5.742,0,2.0,-0.365,310.005,-0.5609000000000001,33.99,35.44645690917969,4.98,0.0,0
46806,120.053,65.42,-2.0,0.0,448.048,0.0,0.0,0.0,5.742,0,2.0,-0.375,309.69,0.7505000000000001,34.800000000000004,35.44645690917969,4.98,0.0,0
46806,119.712,65.4,-1.5,0.0,447.988,0.0,0.0,0.0,5.742,0,1.0,-0.325,309.825,-1.4104,36.36,35.44645690917969,4.98,0.0,0
46806,119.883,65.391,-1.5,0.0,448.048,0.0,0.0,0.0,5.742,0,2.0,-0.34500000000000003,309.825,-0.7918000000000001,37.08,35.44645690917969,4.98,0.0,0
46806,119.712,65.381,-2.0,0.0,448.048,0.0,0.0,0.0,5.742,0,2.0,-0.34,309.825,-0.7918000000000001,37.14,35.44645690917969,4.98,0.0,0
46806,119.712,65.37100000000001,-1.5,0.0,448.169,0.0,0.0,0.0,5.742,0,4.0,-0.395,309.915,4.8497,37.050000000000004,35.44645690917969,4.98,0.0,0
46806,119.712,65.352,-2.0,0.0,448.048,0.0,0.0,0.0,5.742,0,3.0,-0.36,309.825,-0.5279,37.56,35.44645690917969,4.98,0.0,0
46806,119.883,65.33200000000001,-1.5,0.0,447.867,0.0,0.0,0.0,5.742,0,2.0,-0.365,309.825,2.1114,37.14,35.44645690917969,4.98,0.0,0
46806,119.883,65.33200000000001,-2.0,0.0,447.867,0.0,0.0,0.0,5.742,0,2.0,-0.385,309.825,1.7155,36.96,35.44645690917969,4.98,0.0,0
46806,119.712,65.322,-1.5,0.0,447.806,0.0,0.0,0.0,5.742,0,0.0,-0.37,309.915,-3.761,35.82,35.44645690917969,4.98,0.0,0
46806,119.712,65.303,-1.5,0.0,448.23,0.0,0.0,0.0,5.742,0,-1.0,-0.37,309.915,-1.1382,34.77,35.44645690917969,4.98,0.0,0
46806,119.712,65.283,-2.0,0.0,448.048,0.0,0.0,0.0,5.742,0,-1.0,-0.355,309.825,1.6496000000000002,35.52,35.44645690917969,4.98,0.0,0
46806,120.224,65.273,-2.0,0.0,447.564,0.0,0.0,0.0,5.742,0,1.0,-0.35000000000000003,309.825,-1.6083,34.92,35.44645690917969,4.98,0.0,0
46806,119.712,65.254,-1.5,0.0,448.291,0.0,0.0,0.0,5.742,0,2.0,-0.385,309.915,-0.9897,35.19,35.44645690917969,4.98,0.0,0
46806,119.883,65.23400000000001,-2.0,0.0,448.048,0.0,0.0,0.0,5.742,0,3.0,-0.36,309.69,-2.8125,35.13,35.44645690917969,4.98,0.0,0
46806,119.883,65.215,-1.5,0.0,447.746,0.0,0.0,0.0,5.742,0,3.0,-0.355,309.69,-1.097,35.58,35.44645690917969,4.98,0.0,0
46806,120.224,65.205,-2.0,0.0,447.927,0.0,0.0,0.0,5.742,0,2.0,-0.375,309.825,0.6103000000000001,36.21,35.44645690917969,4.98,0.0,0
46806,119.883,65.186,-1.5,0.0,447.927,0.0,0.0,0.0,5.742,0,2.0,-0.365,309.915,3.3898,36.09,35.44645690917969,4.98,0.0,0
46806,119.712,65.166,-1.0,0.0,447.927,0.0,0.0,0.0,5.742,0,4.0,-0.375,309.825,3.761,36.45,35.44645690917969,4.98,0.0,0
46806,119.712,65.156,-1.5,0.0,448.048,0.0,0.0,0.0,5.742,0,0.0,-0.375,309.825,-0.2639,36.42,35.44645690917969,4.98,0.0,0
46806,120.053,65.137,-1.0,0.0,447.806,0.0,0.0,0.0,5.742,0,1.0,-0.405,309.825,-2.9032,36.99,35.44645690917969,4.98,0.0,0
46806,119.883,65.117,-2.0,0.0,447.867,0.0,0.0,0.0,5.742,0,1.0,-0.33,309.825,0.0,36.72,35.44645690917969,4.98,0.0,0
46806,119.712,65.107,-2.0,0.0,447.746,0.0,0.0,0.0,5.742,0,1.0,-0.37,309.825,0.0,36.12,35.44645690917969,4.98,0.0,0
46806,119.712,65.08800000000001,-1.5,0.0,448.048,0.0,0.0,0.0,5.742,0,3.0,-0.36,309.915,0.5114000000000001,35.730000000000004,35.44645690917969,4.98,0.0,0
46806,119.883,65.068,-2.0,0.0,447.927,0.0,0.0,0.0,5.742,0,2.0,-0.34500000000000003,309.825,0.9238000000000001,34.65,35.44645690917969,4.98,0.0,0
46806,120.224,65.059,-1.5,0.0,447.927,0.0,0.0,0.0,5.742,0,2.0,-0.4,309.825,-0.39590000000000003,34.38,35.44645690917969,4.98,0.0,0
46806,119.712,65.039,-2.0,0.0,448.10900000000004,0.0,0.0,0.0,5.742,0,3.0,-0.365,309.825,-1.7155,34.44,35.44645690917969,4.98,0.0,0
46806,120.053,65.039,-1.0,0.0,448.10900000000004,0.0,0.0,0.0,5.742,0,3.0,-0.37,309.825,-1.8475000000000001,34.44,35.44645690917969,4.98,0.0,0
46806,119.712,65.02,-2.0,0.0,448.10900000000004,0.0,0.0,0.0,5.742,0,3.0,-0.385,309.825,1.5836000000000001,34.59,35.44645690917969,4.98,0.0,0
46806,119.712,65.0,-1.5,0.0,448.169,0.0,0.0,0.0,5.742,0,2.0,-0.36,309.69,-1.1877,35.52,35.44645690917969,4.98,0.0,0
46806,119.883,64.99000000000001,-1.5,0.0,447.927,0.0,0.0,0.0,5.742,0,3.0,-0.375,309.825,-1.8475000000000001,35.85,35.44645690917969,4.98,0.0,0
46806,120.053,64.971,-1.0,0.0,447.927,0.0,0.0,0.0,5.742,0,2.0,-0.39,309.825,-0.132,36.0,35.44645690917969,4.98,0.0,0
46806,119.712,64.95100000000001,-1.5,0.0,447.988,0.0,0.0,0.0,5.742,0,1.0,-0.395,309.915,0.099,35.88,35.44645690917969,4.98,0.0,0
46806,119.712,64.941,-1.0,0.0,447.927,0.0,0.0,0.0,5.742,0,3.0,-0.355,309.69,-2.3754,36.24,35.44645690917969,4.98,0.0,0
46806,120.394,64.922,-1.5,0.0,448.10900000000004,0.0,0.0,0.0,5.742,0,2.0,-0.34,309.825,-1.3196,36.480000000000004,35.44645690917969,4.98,0.0,0
46806,119.712,64.902,-1.5,0.0,448.10900000000004,0.0,0.0,0.0,5.742,0,2.0,-0.38,309.825,1.0557,36.39,35.44645690917969,4.98,0.0,0
46806,119.712,64.893,-1.5,0.0,448.048,0.0,0.0,0.0,5.742,0,2.0,-0.39,309.915,4.8497,36.06,35.44645690917969,4.98,0.0,0
46806,119.712,64.873,-1.5,0.0,447.867,0.0,0.0,0.0,5.742,0,4.0,-0.34500000000000003,309.915,1.3196,35.52,35.44645690917969,4.98,0.0,0
46806,119.883,64.854,-1.5,0.0,448.10900000000004,0.0,0.0,0.0,5.742,0,3.0,-0.36,309.825,1.0557,34.62,35.44645690917969,4.98,0.0,0
46806,119.712,64.84400000000001,-2.0,0.0,448.048,0.0,0.0,0.0,5.742,0,2.0,-0.375,309.915,-1.0557,33.72,35.44645690917969,4.98,0.0,0
46806,119.883,64.824,-2.0,0.0,447.927,0.0,0.0,0.0,5.742,0,0.0,-0.405,309.825,-3.629,33.15,35.44645690917969,4.98,0.0,0
46806,120.224,64.805,-2.0,0.0,447.746,0.0,0.0,0.0,5.742,0,3.0,-0.375,309.915,-0.5279,33.33,35.44645690917969,4.98,0.0,0
46806,120.053,64.785,-2.0,0.0,447.202,0.0,0.0,0.0,5.742,0,4.0,-0.355,309.825,1.9135000000000002,35.25,35.44645690917969,4.98,0.0,0
46806,119.712,64.775,-1.5,0.0,447.564,0.0,0.0,0.0,5.742,0,3.0,-0.38,309.69,-3.563,36.660000000000004,35.44645690917969,4.98,0.0,0
46806,120.053,64.756,-1.5,0.0,447.564,0.0,0.0,0.0,5.742,0,2.0,-0.37,309.825,-5.7405,37.14,35.44645690917969,4.98,0.0,0
46806,119.712,64.736,-1.0,0.0,447.444,0.0,0.0,0.0,5.742,0,1.0,-0.37,309.825,4.486800000000001,36.57,35.44645690917969,4.98,0.0,0
46806,119.712,64.727,-1.5,0.0,447.504,0.0,0.0,0.0,5.742,0,4.0,-0.355,309.69,3.9589000000000003,35.88,35.44645690917969,4.98,0.0,0
46806,120.053,64.70700000000001,-2.0,0.0,447.927,0.0,0.0,0.0,5.742,0,3.0,-0.39,309.69,-5.2786,34.92,35.44645690917969,4.98,0.0,0
46806,119.883,64.688,-1.5,0.0,447.746,0.0,0.0,0.0,5.742,0,2.0,-0.375,309.69,-0.4289,34.74,35.44645690917969,4.98,0.0,0
46806,119.712,64.688,-1.5,0.0,447.746,0.0,0.0,0.0,5.742,0,2.0,-0.375,309.69,-0.8330000000000001,34.77,35.44645690917969,4.98,0.0,0
46806,120.053,64.668,-2.0,0.0,447.927,0.0,0.0,0.0,5.742,0,2.0,-0.38,309.825,3.3404000000000003,35.31,35.44645690917969,4.98,0.0,0
46806,120.394,64.658,-1.0,0.0,447.927,0.0,0.0,0.0,5.742,0,1.0,-0.35000000000000003,309.915,2.7960000000000003,35.58,35.44645690917969,4.98,0.0,0
46806,120.053,64.63900000000001,-1.5,0.0,447.746,0.0,0.0,0.0,5.742,0,4.0,-0.36,309.825,2.6805000000000003,34.95,35.44645690917969,4.98,0.0,0
46806,119.712,64.619,-1.5,0.0,447.685,0.0,0.0,0.0,5.742,0,2.0,-0.365,309.915,-0.5444,34.05,35.44645690917969,4.98,0.0,0
46806,119.712,64.60900000000001,-1.5,0.0,447.806,0.0,0.0,0.0,5.742,0,4.0,-0.385,309.825,-4.8002,33.39,35.44645690917969,4.98,0.0,0
46806,120.224,64.59,-2.0,0.0,447.806,0.0,0.0,0.0,5.742,0,2.0,-0.39,309.825,0.19790000000000002,34.02,35.44645690917969,4.98,0.0,0
46806,119.883,64.57000000000001,-1.5,0.0,447.504,0.0,0.0,0.0,5.742,0,4.0,-0.36,309.69,-0.7505000000000001,34.89,35.44645690917969,4.98,0.0,0
46806,119.883,64.561,-1.5,0.0,447.867,0.0,0.0,0.0,5.742,0,3.0,-0.4,309.825,-1.2124000000000001,36.12,35.44645690917969,4.98,0.0,0
46806,120.053,64.541,-1.0,0.0,447.988,0.0,0.0,0.0,5.742,0,0.0,-0.36,309.825,3.0352,37.050000000000004,35.44645690917969,4.98,0.0,0
46806,119.712,64.521,-1.5,0.0,447.867,0.0,0.0,0.0,5.742,0,-1.0,-0.385,309.825,1.9300000000000002,36.09,35.44645690917969,4.98,0.0,0
46806,120.224,64.512,-1.0,0.0,447.806,0.0,0.0,0.0,5.742,0,3.0,-0.33,309.825,0.2639,35.76,35.44645690917969,4.98,0.0,0
46806,119.712,64.492,-1.0,0.0,447.746,0.0,0.0,0.0,5.742,0,5.0,-0.37,309.825,0.39590000000000003,35.160000000000004,35.44645690917969,4.98,0.0,0
46806,120.053,64.473,-2.0,0.0,447.927,0.0,0.0,0.0,5.742,0,4.0,-0.38,309.825,0.7918000000000001,35.04,35.44645690917969,4.98,0.0,0
46806,120.394,64.46300000000001,-2.0,0.0,447.806,0.0,0.0,0.0,5.742,0,3.0,-0.355,309.915,1.3196,35.550000000000004,35.44645690917969,4.98,0.0,0
46806,120.224,64.443,-1.0,0.0,447.927,0.0,0.0,0.0,5.742,0,3.0,-0.37,309.825,-0.2639,35.730000000000004,35.44645690917969,4.98,0.0,0
46806,120.224,64.424,-2.0,0.0,447.867,0.0,0.0,0.0,5.742,0,2.0,-0.34,309.69,-3.3239,34.410000000000004,35.44645690917969,4.98,0.0,0
46806,120.394,64.414,-1.5,0.0,447.685,0.0,0.0,0.0,5.742,0,3.0,-0.355,309.825,-4.998200000000001,33.51,35.44645690917969,4.98,0.0,0
46806,120.394,64.395,-2.0,0.0,447.746,0.0,0.0,0.0,5.742,0,2.0,-0.35000000000000003,309.825,1.8475000000000001,33.0,35.44645690917969,4.98,0.0,0
46806,120.394,64.375,-2.0,0.0,447.806,0.0,0.0,0.0,5.742,0,3.0,-0.34500000000000003,309.69,2.8372,33.3,35.44645690917969,4.98,0.0,0
46806,120.394,64.355,-1.5,0.0,447.988,0.0,0.0,0.0,5.742,0,2.0,-0.365,309.825,-3.3898,34.59,35.44645690917969,4.98,0.0,0
46806,120.394,64.346,-1.5,0.0,447.988,0.0,0.0,0.0,5.742,0,2.0,-0.39,309.825,3.3651,35.61,35.44645690917969,4.98,0.0,0
46806,119.883,64.32600000000001,-1.5,0.0,447.988,0.0,0.0,0.0,5.742,0,0.0,-0.365,309.825,4.2394,36.24,35.44645690917969,4.98,0.0,0
46806,120.394,64.307,-1.0,0.0,447.625,0.0,0.0,0.0,5.742,0,2.0,-0.355,309.825,-2.3094,36.15,35.44645690917969,4.98,0.0,0
46806,120.224,64.297,-1.0,0.0,447.927,0.0,0.0,0.0,5.742,0,3.0,-0.36,309.825,-1.2372,35.61,35.44645690917969,4.98,0.0,0
46806,120.224,64.277,-1.0,0.0,448.10900000000004,0.0,0.0,0.0,5.742,0,4.0,-0.39,309.69,0.8825000000000001,34.95,35.44645690917969,4.98,0.0,0
46806,120.224,64.25800000000001,-2.0,0.0,448.10900000000004,0.0,0.0,0.0,5.742,0,2.0,-0.385,309.825,1.2289,34.59,35.44645690917969,4.98,0.0,0
46806,120.394,64.248,-1.5,0.0,447.625,0.0,0.0,0.0,5.742,0,3.0,-0.36,309.69,-5.3198,34.92,35.44645690917969,4.98,0.0,0
46806,120.053,64.238,-2.0,0.0,447.625,0.0,0.0,0.0,5.742,0,3.0,-0.36,309.69,-5.7075000000000005,34.800000000000004,35.44645690917969,4.98,0.0,0
46806,120.053,64.229,-1.5,0.0,447.625,0.0,0.0,0.0,5.742,0,2.0,-0.35000000000000003,309.915,2.1114,34.53,35.44645690917969,4.98,0.0,0
46806,120.053,64.209,-1.5,0.0,447.625,0.0,0.0,0.0,5.742,0,1.0,-0.38,309.825,1.3196,34.56,35.44645690917969,4.98,0.0,0
46806,120.224,64.18900000000001,-1.5,0.0,447.504,0.0,0.0,0.0,5.742,0,-2.0,-0.375,309.915,1.8475000000000001,33.84,35.44645690917969,4.98,0.0,0
46806,120.394,64.18,-1.5,0.0,447.685,0.0,0.0,0.0,5.742,0,-2.0,-0.38,309.825,2.1774,33.45,35.44645690917969,4.98,0.0,0
46806,120.394,64.16,-2.0,0.0,447.685,0.0,0.0,0.0,5.742,0,3.0,-0.36,309.915,0.39590000000000003,33.42,35.44645690917969,4.98,0.0,0
46806,120.394,64.141,-1.0,0.0,447.625,0.0,0.0,0.0,5.742,0,2.0,-0.36,309.69,-3.2661000000000002,34.26,35.44645690917969,4.98,0.0,0
46806,120.053,64.131,-2.0,0.0,447.625,0.0,0.0,0.0,5.742,0,3.0,-0.385,309.825,-2.6393,35.28,35.44645690917969,4.98,0.0,0
46806,120.224,64.111,-1.5,0.0,447.746,0.0,0.0,0.0,5.742,0,2.0,-0.365,309.825,1.3856000000000002,35.88,35.44645690917969,4.98,0.0,0
46806,120.394,64.092,-1.5,0.0,447.625,0.0,0.0,0.0,5.742,0,0.0,-0.355,309.825,6.334300000000001,35.49,35.44645690917969,4.98,0.0,0
46806,120.224,64.08200000000001,-1.0,0.0,447.927,0.0,0.0,0.0,5.742,0,1.0,-0.36,309.69,0.099,35.25,35.44645690917969,4.98,0.0,0
46806,120.394,64.063,-1.5,0.0,447.988,0.0,0.0,0.0,5.742,0,0.0,-0.34500000000000003,309.69,-5.2786,35.34,35.44645690917969,4.98,0.0,0
46806,120.394,64.043,-1.5,0.0,447.685,0.0,0.0,0.0,5.742,0,2.0,-0.36,309.825,0.0,35.1,35.44645690917969,4.98,0.0,0
46806,120.394,64.033,-1.5,0.0,447.504,0.0,0.0,0.0,5.742,0,2.0,-0.38,309.915,3.8270000000000004,35.13,35.44645690917969,4.98,0.0,0
46806,120.394,64.01400000000001,-1.0,0.0,447.444,0.0,0.0,0.0,5.742,0,3.0,-0.365,309.69,-3.6950000000000003,34.56,35.44645690917969,4.98,0.0,0
46806,120.394,63.994,-2.0,0.0,447.141,0.0,0.0,0.0,5.742,0,2.0,-0.36,309.825,-1.5836000000000001,34.47,35.44645690917969,4.98,0.0,0
46806,120.224,63.984,-2.0,0.0,447.444,0.0,0.0,0.0,5.742,0,3.0,-0.375,309.915,3.1672000000000002,34.800000000000004,35.44645690917969,4.98,0.0,0
46806,120.394,63.965,-2.0,0.0,447.202,0.0,0.0,0.0,5.742,0,3.0,-0.375,309.825,6.8622000000000005,34.29,35.44645690917969,4.98,0.0,0
46806,120.394,63.945,-2.0,0.0,447.383,0.0,0.0,0.0,5.742,0,-1.0,-0.34,309.825,0.5279,33.78,35.44645690917969,4.98,0.0,0
46806,120.394,63.926,-2.0,0.0,447.625,0.0,0.0,0.0,5.742,0,1.0,-0.33,309.825,-5.4106000000000005,33.9,35.44645690917969,4.98,0.0,0
46806,120.906,63.916000000000004,-2.0,0.0,447.806,0.0,0.0,0.0,5.742,0,0.0,-0.4,309.825,-3.9589000000000003,34.65,35.44645690917969,4.98,0.0,0
46806,120.394,63.896,-1.5,0.0,447.927,0.0,0.0,0.0,5.742,0,0.0,-0.375,309.915,4.7507,35.58,35.44645690917969,4.98,0.0,0
46806,120.394,63.896,-1.0,0.0,447.806,0.0,0.0,0.0,5.742,0,1.0,-0.365,309.825,4.8827,35.64,35.44645690917969,4.98,0.0,0
46806,120.394,63.877,-1.5,0.0,447.685,0.0,0.0,0.0,5.742,0,3.0,-0.39,309.825,2.0455,36.45,35.44645690917969,4.98,0.0,0
46806,120.394,63.867000000000004,-2.0,0.0,447.625,0.0,0.0,0.0,5.742,0,3.0,-0.355,309.825,-4.1569,36.03,35.44645690917969,4.98,0.0,0
46806,120.394,63.848000000000006,-1.0,0.0,447.444,0.0,0.0,0.0,5.742,0,3.0,-0.37,309.69,-1.0145,35.82,35.44645690917969,4.98,0.0,0
46806,120.394,63.828,-1.5,0.0,447.504,0.0,0.0,0.0,5.742,0,3.0,-0.38,309.69,3.4558,36.27,35.44645690917969,4.98,0.0,0
46806,120.735,63.818000000000005,-1.5,0.0,447.625,0.0,0.0,0.0,5.742,0,3.0,-0.365,309.825,-1.3196,36.24,35.44645690917969,4.98,0.0,0
46806,120.394,63.79900000000001,-1.0,0.0,447.685,0.0,0.0,0.0,5.742,0,3.0,-0.35000000000000003,309.825,2.0867,35.13,35.44645690917969,4.98,0.0,0
46806,120.394,63.779,-0.5,0.0,447.32300000000004,0.0,0.0,0.0,5.742,0,0.0,-0.36,309.825,5.3611,34.53,35.44645690917969,4.98,0.0,0
46806,120.735,63.760000000000005,-1.5,0.0,447.444,0.0,0.0,0.0,5.742,0,0.0,-0.375,309.825,1.0557,34.230000000000004,35.44645690917969,4.98,0.0,0
46806,120.394,63.75,-1.5,0.0,447.625,0.0,0.0,0.0,5.742,0,3.0,-0.39,309.825,-2.4908,33.54,35.44645690917969,4.98,0.0,0
46806,120.735,63.730000000000004,-2.0,0.0,447.564,0.0,0.0,0.0,5.742,0,4.0,-0.37,309.825,-0.9238000000000001,33.93,35.44645690917969,4.98,0.0,0
46806,120.394,63.711000000000006,-1.5,0.0,447.504,0.0,0.0,0.0,5.742,0,1.0,-0.37,309.825,-0.5114000000000001,34.230000000000004,35.44645690917969,4.98,0.0,0
46806,120.735,63.701,-1.5,0.0,447.262,0.0,0.0,0.0,5.742,0,2.0,-0.395,309.69,0.42060000000000003,35.31,35.44645690917969,4.98,0.0,0
46806,121.07600000000001,63.682,-1.5,0.0,447.262,0.0,0.0,0.0,5.742,0,1.0,-0.34500000000000003,309.915,1.3691,35.730000000000004,35.44645690917969,4.98,0.0,0
46806,120.565,63.662000000000006,-0.5,0.0,447.746,0.0,0.0,0.0,5.742,0,1.0,-0.385,309.915,1.6331,36.24,35.44645690917969,4.98,0.0,0
46806,120.735,63.652,-1.5,0.0,447.746,0.0,0.0,0.0,5.742,0,2.0,-0.35000000000000003,309.915,2.9527,36.54,35.44645690917969,4.98,0.0,0
46806,120.394,63.633,-1.5,0.0,447.746,0.0,0.0,0.0,5.742,0,3.0,-0.365,309.825,-2.6888,36.81,35.44645690917969,4.98,0.0,0
46806,120.735,63.613,-0.5,0.0,447.685,0.0,0.0,0.0,5.742,0,3.0,-0.375,309.69,-3.9342,36.36,35.44645690917969,4.98,0.0,0
46806,120.394,63.604000000000006,-2.0,0.0,447.625,0.0,0.0,0.0,5.742,0,5.0,-0.365,309.825,0.5444,35.97,35.44645690917969,4.98,0.0,0
46806,120.906,63.584,-1.0,0.0,447.383,0.0,0.0,0.0,5.742,0,4.0,-0.35000000000000003,309.915,2.3094,35.37,35.44645690917969,4.98,0.0,0
46806,120.906,63.564,-1.5,0.0,447.444,0.0,0.0,0.0,5.742,0,1.0,-0.365,309.825,-0.6846,33.84,35.44645690917969,4.98,0.0,0
46806,120.735,63.555,-1.5,0.0,447.444,0.0,0.0,0.0,5.742,0,2.0,-0.38,309.915,-0.3299,33.480000000000004,35.44645690917969,4.98,0.0,0
46806,121.07600000000001,63.535000000000004,-1.5,0.0,447.625,0.0,0.0,0.0,5.742,0,2.0,-0.37,309.825,-1.963,33.81,35.44645690917969,4.98,0.0,0
46806,120.906,63.516000000000005,-1.0,0.0,447.504,0.0,0.0,0.0,5.742,0,1.0,-0.36,309.825,0.9650000000000001,34.68,35.44645690917969,4.98,0.0,0
46806,120.906,63.506,-2.0,0.0,447.564,0.0,0.0,0.0,5.742,0,2.0,-0.375,309.915,0.5938,35.01,35.44645690917969,4.98,0.0,0
46806,120.906,63.486000000000004,-1.5,0.0,447.625,0.0,0.0,0.0,5.742,0,2.0,-0.375,309.69,-1.6496000000000002,36.18,35.44645690917969,4.98,0.0,0
46806,121.07600000000001,63.467000000000006,-1.5,0.0,447.806,0.0,0.0,0.0,5.742,0,3.0,-0.375,309.825,-0.19790000000000002,36.96,35.44645690917969,4.98,0.0,0
46806,120.906,63.447,-1.5,0.0,447.625,0.0,0.0,0.0,5.742,0,1.0,-0.37,309.825,-0.8578,37.2,35.44645690917969,4.98,0.0,0
46806,120.906,63.438,-2.0,0.0,447.32300000000004,0.0,0.0,0.0,5.742,0,1.0,-0.375,309.915,-0.5691,36.300000000000004,35.44645690917969,4.98,0.0,0
46806,120.394,63.418000000000006,-1.5,0.0,447.32300000000004,0.0,0.0,0.0,5.742,0,1.0,-0.395,309.825,1.1217000000000001,35.67,35.44645690917969,4.98,0.0,0
46806,120.565,63.398,-1.5,0.0,447.625,0.0,0.0,0.0,5.742,0,2.0,-0.375,309.69,1.0145,35.550000000000004,35.44645690917969,4.98,0.0,0
46806,121.07600000000001,63.398,-1.5,0.0,447.625,0.0,0.0,0.0,5.742,0,2.0,-0.38,309.69,0.3629,35.46,35.44645690917969,4.98,0.0,0
46806,120.906,63.389,-2.0,0.0,447.383,0.0,0.0,0.0,5.742,0,1.0,-0.37,309.825,-3.0352,35.25,35.44645690917969,4.98,0.0,0
46806,120.735,63.369,-2.0,0.0,447.504,0.0,0.0,0.0,5.742,0,3.0,-0.36,309.915,1.7815,35.19,35.44645690917969,4.98,0.0,0
46806,121.07600000000001,63.35,-2.5,0.0,447.444,0.0,0.0,0.0,5.742,0,3.0,-0.36,309.825,3.563,34.800000000000004,35.44645690917969,4.98,0.0,0
46806,120.735,63.34,-1.5,0.0,447.262,0.0,0.0,0.0,5.742,0,2.0,-0.355,309.825,-0.5279,34.02,35.44645690917969,4.98,0.0,0
46806,121.07600000000001,63.32,-1.5,0.0,447.383,0.0,0.0,0.0,5.742,0,2.0,-0.38,309.825,-3.1672000000000002,34.68,35.44645690917969,4.98,0.0,0
46806,121.07600000000001,63.301,-1.5,0.0,447.444,0.0,0.0,0.0,5.742,0,2.0,-0.37,309.825,-1.0557,34.56,35.44645690917969,4.98,0.0,0
46806,120.906,63.281000000000006,-2.0,0.0,447.564,0.0,0.0,0.0,5.742,0,3.0,-0.365,309.825,2.9032,35.01,35.44645690917969,4.98,0.0,0
46806,120.906,63.271,-2.0,0.0,447.262,0.0,0.0,0.0,5.742,0,2.0,-0.405,309.825,2.6393,36.15,35.44645690917969,4.98,0.0,0
46806,121.07600000000001,63.252,-1.5,0.0,447.383,0.0,0.0,0.0,5.742,0,2.0,-0.395,309.825,-1.5836000000000001,37.17,35.44645690917969,4.98,0.0,0
46806,121.07600000000001,63.232000000000006,-1.5,0.0,447.625,0.0,0.0,0.0,5.742,0,3.0,-0.36,309.825,-1.5836000000000001,37.5,35.44645690917969,4.98,0.0,0
46806,121.07600000000001,63.223000000000006,-1.5,0.0,447.262,0.0,0.0,0.0,5.742,0,4.0,-0.34500000000000003,309.69,-2.7713,36.03,35.44645690917969,4.98,0.0,0
46806,121.07600000000001,63.203,-1.5,0.0,447.081,0.0,0.0,0.0,5.742,0,3.0,-0.385,309.69,-2.2764,35.730000000000004,35.44645690917969,4.98,0.0,0
46806,120.735,63.184000000000005,-1.5,0.0,447.141,0.0,0.0,0.0,5.742,0,2.0,-0.365,309.915,-0.132,35.43,35.44645690917969,4.98,0.0,0
46806,120.906,63.174,-1.5,0.0,447.625,0.0,0.0,0.0,5.742,0,3.0,-0.325,309.825,0.4289,35.79,35.44645690917969,4.98,0.0,0
46806,121.07600000000001,63.154,-1.5,0.0,447.444,0.0,0.0,0.0,5.742,0,4.0,-0.355,309.69,2.1114,36.27,35.44645690917969,4.98,0.0,0
46806,121.07600000000001,63.154,-2.0,0.0,447.444,0.0,0.0,0.0,5.742,0,4.0,-0.32,309.6,0.5444,36.24,35.44645690917969,4.98,0.0,0
46806,120.906,63.135000000000005,-1.5,0.0,447.685,0.0,0.0,0.0,5.742,0,2.0,-0.36,309.69,-3.9177000000000004,36.300000000000004,35.44645690917969,4.98,0.0,0
46806,121.417,63.115,-1.5,0.0,447.746,0.0,0.0,0.0,5.742,0,3.0,-0.35000000000000003,309.6,-1.3444,35.37,35.44645690917969,4.98,0.0,0
46806,121.07600000000001,63.105000000000004,-1.0,0.0,447.625,0.0,0.0,0.0,5.742,0,1.0,-0.38,309.825,3.7363000000000004,34.56,35.44645690917969,4.98,0.0,0
46806,121.07600000000001,63.086000000000006,-1.5,0.0,447.564,0.0,0.0,0.0,5.742,0,1.0,-0.395,309.825,3.1424000000000003,34.5,35.44645690917969,4.98,0.0,0
46806,121.07600000000001,63.066,-1.5,0.0,447.746,0.0,0.0,0.0,5.742,0,2.0,-0.34,309.825,5.7405,35.25,35.44645690917969,4.98,0.0,0
46806,120.906,63.057,-1.5,0.0,447.746,0.0,0.0,0.0,5.742,0,3.0,-0.37,309.825,0.132,36.6,35.44645690917969,4.98,0.0,0
46806,121.07600000000001,63.037000000000006,-2.0,0.0,447.383,0.0,0.0,0.0,5.742,0,3.0,-0.385,309.69,-3.3404000000000003,37.56,35.44645690917969,4.98,0.0,0
46806,121.07600000000001,63.018,-1.5,0.0,447.625,0.0,0.0,0.0,5.742,0,3.0,-0.35000000000000003,309.825,-3.563,37.08,35.44645690917969,4.98,0.0,0
46806,121.07600000000001,63.008,-1.5,0.0,447.927,0.0,0.0,0.0,5.742,0,0.0,-0.365,309.915,1.8310000000000002,36.81,35.44645690917969,4.98,0.0,0
46806,121.07600000000001,62.988,-1.5,0.0,448.048,0.0,0.0,0.0,5.742,0,2.0,-0.37,309.69,3.4311000000000003,36.24,35.44645690917969,4.98,0.0,0
46806,121.07600000000001,62.969,-1.5,0.0,447.444,0.0,0.0,0.0,5.742,0,3.0,-0.355,309.69,-1.9795,35.7,35.44645690917969,4.98,0.0,0
46806,121.07600000000001,62.959,-2.0,0.0,447.746,0.0,0.0,0.0,5.742,0,2.0,-0.35000000000000003,309.825,-0.5114000000000001,35.82,35.44645690917969,4.98,0.0,0
46806,121.07600000000001,62.949000000000005,-1.5,0.0,447.746,0.0,0.0,0.0,5.742,0,3.0,-0.355,309.825,0.066,35.76,35.44645690917969,4.98,0.0,0
46806,120.906,62.939,-2.0,0.0,447.927,0.0,0.0,0.0,5.742,0,3.0,-0.37,309.915,5.5425,35.7,35.44645690917969,4.98,0.0,0
46806,121.07600000000001,62.92,-1.5,0.0,447.988,0.0,0.0,0.0,5.742,0,2.0,-0.32,309.915,1.4186,35.34,35.44645690917969,4.98,0.0,0
46806,121.07600000000001,62.900000000000006,-1.5,0.0,447.746,0.0,0.0,0.0,5.742,0,1.0,-0.37,309.825,-1.3196,35.01,35.44645690917969,4.98,0.0,0
46806,120.906,62.891000000000005,-1.5,0.0,447.685,0.0,0.0,0.0,5.742,0,4.0,-0.395,309.825,0.066,34.29,35.44645690917969,4.98,0.0,0
46806,121.247,62.871,-1.5,0.0,447.867,0.0,0.0,0.0,5.742,0,4.0,-0.35000000000000003,309.915,0.2639,34.05,35.44645690917969,4.98,0.0,0
46806,121.07600000000001,62.852000000000004,-1.5,0.0,448.10900000000004,0.0,0.0,0.0,5.742,0,2.0,-0.34,309.69,-0.9567,34.83,35.44645690917969,4.98,0.0,0
46806,121.07600000000001,62.842000000000006,-2.0,0.0,447.867,0.0,0.0,0.0,5.742,0,3.0,-0.34500000000000003,309.825,-2.2434000000000003,35.76,35.44645690917969,4.98,0.0,0
46806,121.07600000000001,62.822,-2.0,0.0,447.625,0.0,0.0,0.0,5.742,0,3.0,-0.365,309.825,-5.7405,37.14,35.44645690917969,4.98,0.0,0
46806,121.58800000000001,62.803000000000004,-2.0,0.0,447.564,0.0,0.0,0.0,5.742,0,2.0,-0.35000000000000003,309.825,2.7713,37.17,35.44645690917969,4.98,0.0,0
46806,121.417,62.793000000000006,-1.5,0.0,447.927,0.0,0.0,0.0,5.742,0,2.0,-0.355,309.825,3.9589000000000003,37.14,35.44645690917969,4.98,0.0,0
46806,121.247,62.773,-1.5,0.0,448.048,0.0,0.0,0.0,5.742,0,2.0,-0.39,309.825,-1.9795,36.87,35.44645690917969,4.98,0.0,0
46806,121.07600000000001,62.754000000000005,-2.0,0.0,447.746,0.0,0.0,0.0,5.742,0,5.0,-0.365,309.825,-2.3754,35.88,35.44645690917969,4.98,0.0,0
46806,121.247,62.744,-1.5,0.0,447.927,0.0,0.0,0.0,5.742,0,2.0,-0.39,309.69,-1.1877,35.19,35.44645690917969,4.98,0.0,0
46806,121.417,62.725,-2.0,0.0,447.927,0.0,0.0,0.0,5.742,0,5.0,-0.33,309.825,-0.7918000000000001,34.59,35.44645690917969,4.98,0.0,0
46806,121.58800000000001,62.705000000000005,-1.5,0.0,447.927,0.0,0.0,0.0,5.742,0,3.0,-0.4,309.825,1.5836000000000001,34.71,35.44645690917969,4.98,0.0,0
46806,121.07600000000001,62.686,-2.5,0.0,448.23,0.0,0.0,0.0,5.742,0,3.0,-0.4,309.825,3.8600000000000003,34.38,35.44645690917969,4.98,0.0,0
46806,121.247,62.676,-1.5,0.0,448.23,0.0,0.0,0.0,5.742,0,2.0,-0.385,309.825,0.6598,34.29,35.44645690917969,4.98,0.0,0
46806,121.58800000000001,62.656000000000006,-1.5,0.0,447.927,0.0,0.0,0.0,5.742,0,3.0,-0.31,309.825,2.9032,35.1,35.44645690917969,4.98,0.0,0
46806,121.58800000000001,62.637,-2.0,0.0,447.746,0.0,0.0,0.0,5.742,0,2.0,-0.38,309.825,-1.7155,36.21,35.44645690917969,4.98,0.0,0
46806,121.58800000000001,62.627,-1.0,0.0,447.625,0.0,0.0,0.0,5.742,0,2.0,-0.4,309.69,-0.9567,36.39,35.44645690917969,4.98,0.0,0
46806,121.58800000000001,62.607000000000006,-2.0,0.0,447.927,0.0,0.0,0.0,5.742,0,2.0,-0.36,309.825,1.0557,36.660000000000004,35.44645690917969,4.98,0.0,0
46806,121.417,62.588,-1.5,0.0,447.927,0.0,0.0,0.0,5.742,0,2.0,-0.39,309.915,0.7258,36.300000000000004,35.44645690917969,4.98,0.0,0
46806,121.58800000000001,62.578,-1.5,0.0,447.746,0.0,0.0,0.0,5.742,0,2.0,-0.325,309.825,3.563,36.39,35.44645690917969,4.98,0.0,0
46806,121.758,62.559000000000005,-2.0,0.0,447.927,0.0,0.0,0.0,5.742,0,4.0,-0.315,309.69,-3.3321,36.81,35.44645690917969,4.98,0.0,0
46806,121.417,62.539,-1.0,0.0,448.048,0.0,0.0,0.0,5.742,0,3.0,-0.365,309.69,-6.4663,36.45,35.44645690917969,4.98,0.0,0
46806,121.58800000000001,62.529,-1.5,0.0,447.988,0.0,0.0,0.0,5.742,0,3.0,-0.37,309.825,1.0557,35.97,35.44645690917969,4.98,0.0,0
46806,121.07600000000001,62.510000000000005,-1.0,0.0,447.625,0.0,0.0,0.0,5.742,0,4.0,-0.35000000000000003,309.69,0.9238000000000001,35.730000000000004,35.44645690917969,4.98,0.0,0
46806,121.758,62.49,-1.5,0.0,447.746,0.0,0.0,0.0,5.742,0,2.0,-0.37,309.915,-2.2764,35.01,35.44645690917969,4.98,0.0,0
46806,121.247,62.480000000000004,-2.0,0.0,447.988,0.0,0.0,0.0,5.742,0,-2.0,-0.315,309.825,1.5836000000000001,34.44,35.44645690917969,4.98,0.0,0
46806,121.07600000000001,62.461000000000006,-1.0,0.0,447.746,0.0,0.0,0.0,5.742,0,2.0,-0.335,309.69,1.0557,34.38,35.44645690917969,4.98,0.0,0
46806,121.58800000000001,62.441,-1.5,0.0,447.988,0.0,0.0,0.0,5.742,0,2.0,-0.37,309.69,-5.806500000000001,34.59,35.44645690917969,4.98,0.0,0
46806,121.58800000000001,62.432,-1.0,0.0,447.746,0.0,0.0,0.0,5.742,0,3.0,-0.3,309.915,0.9897,35.910000000000004,35.44645690917969,4.98,0.0,0
46806,121.07600000000001,62.412000000000006,-1.5,0.0,447.746,0.0,0.0,0.0,5.742,0,3.0,-0.355,309.825,4.7507,35.97,35.44645690917969,4.98,0.0,0
46806,121.929,62.412000000000006,-1.5,0.0,447.927,0.0,0.0,0.0,5.742,0,4.0,-0.315,309.69,3.4311000000000003,35.97,35.44645690917969,4.98,0.0,0
46806,121.758,62.393,-1.5,0.0,447.988,0.0,0.0,0.0,5.742,0,3.0,-0.335,309.915,0.1567,36.15,35.44645690917969,4.98,0.0,0
46806,121.417,62.373000000000005,-1.5,0.0,447.806,0.0,0.0,0.0,5.742,0,-1.0,-0.36,309.825,2.7218,36.57,35.44645690917969,4.98,0.0,0
46806,121.758,62.363,-2.0,0.0,448.048,0.0,0.0,0.0,5.742,0,1.0,-0.375,309.825,3.629,36.96,35.44645690917969,4.98,0.0,0
46806,121.417,62.344,-1.0,0.0,447.927,0.0,0.0,0.0,5.742,0,2.0,-0.33,309.825,-5.46,36.51,35.44645690917969,4.98,0.0,0
46806,121.758,62.324000000000005,-2.0,0.0,447.806,0.0,0.0,0.0,5.742,0,2.0,-0.34500000000000003,309.825,-1.5011,36.57,35.44645690917969,4.98,0.0,0
46806,121.929,62.314,-1.5,0.0,447.927,0.0,0.0,0.0,5.742,0,2.0,-0.355,309.825,2.1774,35.43,35.44645690917969,4.98,0.0,0
46806,121.58800000000001,62.295,-1.5,0.0,448.169,0.0,0.0,0.0,5.742,0,2.0,-0.35000000000000003,309.825,0.0,34.65,35.44645690917969,4.98,0.0,0
46806,121.929,62.275000000000006,-1.5,0.0,447.927,0.0,0.0,0.0,5.742,0,2.0,-0.34,309.69,0.42060000000000003,34.05,35.44645690917969,4.98,0.0,0
46806,121.758,62.256,-2.0,0.0,447.746,0.0,0.0,0.0,5.742,0,1.0,-0.34,309.825,-1.5176,33.75,35.44645690917969,4.98,0.0,0
46806,121.758,62.246,-1.5,0.0,447.806,0.0,0.0,0.0,5.742,0,1.0,-0.36,309.69,-1.6248,34.32,35.44645690917969,4.98,0.0,0
46806,121.758,62.227000000000004,-1.5,0.0,447.746,0.0,0.0,0.0,5.742,0,-1.0,-0.355,309.825,1.1877,34.86,35.44645690917969,4.98,0.0,0
46806,121.929,62.207,-2.5,0.0,447.927,0.0,0.0,0.0,5.742,0,2.0,-0.365,309.825,-3.761,35.31,35.44645690917969,4.98,0.0,0
46806,121.758,62.197,-2.0,0.0,447.867,0.0,0.0,0.0,5.742,0,3.0,-0.365,309.69,0.0247,35.82,35.44645690917969,4.98,0.0,0
46806,121.758,62.178000000000004,-2.0,0.0,447.927,0.0,0.0,0.0,5.742,0,5.0,-0.365,309.915,3.0847,35.79,35.44645690917969,4.98,0.0,0
46806,121.758,62.158,-1.5,0.0,447.988,0.0,0.0,0.0,5.742,0,5.0,-0.36,309.825,2.6805000000000003,35.07,35.44645690917969,4.98,0.0,0
46806,121.758,62.148,-1.5,0.0,447.867,0.0,0.0,0.0,5.742,0,3.0,-0.305,309.915,5.1714,35.22,35.44645690917969,4.98,0.0,0
46806,121.758,62.129000000000005,-1.5,0.0,447.927,0.0,0.0,0.0,5.742,0,4.0,-0.385,309.69,-2.6805000000000003,35.97,35.44645690917969,4.98,0.0,0
46806,121.758,62.109,-2.0,0.0,447.746,0.0,0.0,0.0,5.742,0,3.0,-0.4,309.825,-5.1466,36.54,35.44645690917969,4.98,0.0,0
46806,122.27,62.1,-1.5,0.0,447.685,0.0,0.0,0.0,5.742,0,3.0,-0.34,309.825,-4.1404000000000005,36.06,35.44645690917969,4.98,0.0,0
46806,121.758,62.080000000000005,-2.0,0.0,447.746,0.0,0.0,0.0,5.742,0,2.0,-0.34,309.825,0.1072,34.980000000000004,35.44645690917969,4.98,0.0,0
46806,121.758,62.061,-2.0,0.0,447.746,0.0,0.0,0.0,5.742,0,2.0,-0.34500000000000003,309.69,0.5938,34.08,35.44645690917969,4.98,0.0,0
46806,121.58800000000001,62.061,-1.0,0.0,447.746,0.0,0.0,0.0,5.742,0,2.0,-0.365,309.69,-0.39590000000000003,34.02,35.44645690917969,4.98,0.0,0
46806,121.758,62.041000000000004,-1.0,0.0,447.685,0.0,0.0,0.0,5.742,0,2.0,-0.355,309.915,0.19790000000000002,33.6,35.44645690917969,4.98,0.0,0
46806,121.758,62.031000000000006,-1.5,0.0,448.10900000000004,0.0,0.0,0.0,5.742,0,2.0,-0.4,309.825,1.5836000000000001,33.9,35.44645690917969,4.98,0.0,0
46806,121.58800000000001,62.012,-2.0,0.0,447.927,0.0,0.0,0.0,5.742,0,2.0,-0.25,309.825,2.5403000000000002,34.65,35.44645690917969,4.98,0.0,0
46806,121.929,61.992000000000004,-1.5,0.0,447.746,0.0,0.0,0.0,5.742,0,4.0,-0.32,309.69,-4.6188,35.94,35.44645690917969,4.98,0.0,0
46806,121.758,61.982000000000006,-1.5,0.0,448.169,0.0,0.0,0.0,5.742,0,0.0,-0.355,309.825,0.7918000000000001,36.15,35.44645690917969,4.98,0.0,0
46806,121.758,61.963,-2.0,0.0,448.10900000000004,0.0,0.0,0.0,5.742,0,2.0,-0.36,309.915,3.2991,35.910000000000004,35.44645690917969,4.98,0.0,0
46806,121.758,61.943000000000005,-2.5,0.0,447.867,0.0,0.0,0.0,5.742,0,3.0,-0.36,309.825,-0.3629,35.43,35.44645690917969,4.98,0.0,0
46806,121.58800000000001,61.934000000000005,-1.5,0.0,447.564,0.0,0.0,0.0,5.742,0,3.0,-0.315,309.825,-3.4311000000000003,34.86,35.44645690917969,4.98,0.0,0
46806,121.929,61.914,-1.5,0.0,447.927,0.0,0.0,0.0,5.742,0,3.0,-0.325,309.915,-2.3754,35.25,35.44645690917969,4.98,0.0,0
46806,122.10000000000001,61.895,-2.0,0.0,447.927,0.0,0.0,0.0,5.742,0,1.0,-0.37,309.825,2.3754,35.49,35.44645690917969,4.98,0.0,0
46806,121.758,61.875,-1.5,0.0,447.927,0.0,0.0,0.0,5.742,0,2.0,-0.38,309.825,1.0557,35.07,35.44645690917969,4.98,0.0,0
46806,121.929,61.865,-1.5,0.0,448.10900000000004,0.0,0.0,0.0,5.742,0,3.0,-0.32,309.69,-4.6188,34.980000000000004,35.44645690917969,4.98,0.0,0
46806,122.10000000000001,61.846000000000004,-1.5,0.0,447.746,0.0,0.0,0.0,5.742,0,4.0,-0.39,309.69,-1.2207000000000001,34.59,35.44645690917969,4.98,0.0,0
46806,121.758,61.826,-2.0,0.0,447.867,0.0,0.0,0.0,5.742,0,3.0,-0.365,309.915,1.5836000000000001,34.230000000000004,35.44645690917969,4.98,0.0,0
46806,121.929,61.816,-1.5,0.0,448.10900000000004,0.0,0.0,0.0,5.742,0,4.0,-0.36,309.825,1.2207000000000001,34.26,35.44645690917969,4.98,0.0,0
46806,121.58800000000001,61.797000000000004,-1.5,0.0,447.927,0.0,0.0,0.0,5.742,0,3.0,-0.335,309.69,-0.7918000000000001,34.5,35.44645690917969,4.98,0.0,0
46806,122.10000000000001,61.777,-2.5,0.0,448.10900000000004,0.0,0.0,0.0,5.742,0,2.0,-0.245,309.825,0.8578,36.12,35.44645690917969,4.98,0.0,0
46806,121.758,61.768,-1.5,0.0,448.10900000000004,0.0,0.0,0.0,5.742,0,3.0,-0.3,309.915,3.0352,37.050000000000004,35.44645690917969,4.98,0.0,0
46806,121.758,61.748000000000005,-1.0,0.0,447.988,0.0,0.0,0.0,5.742,0,1.0,-0.34500000000000003,309.69,-2.1114,37.08,35.44645690917969,4.98,0.0,0
46806,121.58800000000001,61.729000000000006,-1.5,0.0,447.625,0.0,0.0,0.0,5.742,0,3.0,-0.34,309.69,-3.4311000000000003,36.69,35.44645690917969,4.98,0.0,0
46806,122.10000000000001,61.719,-1.5,0.0,448.048,0.0,0.0,0.0,5.742,0,1.0,-0.35000000000000003,309.825,-3.3651,36.03,35.44645690917969,4.98,0.0,0
46806,122.10000000000001,61.699000000000005,-1.5,0.0,448.23,0.0,0.0,0.0,5.742,0,4.0,-0.34500000000000003,309.915,4.0909,35.910000000000004,35.44645690917969,4.98,0.0,0
46806,121.758,61.68,-1.5,0.0,448.10900000000004,0.0,0.0,0.0,5.742,0,4.0,-0.395,309.915,4.5858,35.37,35.44645690917969,4.98,0.0,0
46806,121.758,61.67,-1.5,0.0,447.806,0.0,0.0,0.0,5.742,0,0.0,-0.34500000000000003,309.825,-1.9795,35.7,35.44645690917969,4.98,0.0,0
46806,122.27,61.650000000000006,-2.5,0.0,447.927,0.0,0.0,0.0,5.742,0,1.0,-0.32,309.825,0.066,35.58,35.44645690917969,4.98,0.0,0
46806,121.758,61.631,-1.5,0.0,448.169,0.0,0.0,0.0,5.742,0,-2.0,-0.31,309.825,1.7155,34.77,35.44645690917969,4.98,0.0,0
46806,122.27,61.621,-1.5,0.0,447.988,0.0,0.0,0.0,5.742,0,0.0,-0.33,309.69,0.099,34.44,35.44645690917969,4.98,0.0,0
46806,121.929,61.611000000000004,-1.0,0.0,447.988,0.0,0.0,0.0,5.742,0,0.0,-0.34500000000000003,309.69,-1.097,34.5,35.44645690917969,4.98,0.0,0
46806,121.929,61.602000000000004,-1.5,0.0,447.806,0.0,0.0,0.0,5.742,0,2.0,-0.325,309.825,-0.9897,34.38,35.44645690917969,4.98,0.0,0
46806,122.10000000000001,61.582,-1.5,0.0,447.746,0.0,0.0,0.0,5.742,0,2.0,-0.37,309.825,-1.5176,34.89,35.44645690917969,4.98,0.0,0
46806,122.10000000000001,61.563,-1.5,0.0,447.444,0.0,0.0,0.0,5.742,0,2.0,-0.375,309.825,-0.1567,36.24,35.44645690917969,4.98,0.0,0
46806,122.27,61.553000000000004,-1.5,0.0,447.746,0.0,0.0,0.0,5.742,0,1.0,-0.31,309.825,0.2144,37.44,35.44645690917969,4.98,0.0,0
46806,122.10000000000001,61.533,-2.0,0.0,447.746,0.0,0.0,0.0,5.742,0,2.0,-0.305,309.915,0.5773,37.5,35.44645690917969,4.98,0.0,0
46806,121.929,61.514,-1.5,0.0,447.444,0.0,0.0,0.0,5.742,0,3.0,-0.425,309.825,0.5031,37.35,35.44645690917969,4.98,0.0,0
46806,122.441,61.504000000000005,-1.5,0.0,447.927,0.0,0.0,0.0,5.742,0,2.0,-0.365,309.69,0.5526,36.15,35.44645690917969,4.98,0.0,0
46806,122.27,61.484,-1.5,0.0,448.291,0.0,0.0,0.0,5.742,0,3.0,-0.37,309.69,-4.8580000000000005,35.160000000000004,35.44645690917969,4.98,0.0,0
46806,122.10000000000001,61.465,-2.0,0.0,447.867,0.0,0.0,0.0,5.742,0,2.0,-0.325,309.825,-1.3856000000000002,35.04,35.44645690917969,4.98,0.0,0
46806,121.758,61.455000000000005,-1.0,0.0,447.746,0.0,0.0,0.0,5.742,0,2.0,-0.29,309.825,5.0971,35.46,35.44645690917969,4.98,0.0,0
46806,122.441,61.436,-1.5,0.0,447.988,0.0,0.0,0.0,5.742,0,2.0,-0.355,309.825,1.7568000000000001,35.730000000000004,35.44645690917969,4.98,0.0,0
46806,122.27,61.416000000000004,-2.0,0.0,447.806,0.0,0.0,0.0,5.742,0,3.0,-0.37,309.825,-1.5011,35.550000000000004,35.44645690917969,4.98,0.0,0
46806,121.929,61.396,-2.0,0.0,447.685,0.0,0.0,0.0,5.742,0,2.0,-0.32,309.825,2.1774,35.4,35.44645690917969,4.98,0.0,0
46806,122.27,61.387,-1.5,0.0,447.746,0.0,0.0,0.0,5.742,0,2.0,-0.365,309.825,0.0,35.160000000000004,35.44645690917969,4.98,0.0,0
46806,122.441,61.367000000000004,-1.5,0.0,447.625,0.0,0.0,0.0,5.742,0,-1.0,-0.315,309.825,-2.5733,34.44,35.44645690917969,4.98,0.0,0
46806,122.27,61.348000000000006,-1.5,0.0,447.685,0.0,0.0,0.0,5.742,0,2.0,-0.365,309.915,2.2929,35.64,35.44645690917969,4.98,0.0,0
46806,122.10000000000001,61.338,-1.5,0.0,447.927,0.0,0.0,0.0,5.742,0,1.0,-0.35000000000000003,309.825,2.1774,36.660000000000004,35.44645690917969,4.98,0.0,0
46806,122.10000000000001,61.318000000000005,-1.5,0.0,448.10900000000004,0.0,0.0,0.0,5.742,0,3.0,-0.315,309.915,0.3547,36.84,35.44645690917969,4.98,0.0,0
46806,122.27,61.299,-2.0,0.0,448.23,0.0,0.0,0.0,5.742,0,3.0,-0.335,309.825,-2.5568,37.02,35.44645690917969,4.98,0.0,0
46806,122.10000000000001,61.289,-1.5,0.0,447.746,0.0,0.0,0.0,5.742,0,2.0,-0.32,309.825,-0.46190000000000003,36.42,35.44645690917969,4.98,0.0,0
46806,122.441,61.27,-2.0,0.0,447.806,0.0,0.0,0.0,5.742,0,2.0,-0.355,309.825,0.7423000000000001,35.7,35.44645690917969,4.98,0.0,0
46806,122.27,61.27,-1.5,0.0,447.806,0.0,0.0,0.0,5.742,0,2.0,-0.34500000000000003,309.825,1.3856000000000002,35.64,35.44645690917969,4.98,0.0,0
46806,122.10000000000001,61.25,-2.0,0.0,448.169,0.0,0.0,0.0,5.742,0,2.0,-0.375,309.915,3.1672000000000002,35.1,35.44645690917969,4.98,0.0,0
46806,122.27,61.230000000000004,-2.0,0.0,448.291,0.0,0.0,0.0,5.742,0,3.0,-0.36,309.825,0.5279,35.49,35.44645690917969,4.98,0.0,0
46806,122.441,61.221000000000004,-1.0,0.0,448.291,0.0,0.0,0.0,5.742,0,4.0,-0.305,309.825,-2.1114,35.1,35.44645690917969,4.98,0.0,0
46806,122.27,61.201,-1.5,0.0,448.47200000000004,0.0,0.0,0.0,5.742,0,2.0,-0.29,309.69,-2.4743,35.4,35.44645690917969,4.98,0.0,0
46806,122.441,61.182,-2.0,0.0,448.291,0.0,0.0,0.0,5.742,0,1.0,-0.38,309.825,-3.1672000000000002,35.13,35.44645690917969,4.98,0.0,0
46806,122.441,61.172000000000004,-1.5,0.0,447.927,0.0,0.0,0.0,5.742,0,0.0,-0.32,309.825,-1.5836000000000001,34.95,35.44645690917969,4.98,0.0,0
46806,122.27,61.152,-2.0,0.0,448.23,0.0,0.0,0.0,5.742,0,2.0,-0.34500000000000003,309.825,4.3548,35.4,35.44645690917969,4.98,0.0,0
46806,122.441,61.133,-1.5,0.0,448.291,0.0,0.0,0.0,5.742,0,3.0,-0.315,309.69,0.099,35.58,35.44645690917969,4.98,0.0,0
46806,122.441,61.123000000000005,-1.5,0.0,448.048,0.0,0.0,0.0,5.742,0,4.0,-0.335,309.825,0.132,36.42,35.44645690917969,4.98,0.0,0
46806,122.27,61.104000000000006,-1.0,0.0,447.988,0.0,0.0,0.0,5.742,0,4.0,-0.34,309.69,-2.0125,37.26,35.44645690917969,4.98,0.0,0
46806,122.10000000000001,61.084,-1.5,0.0,447.927,0.0,0.0,0.0,5.742,0,3.0,-0.34,309.825,-0.39590000000000003,36.99,35.44645690917969,4.98,0.0,0
46806,122.441,61.074000000000005,-1.0,0.0,448.10900000000004,0.0,0.0,0.0,5.742,0,0.0,-0.34500000000000003,309.825,0.7918000000000001,36.84,35.44645690917969,4.98,0.0,0
46806,121.929,61.064,-2.0,0.0,448.10900000000004,0.0,0.0,0.0,5.742,0,0.0,-0.355,309.825,1.0557,36.78,35.44645690917969,4.98,0.0,0
46806,122.27,61.055,-1.5,0.0,448.47200000000004,0.0,0.0,0.0,5.742,0,1.0,-0.33,309.825,0.37120000000000003,36.57,35.44645690917969,4.98,0.0,0
46806,122.27,61.035000000000004,-2.0,0.0,448.351,0.0,0.0,0.0,5.742,0,2.0,-0.34,309.825,0.19790000000000002,35.82,35.44645690917969,4.98,0.0,0
46806,122.441,61.016000000000005,-2.0,0.0,448.10900000000004,0.0,0.0,0.0,5.742,0,2.0,-0.34,309.69,1.4104,35.25,35.44645690917969,4.98,0.0,0
46806,122.441,61.006,-2.0,0.0,448.10900000000004,0.0,0.0,0.0,5.742,0,3.0,-0.375,309.915,1.5011,35.1,35.44645690917969,4.98,0.0,0
46806,122.441,60.986000000000004,-1.5,0.0,447.927,0.0,0.0,0.0,5.742,0,1.0,-0.24,309.69,0.6186,34.980000000000004,35.44645690917969,4.98,0.0,0
46806,122.441,60.967000000000006,-2.0,0.0,447.927,0.0,0.0,0.0,5.742,0,1.0,-0.37,309.915,2.2269,34.44,35.44645690917969,4.98,0.0,0
46806,122.10000000000001,60.957,-1.5,0.0,447.685,0.0,0.0,0.0,5.742,0,1.0,-0.34,309.915,0.46190000000000003,35.67,35.44645690917969,4.98,0.0,0
46806,122.27,60.938,-1.0,0.0,447.927,0.0,0.0,0.0,5.742,0,2.0,-0.34,309.69,-2.6805000000000003,35.85,35.44645690917969,4.98,0.0,0
46806,122.27,60.918000000000006,-2.5,0.0,447.927,0.0,0.0,0.0,5.742,0,3.0,-0.375,309.825,-3.0847,36.45,35.44645690917969,4.98,0.0,0
46806,122.27,60.908,-1.5,0.0,448.23,0.0,0.0,0.0,5.742,0,5.0,-0.35000000000000003,309.825,3.1012,36.63,35.44645690917969,4.98,0.0,0
46806,122.441,60.889,-1.5,0.0,448.169,0.0,0.0,0.0,5.742,0,2.0,-0.335,309.825,3.5383,36.33,35.44645690917969,4.98,0.0,0
46806,122.441,60.869,-2.0,0.0,447.927,0.0,0.0,0.0,5.742,0,0.0,-0.34,309.825,-3.8765,36.57,35.44645690917969,4.98,0.0,0
46806,122.27,60.859,-1.5,0.0,447.927,0.0,0.0,0.0,5.742,0,2.0,-0.365,309.825,-0.2639,36.51,35.44645690917969,4.98,0.0,0
46806,122.27,60.84,-2.0,0.0,447.927,0.0,0.0,0.0,5.742,0,0.0,-0.34500000000000003,309.825,2.3754,36.42,35.44645690917969,4.98,0.0,0
46806,122.611,60.82,-1.5,0.0,447.746,0.0,0.0,0.0,5.742,0,4.0,-0.325,309.69,0.48660000000000003,35.97,35.44645690917969,4.98,0.0,0
46806,122.441,60.801,-2.0,0.0,447.806,0.0,0.0,0.0,5.742,0,2.0,-0.34500000000000003,309.69,-2.5981,35.730000000000004,35.44645690917969,4.98,0.0,0
46806,122.441,60.791000000000004,-1.5,0.0,447.806,0.0,0.0,0.0,5.742,0,-2.0,-0.34500000000000003,309.825,-0.2639,34.65,35.44645690917969,4.98,0.0,0
46806,122.441,60.771,-1.5,0.0,447.625,0.0,0.0,0.0,5.742,0,2.0,-0.34500000000000003,309.915,3.8105,33.93,35.44645690917969,4.98,0.0,0
46806,122.441,60.771,-1.0,0.0,447.625,0.0,0.0,0.0,5.742,0,3.0,-0.36,309.915,4.486800000000001,33.87,35.44645690917969,4.98,0.0,0
46806,122.27,60.752,-2.0,0.0,448.048,0.0,0.0,0.0,5.742,0,3.0,-0.335,309.825,4.651800000000001,33.72,35.44645690917969,4.98,0.0,0
46806,122.441,60.742000000000004,-1.5,0.0,447.685,0.0,0.0,0.0,5.742,0,2.0,-0.34,309.915,1.0557,34.5,35.44645690917969,4.98,0.0,0
46806,122.441,60.723000000000006,-1.0,0.0,447.504,0.0,0.0,0.0,5.742,0,1.0,-0.35000000000000003,309.825,-1.5176,35.85,35.44645690917969,4.98,0.0,0
46806,122.441,60.703,-1.0,0.0,447.927,0.0,0.0,0.0,5.742,0,0.0,-0.335,309.69,-5.2786,36.54,35.44645690917969,4.98,0.0,0
46806,122.782,60.693000000000005,-2.0,0.0,447.988,0.0,0.0,0.0,5.742,0,1.0,-0.32,309.825,-5.2126,37.29,35.44645690917969,4.98,0.0,0
46806,122.27,60.674,-1.5,0.0,447.867,0.0,0.0,0.0,5.742,0,1.0,-0.33,309.69,0.0,36.93,35.44645690917969,4.98,0.0,0
46806,122.441,60.654,-1.5,0.0,448.47200000000004,0.0,0.0,0.0,5.742,0,1.0,-0.32,309.825,2.2764,35.67,35.44645690917969,4.98,0.0,0
46806,122.27,60.635000000000005,-2.0,0.0,448.351,0.0,0.0,0.0,5.742,0,3.0,-0.335,309.915,4.3548,35.37,35.44645690917969,4.98,0.0,0
46806,122.441,60.625,-1.5,0.0,447.867,0.0,0.0,0.0,5.742,0,3.0,-0.34,309.915,1.4186,35.28,35.44645690917969,4.98,0.0,0
46806,122.441,60.625,-1.5,0.0,447.867,0.0,0.0,0.0,5.742,0,2.0,-0.305,309.915,1.0805,35.25,35.44645690917969,4.98,0.0,0
46806,122.441,60.605000000000004,-1.5,0.0,447.927,0.0,0.0,0.0,5.742,0,4.0,-0.34500000000000003,309.825,-1.1217000000000001,35.88,35.44645690917969,4.98,0.0,0
46806,122.441,60.586000000000006,-1.5,0.0,447.867,0.0,0.0,0.0,5.742,0,4.0,-0.335,309.825,1.4021000000000001,35.64,35.44645690917969,4.98,0.0,0
46806,122.27,60.576,-2.0,0.0,447.927,0.0,0.0,0.0,5.742,0,3.0,-0.355,309.915,-2.7053000000000003,34.47,35.44645690917969,4.98,0.0,0
46806,122.441,60.557,-1.5,0.0,447.867,0.0,0.0,0.0,5.742,0,3.0,-0.325,309.825,1.1217000000000001,33.51,35.44645690917969,4.98,0.0,0
46806,122.441,60.537000000000006,-1.0,0.0,448.10900000000004,0.0,0.0,0.0,5.742,0,2.0,-0.34,309.825,2.9692000000000003,33.39,35.44645690917969,4.98,0.0,0
46806,122.441,60.518,-2.0,0.0,447.988,0.0,0.0,0.0,5.742,0,0.0,-0.37,309.69,-4.0002,34.83,35.44645690917969,4.98,0.0,0
46806,122.441,60.508,-1.5,0.0,448.351,0.0,0.0,0.0,5.742,0,3.0,-0.34500000000000003,309.915,-3.7115,35.94,35.44645690917969,4.98,0.0,0
46806,122.441,60.488,-1.0,0.0,448.593,0.0,0.0,0.0,5.742,0,2.0,-0.365,309.69,-0.0412,36.63,35.44645690917969,4.98,0.0,0
46806,122.441,60.469,-2.0,0.0,448.169,0.0,0.0,0.0,5.742,0,0.0,-0.315,309.825,4.66,36.36,35.44645690917969,4.98,0.0,0
46806,122.27,60.459,-1.5,0.0,448.10900000000004,0.0,0.0,0.0,5.742,0,-1.0,-0.335,309.825,-0.3299,35.94,35.44645690917969,4.98,0.0,0
46806,122.441,60.439,-1.5,0.0,448.291,0.0,0.0,0.0,5.742,0,2.0,-0.355,309.915,1.7403000000000002,36.18,35.44645690917969,4.98,0.0,0
46806,122.441,60.42,-1.5,0.0,447.927,0.0,0.0,0.0,5.742,0,2.0,-0.34,309.69,-1.7403000000000002,35.97,35.44645690917969,4.98,0.0,0
46806,122.441,60.410000000000004,-1.5,0.0,447.806,0.0,0.0,0.0,5.742,0,5.0,-0.34,309.825,-0.19790000000000002,36.300000000000004,35.44645690917969,4.98,0.0,0
46806,122.27,60.391000000000005,-1.5,0.0,447.927,0.0,0.0,0.0,5.742,0,3.0,-0.305,309.915,-1.6001,35.58,35.44645690917969,4.98,0.0,0
46806,122.441,60.371,-1.5,0.0,448.291,0.0,0.0,0.0,5.742,0,2.0,-0.355,309.915,-0.1072,35.1,35.44645690917969,4.98,0.0,0
46806,122.10000000000001,60.361000000000004,-2.0,0.0,448.23,0.0,0.0,0.0,5.742,0,3.0,-0.355,309.825,3.6950000000000003,34.410000000000004,35.44645690917969,4.98,0.0,0
46806,122.441,60.342000000000006,-1.5,0.0,447.867,0.0,0.0,0.0,5.742,0,3.0,-0.325,309.825,0.47840000000000005,33.660000000000004,35.44645690917969,4.98,0.0,0
46806,122.441,60.322,-2.0,0.0,447.927,0.0,0.0,0.0,5.742,0,2.0,-0.315,309.825,-1.4516,33.15,35.44645690917969,4.98,0.0,0
46806,122.441,60.313,-1.5,0.0,448.169,0.0,0.0,0.0,5.742,0,1.0,-0.34500000000000003,309.915,2.3589,34.47,35.44645690917969,4.98,0.0,0
46806,122.441,60.293000000000006,-1.5,0.0,447.927,0.0,0.0,0.0,5.742,0,5.0,-0.34,309.825,1.5836000000000001,35.7,35.44645690917969,4.98,0.0,0
46806,122.27,60.273,-1.5,0.0,448.10900000000004,0.0,0.0,0.0,5.742,0,5.0,-0.33,309.825,-5.5425,36.27,35.44645690917969,4.98,0.0,0
46806,122.782,60.264,-1.5,0.0,448.048,0.0,0.0,0.0,5.742,0,3.0,-0.335,309.915,-2.3754,36.480000000000004,35.44645690917969,4.98,0.0,0
46806,122.441,60.244,-1.5,0.0,448.10900000000004,0.0,0.0,0.0,5.742,0,2.0,-0.3,309.825,1.6496000000000002,35.52,35.44645690917969,4.98,0.0,0
46806,122.441,60.225,-1.5,0.0,447.927,0.0,0.0,0.0,5.742,0,3.0,-0.335,309.825,-0.48660000000000003,34.71,35.44645690917969,4.98,0.0,0
46806,122.441,60.205000000000005,-1.0,0.0,447.867,0.0,0.0,0.0,5.742,0,1.0,-0.36,309.915,-0.9238000000000001,34.59,35.44645690917969,4.98,0.0,0
46806,122.441,60.195,-2.0,0.0,447.867,0.0,0.0,0.0,5.742,0,2.0,-0.3,309.915,0.2227,35.1,35.44645690917969,4.98,0.0,0
46806,122.441,60.176,-2.0,0.0,448.23,0.0,0.0,0.0,5.742,0,3.0,-0.34,309.825,-1.7815,34.980000000000004,35.44645690917969,4.98,0.0,0
46806,122.611,60.176,-2.0,0.0,448.23,0.0,0.0,0.0,5.742,0,3.0,-0.34500000000000003,309.825,-1.5836000000000001,35.07,35.44645690917969,4.98,0.0,0
46806,122.611,60.156000000000006,-2.5,0.0,447.988,0.0,0.0,0.0,5.742,0,4.0,-0.315,309.915,1.5836000000000001,35.1,35.44645690917969,4.98,0.0,0
46806,122.441,60.146,-2.0,0.0,447.927,0.0,0.0,0.0,5.742,0,4.0,-0.335,309.825,0.3299,34.35,35.44645690917969,4.98,0.0,0
46806,122.441,60.127,-2.0,0.0,447.746,0.0,0.0,0.0,5.742,0,3.0,-0.33,309.825,-0.39590000000000003,33.69,35.44645690917969,4.98,0.0,0
46806,122.441,60.107000000000006,-0.5,0.0,447.625,0.0,0.0,0.0,5.742,0,3.0,-0.37,309.69,-0.099,33.06,35.44645690917969,4.98,0.0,0
46806,122.611,60.098000000000006,-1.5,0.0,447.746,0.0,0.0,0.0,5.742,0,1.0,-0.325,309.825,-3.1672000000000002,33.93,35.44645690917969,4.98,0.0,0
46806,122.611,60.078,-1.0,0.0,448.10900000000004,0.0,0.0,0.0,5.742,0,3.0,-0.355,309.825,-1.5836000000000001,34.29,35.44645690917969,4.98,0.0,0
46806,122.611,60.059000000000005,-1.5,0.0,448.10900000000004,0.0,0.0,0.0,5.742,0,5.0,-0.34500000000000003,309.915,7.522,35.37,35.44645690917969,4.98,0.0,0
46806,122.441,60.039,-1.5,0.0,448.169,0.0,0.0,0.0,5.742,0,3.0,-0.34500000000000003,309.69,0.6268,35.94,35.44645690917969,4.98,0.0,0
46806,122.441,60.029,-1.5,0.0,447.806,0.0,0.0,0.0,5.742,0,2.0,-0.33,309.825,-5.2786,36.06,35.44645690917969,4.98,0.0,0
46806,122.611,60.010000000000005,-2.0,0.0,448.23,0.0,0.0,0.0,5.742,0,2.0,-0.32,309.825,-1.7815,35.61,35.44645690917969,4.98,0.0,0
46806,122.441,59.99,-1.5,0.0,448.291,0.0,0.0,0.0,5.742,0,2.0,-0.35000000000000003,309.915,5.0147,34.86,35.44645690917969,4.98,0.0,0
46806,122.441,59.980000000000004,-2.0,0.0,448.23,0.0,0.0,0.0,5.742,0,4.0,-0.36,309.915,3.8930000000000002,34.410000000000004,35.44645690917969,4.98,0.0,0
46806,122.27,59.961000000000006,-1.5,0.0,448.23,0.0,0.0,0.0,5.742,0,4.0,-0.34,309.825,1.9795,34.26,35.44645690917969,4.98,0.0,0
46806,122.441,59.941,-0.5,0.0,447.867,0.0,0.0,0.0,5.742,0,5.0,-0.34,309.825,-1.5176,33.480000000000004,35.44645690917969,4.98,0.0,0
46806,122.441,59.932,-1.0,0.0,447.988,0.0,0.0,0.0,5.742,0,3.0,-0.32,309.825,-0.5279,33.12,35.44645690917969,4.98,0.0,0
46806,122.441,59.912000000000006,-1.5,0.0,448.291,0.0,0.0,0.0,5.742,0,3.0,-0.31,309.6,-2.4743,33.54,35.44645690917969,4.98,0.0,0
46806,122.441,59.893,-1.5,0.0,448.10900000000004,0.0,0.0,0.0,5.742,0,4.0,-0.33,309.69,-4.7507,33.78,35.44645690917969,4.98,0.0,0
46806,122.441,59.883,-1.5,0.0,447.988,0.0,0.0,0.0,5.742,0,5.0,-0.375,309.825,2.1114,34.05,35.44645690917969,4.98,0.0,0
46806,122.611,59.863,-1.5,0.0,448.10900000000004,0.0,0.0,0.0,5.742,0,4.0,-0.325,309.825,2.7713,34.17,35.44645690917969,4.98,0.0,0
46806,122.441,59.844,-2.0,0.0,448.291,0.0,0.0,0.0,5.742,0,4.0,-0.335,309.69,-2.6393,35.13,35.44645690917969,4.98,0.0,0
46806,122.441,59.834,-2.0,0.0,448.351,0.0,0.0,0.0,5.742,0,5.0,-0.39,309.825,2.5073000000000003,35.730000000000004,35.44645690917969,4.98,0.0,0
46806,122.611,59.824000000000005,-1.0,0.0,448.169,0.0,0.0,0.0,5.742,0,3.0,-0.37,309.825,2.9692000000000003,35.79,35.44645690917969,4.98,0.0,0
46806,122.782,59.814,-2.0,0.0,448.048,0.0,0.0,0.0,5.742,0,-1.0,-0.39,309.825,3.4311000000000003,36.0,35.44645690917969,4.98,0.0,0
46806,122.782,59.795,-1.5,0.0,448.048,0.0,0.0,0.0,5.742,0,0.0,-0.37,309.915,-1.3609,35.61,35.44645690917969,4.98,0.0,0
46806,122.441,59.775000000000006,-1.5,0.0,448.10900000000004,0.0,0.0,0.0,5.742,0,-1.0,-0.295,309.69,-1.8228000000000002,35.28,35.44645690917969,4.98,0.0,0
46806,122.782,59.766000000000005,-1.5,0.0,447.746,0.0,0.0,0.0,5.742,0,3.0,-0.3,309.825,0.0,34.800000000000004,35.44645690917969,4.98,0.0,0
46806,122.611,59.746,-1.5,0.0,448.10900000000004,0.0,0.0,0.0,5.742,0,2.0,-0.28,309.825,0.0412,34.56,35.44645690917969,4.98,0.0,0
46806,122.441,59.727000000000004,-1.5,0.0,447.988,0.0,0.0,0.0,5.742,0,3.0,-0.365,309.915,4.3796,34.800000000000004,35.44645690917969,4.98,0.0,0
46806,122.441,59.717000000000006,-1.5,0.0,448.291,0.0,0.0,0.0,5.742,0,4.0,-0.32,309.825,1.3196,34.77,35.44645690917969,4.98,0.0,0
46806,122.952,59.697,-2.0,0.0,448.10900000000004,0.0,0.0,0.0,5.742,0,0.0,-0.35000000000000003,309.825,-2.7053000000000003,34.86,35.44645690917969,4.98,0.0,0
46806,122.441,59.678000000000004,-1.5,0.0,448.048,0.0,0.0,0.0,5.742,0,0.0,-0.31,309.69,-5.1054,34.32,35.44645690917969,4.98,0.0,0
46806,122.441,59.668000000000006,-1.5,0.0,448.169,0.0,0.0,0.0,5.742,0,3.0,-0.35000000000000003,309.915,-3.1177,34.14,35.44645690917969,4.98,0.0,0
46806,122.441,59.648,-1.5,0.0,448.291,0.0,0.0,0.0,5.742,0,4.0,-0.33,309.825,2.0867,34.83,35.44645690917969,4.98,0.0,0
46806,122.782,59.629000000000005,-1.5,0.0,448.048,0.0,0.0,0.0,5.742,0,3.0,-0.315,309.825,4.3301,35.1,35.44645690917969,4.98,0.0,0
46806,122.441,59.619,-1.0,0.0,448.10900000000004,0.0,0.0,0.0,5.742,0,2.0,-0.34,309.825,-1.0805,35.7,35.44645690917969,4.98,0.0,0
46806,122.441,59.6,-1.5,0.0,447.988,0.0,0.0,0.0,5.742,0,2.0,-0.33,309.69,-4.0002,36.03,35.44645690917969,4.98,0.0,0
46806,122.441,59.580000000000005,-2.0,0.0,448.10900000000004,0.0,0.0,0.0,5.742,0,3.0,-0.225,309.69,-1.8887,35.82,35.44645690917969,4.98,0.0,0
46806,122.952,59.561,-1.5,0.0,447.927,0.0,0.0,0.0,5.742,0,2.0,-0.335,309.69,1.1464,35.88,35.44645690917969,4.98,0.0,0
46806,122.611,59.551,-2.0,0.0,448.048,0.0,0.0,0.0,5.742,0,4.0,-0.325,309.825,0.9897,35.910000000000004,35.44645690917969,4.98,0.0,0
46806,122.952,59.531000000000006,-1.5,0.0,447.806,0.0,0.0,0.0,5.742,0,0.0,-0.315,309.825,0.17320000000000002,35.58,35.44645690917969,4.98,0.0,0
46806,122.611,59.512,-1.5,0.0,447.806,0.0,0.0,0.0,5.742,0,2.0,-0.32,309.825,1.9795,34.35,35.44645690917969,4.98,0.0,0
46806,122.441,59.502,-1.5,0.0,447.746,0.0,0.0,0.0,5.742,0,2.0,-0.295,309.825,1.3856000000000002,34.14,35.44645690917969,4.98,0.0,0
46806,122.782,59.482,-1.5,0.0,447.927,0.0,0.0,0.0,5.742,0,3.0,-0.32,309.825,-1.4104,34.230000000000004,35.44645690917969,4.98,0.0,0
46806,122.782,59.463,-2.0,0.0,448.10900000000004,0.0,0.0,0.0,5.742,0,1.0,-0.325,309.825,-2.7713,34.11,35.44645690917969,4.98,0.0,0
46806,122.441,59.453,-2.0,0.0,447.927,0.0,0.0,0.0,5.742,0,4.0,-0.33,309.825,1.1877,34.11,35.44645690917969,4.98,0.0,0
46806,122.952,59.434000000000005,-1.5,0.0,447.806,0.0,0.0,0.0,5.742,0,5.0,-0.32,309.825,-1.1877,34.74,35.44645690917969,4.98,0.0,0
46806,122.441,59.414,-2.0,0.0,447.746,0.0,0.0,0.0,5.742,0,2.0,-0.34500000000000003,309.69,-1.9795,35.46,35.44645690917969,4.98,0.0,0
46806,122.782,59.404,-2.0,0.0,447.927,0.0,0.0,0.0,5.742,0,2.0,-0.34500000000000003,309.825,-2.1774,35.76,35.44645690917969,4.98,0.0,0
46806,123.123,59.385000000000005,-2.0,0.0,447.927,0.0,0.0,0.0,5.742,0,2.0,-0.34500000000000003,309.825,-1.0145,35.550000000000004,35.44645690917969,4.98,0.0,0
46806,122.782,59.365,-1.5,0.0,448.048,0.0,0.0,0.0,5.742,0,3.0,-0.35000000000000003,309.915,2.0702000000000003,35.37,35.44645690917969,4.98,0.0,0
46806,122.611,59.355000000000004,-1.5,0.0,447.988,0.0,0.0,0.0,5.742,0,4.0,-0.295,309.915,2.928,35.49,35.44645690917969,4.98,0.0,0
46806,122.611,59.336000000000006,-1.5,0.0,447.685,0.0,0.0,0.0,5.742,0,3.0,-0.35000000000000003,309.915,2.7548,35.61,35.44645690917969,4.98,0.0,0
46806,122.952,59.336000000000006,-2.0,0.0,447.685,0.0,0.0,0.0,5.742,0,3.0,-0.335,309.915,3.3651,35.61,35.44645690917969,4.98,0.0,0
46806,122.782,59.316,-1.5,0.0,447.927,0.0,0.0,0.0,5.742,0,2.0,-0.33,309.825,0.132,36.0,35.44645690917969,4.98,0.0,0
46806,122.611,59.297000000000004,-2.0,0.0,447.746,0.0,0.0,0.0,5.742,0,3.0,-0.335,309.825,-1.5176,35.46,35.44645690917969,4.98,0.0,0
46806,122.782,59.287000000000006,-1.5,0.0,447.685,0.0,0.0,0.0,5.742,0,2.0,-0.355,309.825,-1.1877,35.1,35.44645690917969,4.98,0.0,0
46806,122.952,59.268,-2.0,0.0,447.988,0.0,0.0,0.0,5.742,0,2.0,-0.28500000000000003,309.69,-0.165,34.08,35.44645690917969,4.98,0.0,0
46806,122.441,59.248000000000005,-1.5,0.0,448.23,0.0,0.0,0.0,5.742,0,4.0,-0.3,309.825,0.132,33.87,35.44645690917969,4.98,0.0,0
46806,123.123,59.238,-1.5,0.0,447.927,0.0,0.0,0.0,5.742,0,1.0,-0.32,309.69,-2.2764,34.17,35.44645690917969,4.98,0.0,0
46806,123.123,59.219,-2.0,0.0,447.927,0.0,0.0,0.0,5.742,0,1.0,-0.34500000000000003,309.69,-0.7918000000000001,35.1,35.44645690917969,4.98,0.0,0
46806,122.782,59.199000000000005,-1.5,0.0,447.927,0.0,0.0,0.0,5.742,0,2.0,-0.335,309.69,1.9465000000000001,36.63,35.44645690917969,4.98,0.0,0
46806,122.441,59.189,-1.5,0.0,447.988,0.0,0.0,0.0,5.742,0,2.0,-0.325,309.825,2.5073000000000003,36.84,35.44645690917969,4.98,0.0,0
46806,122.782,59.17,-1.5,0.0,447.927,0.0,0.0,0.0,5.742,0,2.0,-0.32,309.915,3.2661000000000002,36.36,35.44645690917969,4.98,0.0,0
46806,122.782,59.150000000000006,-2.0,0.0,448.10900000000004,0.0,0.0,0.0,5.742,0,3.0,-0.35000000000000003,309.825,2.5073000000000003,36.09,35.44645690917969,4.98,0.0,0
46806,122.611,59.131,-1.5,0.0,447.927,0.0,0.0,0.0,5.742,0,1.0,-0.315,309.69,-3.0682,35.910000000000004,35.44645690917969,4.98,0.0,0
46806,122.611,59.131,-1.5,0.0,447.927,0.0,0.0,0.0,5.742,0,2.0,-0.34500000000000003,309.69,-4.0002,36.0,35.44645690917969,4.98,0.0,0
46806,122.441,59.121,-2.0,0.0,448.048,0.0,0.0,0.0,5.742,0,2.0,-0.32,309.825,-2.4249,36.12,35.44645690917969,4.98,0.0,0
46806,123.123,59.102000000000004,-1.0,0.0,448.10900000000004,0.0,0.0,0.0,5.742,0,1.0,-0.33,309.825,2.4413,35.46,35.44645690917969,4.98,0.0,0
46806,122.952,59.082,-2.0,0.0,447.927,0.0,0.0,0.0,5.742,0,3.0,-0.32,309.825,2.2846,35.550000000000004,35.44645690917969,4.98,0.0,0
46806,123.123,59.072,-2.0,0.0,448.048,0.0,0.0,0.0,5.742,0,2.0,-0.315,309.825,-1.1877,35.61,35.44645690917969,4.98,0.0,0
46806,122.952,59.053000000000004,-1.0,0.0,447.746,0.0,0.0,0.0,5.742,0,4.0,-0.34500000000000003,309.825,0.0,34.38,35.44645690917969,4.98,0.0,0
46806,122.782,59.033,-1.5,0.0,447.625,0.0,0.0,0.0,5.742,0,3.0,-0.315,309.825,-2.1774,34.14,35.44645690917969,4.98,0.0,0
46806,123.123,59.014,-1.5,0.0,447.625,0.0,0.0,0.0,5.742,0,2.0,-0.315,309.915,0.3134,35.04,35.44645690917969,4.98,0.0,0
46806,122.952,59.004000000000005,-2.0,0.0,447.988,0.0,0.0,0.0,5.742,0,1.0,-0.31,309.69,-1.6248,36.12,35.44645690917969,4.98,0.0,0
46806,123.123,58.984,-1.5,0.0,448.291,0.0,0.0,0.0,5.742,0,0.0,-0.305,309.915,-3.6455,37.230000000000004,35.44645690917969,4.98,0.0,0
46806,123.123,58.965,-1.0,0.0,448.169,0.0,0.0,0.0,5.742,0,1.0,-0.33,309.825,1.3856000000000002,37.59,35.44645690917969,4.98,0.0,0
46806,122.441,58.955000000000005,-1.0,0.0,448.10900000000004,0.0,0.0,0.0,5.742,0,0.0,-0.355,309.825,4.8580000000000005,37.44,35.44645690917969,4.98,0.0,0
46806,122.782,58.936,-1.5,0.0,448.291,0.0,0.0,0.0,5.742,0,-1.0,-0.315,309.825,-0.5526,35.88,35.44645690917969,4.98,0.0,0
46806,122.782,58.916000000000004,-1.5,0.0,447.927,0.0,0.0,0.0,5.742,0,2.0,-0.325,309.69,-1.6908,35.550000000000004,35.44645690917969,4.98,0.0,0
46806,122.782,58.906000000000006,-1.5,0.0,447.927,0.0,0.0,0.0,5.742,0,4.0,-0.325,309.825,-1.897,35.46,35.44645690917969,4.98,0.0,0
46806,122.782,58.887,-1.5,0.0,448.169,0.0,0.0,0.0,5.742,0,3.0,-0.305,309.915,-1.4681,36.24,35.44645690917969,4.98,0.0,0
46806,122.952,58.887,-1.5,0.0,448.169,0.0,0.0,0.0,5.742,0,4.0,-0.33,309.915,-0.5938,36.36,35.44645690917969,4.98,0.0,0
46806,122.952,58.867000000000004,-1.5,0.0,448.23,0.0,0.0,0.0,5.742,0,3.0,-0.34,309.825,3.1672000000000002,36.300000000000004,35.44645690917969,4.98,0.0,0
46806,122.952,58.848000000000006,-2.5,0.0,448.169,0.0,0.0,0.0,5.742,0,3.0,-0.32,309.825,-0.2639,35.88,35.44645690917969,4.98,0.0,0
46806,122.782,58.838,-1.5,0.0,448.048,0.0,0.0,0.0,5.742,0,3.0,-0.325,309.825,-1.1877,34.92,35.44645690917969,4.98,0.0,0
46806,122.782,58.818000000000005,-1.5,0.0,448.10900000000004,0.0,0.0,0.0,5.742,0,4.0,-0.315,309.825,-1.5836000000000001,34.59,35.44645690917969,4.98,0.0,0
46806,122.441,58.799,-1.5,0.0,447.988,0.0,0.0,0.0,5.742,0,1.0,-0.34500000000000003,309.915,0.9238000000000001,35.1,35.44645690917969,4.98,0.0,0
46806,122.611,58.789,-1.5,0.0,447.927,0.0,0.0,0.0,5.742,0,3.0,-0.34500000000000003,309.915,3.8930000000000002,35.79,35.44645690917969,4.98,0.0,0
46806,122.952,58.77,-2.0,0.0,447.927,0.0,0.0,0.0,5.742,0,3.0,-0.335,309.825,-1.9795,36.51,35.44645690917969,4.98,0.0,0
46806,122.952,58.75,-1.0,0.0,448.10900000000004,0.0,0.0,0.0,5.742,0,1.0,-0.315,309.915,-2.9032,36.84,35.44645690917969,4.98,0.0,0
46806,122.782,58.74,-1.0,0.0,448.10900000000004,0.0,0.0,0.0,5.742,0,4.0,-0.325,309.825,0.5279,36.9,35.44645690917969,4.98,0.0,0
46806,122.952,58.721000000000004,-1.5,0.0,447.927,0.0,0.0,0.0,5.742,0,3.0,-0.325,309.69,1.1547,36.480000000000004,35.44645690917969,4.98,0.0,0
46806,122.782,58.701,-1.5,0.0,447.746,0.0,0.0,0.0,5.742,0,4.0,-0.315,309.825,-2.7713,36.18,35.44645690917969,4.98,0.0,0
46806,122.782,58.691,-1.0,0.0,447.927,0.0,0.0,0.0,5.742,0,2.0,-0.325,309.915,-0.8578,35.58,35.44645690917969,4.98,0.0,0
46806,122.952,58.672000000000004,-2.0,0.0,447.988,0.0,0.0,0.0,5.742,0,1.0,-0.33,309.825,5.2786,35.61,35.44645690917969,4.98,0.0,0
46806,122.782,58.652,-1.5,0.0,447.988,0.0,0.0,0.0,5.742,0,2.0,-0.335,309.69,1.9465000000000001,35.46,35.44645690917969,4.98,0.0,0
46806,122.611,58.643,-1.5,0.0,447.746,0.0,0.0,0.0,5.742,0,2.0,-0.33,309.825,-2.7713,35.1,35.44645690917969,4.98,0.0,0
46806,123.123,58.633,-1.5,0.0,447.746,0.0,0.0,0.0,5.742,0,2.0,-0.34,309.825,-2.5568,35.13,35.44645690917969,4.98,0.0,0
46806,122.952,58.623000000000005,-1.5,0.0,447.746,0.0,0.0,0.0,5.742,0,2.0,-0.325,309.69,-1.0310000000000001,34.74,35.44645690917969,4.98,0.0,0
46806,122.782,58.604000000000006,-1.5,0.0,447.867,0.0,0.0,0.0,5.742,0,3.0,-0.325,309.825,-0.1567,35.01,35.44645690917969,4.98,0.0,0
46806,122.782,58.584,-1.5,0.0,447.867,0.0,0.0,0.0,5.742,0,-1.0,-0.325,309.825,-0.19790000000000002,34.95,35.44645690917969,4.98,0.0,0
46806,122.952,58.574000000000005,-1.5,0.0,447.927,0.0,0.0,0.0,5.742,0,2.0,-0.275,309.825,5.0559,35.37,35.44645690917969,4.98,0.0,0
46806,122.782,58.555,-1.5,0.0,447.927,0.0,0.0,0.0,5.742,0,0.0,-0.33,309.69,-1.8887,36.21,35.44645690917969,4.98,0.0,0
46806,123.123,58.535000000000004,-1.5,0.0,448.10900000000004,0.0,0.0,0.0,5.742,0,2.0,-0.325,309.69,-6.705500000000001,37.44,35.44645690917969,4.98,0.0,0
46806,123.123,58.525000000000006,-2.0,0.0,448.10900000000004,0.0,0.0,0.0,5.742,0,1.0,-0.335,309.825,-1.5011,37.050000000000004,35.44645690917969,4.98,0.0,0
46806,123.123,58.506,-1.0,0.0,447.927,0.0,0.0,0.0,5.742,0,4.0,-0.31,309.915,6.2931,36.69,35.44645690917969,4.98,0.0,0
46806,123.123,58.486000000000004,-2.0,0.0,447.927,0.0,0.0,0.0,5.742,0,4.0,-0.34,309.825,3.0764,36.21,35.44645690917969,4.98,0.0,0
46806,122.782,58.477000000000004,-2.0,0.0,447.988,0.0,0.0,0.0,5.742,0,2.0,-0.31,309.825,-0.3299,36.03,35.44645690917969,4.98,0.0,0
46806,122.952,58.457,-1.5,0.0,447.867,0.0,0.0,0.0,5.742,0,4.0,-0.325,309.69,-2.5156,35.31,35.44645690917969,4.98,0.0,0
46806,122.782,58.438,-1.0,0.0,447.988,0.0,0.0,0.0,5.742,0,4.0,-0.33,309.825,0.2639,34.83,35.44645690917969,4.98,0.0,0
46806,123.123,58.428000000000004,-1.5,0.0,447.867,0.0,0.0,0.0,5.742,0,4.0,-0.28500000000000003,309.915,-0.2639,35.13,35.44645690917969,4.98,0.0,0
46806,123.123,58.408,-1.0,0.0,447.746,0.0,0.0,0.0,5.742,0,3.0,-0.34500000000000003,309.825,-1.7403000000000002,34.800000000000004,35.44645690917969,4.98,0.0,0
46806,122.782,58.389,-1.5,0.0,447.867,0.0,0.0,0.0,5.742,0,3.0,-0.315,309.915,2.1609000000000003,34.59,35.44645690917969,4.98,0.0,0
46806,123.123,58.369,-1.0,0.0,448.47200000000004,0.0,0.0,0.0,5.742,0,0.0,-0.315,309.825,2.7878000000000003,34.800000000000004,35.44645690917969,4.98,0.0,0
46806,123.123,58.359,-2.0,0.0,448.169,0.0,0.0,0.0,5.742,0,2.0,-0.29,309.915,2.994,36.03,35.44645690917969,4.98,0.0,0
46806,122.952,58.34,-1.0,0.0,447.746,0.0,0.0,0.0,5.742,0,3.0,-0.36,309.915,-0.132,37.050000000000004,35.44645690917969,4.98,0.0,0
46806,122.952,58.32,-2.0,0.0,448.048,0.0,0.0,0.0,5.742,0,2.0,-0.3,309.915,0.5114000000000001,37.65,35.44645690917969,4.98,0.0,0
46806,122.952,58.311,-2.0,0.0,447.746,0.0,0.0,0.0,5.742,0,2.0,-0.315,309.825,-5.526000000000001,38.28,35.44645690917969,4.98,0.0,0
46806,123.123,58.291000000000004,-1.5,0.0,447.927,0.0,0.0,0.0,5.742,0,3.0,-0.295,309.915,0.1155,37.53,35.44645690917969,4.98,0.0,0
46806,123.123,58.291000000000004,-1.5,0.0,447.927,0.0,0.0,0.0,5.742,0,3.0,-0.305,309.915,0.5279,37.38,35.44645690917969,4.98,0.0,0
46806,122.952,58.271,-1.5,0.0,447.867,0.0,0.0,0.0,5.742,0,1.0,-0.32,309.915,4.486800000000001,36.24,35.44645690917969,4.98,0.0,0
46806,123.123,58.262,-1.5,0.0,447.746,0.0,0.0,0.0,5.742,0,2.0,-0.28,309.825,-1.3196,35.28,35.44645690917969,4.98,0.0,0
46806,123.123,58.242000000000004,-1.5,0.0,448.10900000000004,0.0,0.0,0.0,5.742,0,0.0,-0.295,309.825,-2.8372,34.230000000000004,35.44645690917969,4.98,0.0,0
46806,123.123,58.223000000000006,-1.5,0.0,447.988,0.0,0.0,0.0,5.742,0,3.0,-0.36,309.825,-2.5073000000000003,34.59,35.44645690917969,4.98,0.0,0
46806,122.952,58.203,-1.5,0.0,447.746,0.0,0.0,0.0,5.742,0,3.0,-0.295,309.825,0.0,34.86,35.44645690917969,4.98,0.0,0
46806,123.123,58.193000000000005,-2.0,0.0,447.988,0.0,0.0,0.0,5.742,0,3.0,-0.305,309.825,-1.3196,35.04,35.44645690917969,4.98,0.0,0
46806,123.123,58.174,-1.5,0.0,448.048,0.0,0.0,0.0,5.742,0,-1.0,-0.315,309.69,-0.165,34.800000000000004,35.44645690917969,4.98,0.0,0
46806,122.952,58.154,-1.5,0.0,447.685,0.0,0.0,0.0,5.742,0,2.0,-0.325,309.69,-1.9795,35.67,35.44645690917969,4.98,0.0,0
46806,122.952,58.145,-1.0,0.0,447.867,0.0,0.0,0.0,5.742,0,0.0,-0.3,309.825,1.5836000000000001,36.12,35.44645690917969,4.98,0.0,0
46806,123.123,58.145,-1.5,0.0,447.867,0.0,0.0,0.0,5.742,0,2.0,-0.275,309.825,1.8475000000000001,36.12,35.44645690917969,4.98,0.0,0
46806,123.123,58.125,-2.0,0.0,447.927,0.0,0.0,0.0,5.742,0,4.0,-0.325,309.825,1.8887,36.69,35.44645690917969,4.98,0.0,0
46806,123.123,58.105000000000004,-1.0,0.0,447.867,0.0,0.0,0.0,5.742,0,4.0,-0.305,309.825,-0.2227,36.300000000000004,35.44645690917969,4.98,0.0,0
46806,122.952,58.086000000000006,-1.5,0.0,447.988,0.0,0.0,0.0,5.742,0,4.0,-0.325,309.69,-0.37120000000000003,36.39,35.44645690917969,4.98,0.0,0
46806,122.952,58.076,-1.5,0.0,447.746,0.0,0.0,0.0,5.742,0,5.0,-0.335,309.825,-3.3651,37.08,35.44645690917969,4.98,0.0,0
46806,123.123,58.057,-1.5,0.0,447.927,0.0,0.0,0.0,5.742,0,4.0,-0.34,309.915,3.0847,36.6,35.44645690917969,4.98,0.0,0
46806,123.634,58.037000000000006,-1.5,0.0,447.806,0.0,0.0,0.0,5.742,0,5.0,-0.295,309.915,8.1653,35.79,35.44645690917969,4.98,0.0,0
46806,123.123,58.027,-1.5,0.0,447.746,0.0,0.0,0.0,5.742,0,2.0,-0.3,309.825,2.7713,34.29,35.44645690917969,4.98,0.0,0
46806,123.123,58.008,-1.5,0.0,447.444,0.0,0.0,0.0,5.742,0,2.0,-0.31,309.825,-3.8270000000000004,33.54,35.44645690917969,4.98,0.0,0
46806,122.952,57.988,-1.5,0.0,447.262,0.0,0.0,0.0,5.742,0,3.0,-0.32,309.825,-3.1507,33.72,35.44645690917969,4.98,0.0,0
46806,122.952,57.979000000000006,-2.0,0.0,447.564,0.0,0.0,0.0,5.742,0,3.0,-0.315,309.825,-0.132,33.99,35.44645690917969,4.98,0.0,0
46806,123.293,57.959,-1.5,0.0,447.867,0.0,0.0,0.0,5.742,0,2.0,-0.305,309.825,-4.024900000000001,34.230000000000004,35.44645690917969,4.98,0.0,0
46806,123.123,57.939,-1.5,0.0,447.988,0.0,0.0,0.0,5.742,0,3.0,-0.295,309.69,-2.7465,34.980000000000004,35.44645690917969,4.98,0.0,0
46806,123.123,57.939,-2.0,0.0,447.988,0.0,0.0,0.0,5.742,0,3.0,-0.28,309.69,-3.1672000000000002,35.04,35.44645690917969,4.98,0.0,0
46806,122.952,57.92,-2.0,0.0,447.625,0.0,0.0,0.0,5.742,0,3.0,-0.31,309.825,-3.1672000000000002,36.03,35.44645690917969,4.98,0.0,0
46806,123.123,57.910000000000004,-1.5,0.0,447.625,0.0,0.0,0.0,5.742,0,2.0,-0.305,309.825,2.5073000000000003,35.88,35.44645690917969,4.98,0.0,0
46806,123.123,57.891000000000005,-1.0,0.0,447.625,0.0,0.0,0.0,5.742,0,0.0,-0.32,309.825,7.0271,35.730000000000004,35.44645690917969,4.98,0.0,0
46806,123.123,57.871,-1.5,0.0,447.504,0.0,0.0,0.0,5.742,0,3.0,-0.325,309.825,-1.0557,36.06,35.44645690917969,4.98,0.0,0
46806,123.123,57.861000000000004,-2.0,0.0,447.32300000000004,0.0,0.0,0.0,5.742,0,2.0,-0.325,309.825,-1.0557,35.61,35.44645690917969,4.98,0.0,0
46806,123.123,57.842000000000006,-1.5,0.0,447.081,0.0,0.0,0.0,5.742,0,3.0,-0.32,309.825,0.0,36.06,35.44645690917969,4.98,0.0,0
46806,123.123,57.822,-1.0,0.0,447.625,0.0,0.0,0.0,5.742,0,4.0,-0.305,309.825,0.0,36.09,35.44645690917969,4.98,0.0,0
46806,122.952,57.813,-1.5,0.0,447.685,0.0,0.0,0.0,5.742,0,4.0,-0.265,309.915,3.1672000000000002,36.300000000000004,35.44645690917969,4.98,0.0,0
46806,123.123,57.793,-1.0,0.0,447.625,0.0,0.0,0.0,5.742,0,3.0,-0.33,309.825,0.5279,35.1,35.44645690917969,4.98,0.0,0
46806,122.952,57.773,-1.5,0.0,447.746,0.0,0.0,0.0,5.742,0,2.0,-0.35000000000000003,309.825,-1.4516,33.84,35.44645690917969,4.98,0.0,0
46806,123.123,57.764,-2.0,0.0,447.746,0.0,0.0,0.0,5.742,0,5.0,-0.315,309.69,-1.1547,33.33,35.44645690917969,4.98,0.0,0
46806,123.123,57.744,-1.5,0.0,447.988,0.0,0.0,0.0,5.742,0,3.0,-0.275,309.825,0.132,34.08,35.44645690917969,4.98,0.0,0
46806,123.123,57.725,-1.5,0.0,447.927,0.0,0.0,0.0,5.742,0,2.0,-0.315,309.69,0.8908,35.160000000000004,35.44645690917969,4.98,0.0,0
46806,123.123,57.715,-1.5,0.0,447.625,0.0,0.0,0.0,5.742,0,2.0,-0.325,309.915,2.3754,35.7,35.44645690917969,4.98,0.0,0
46806,123.123,57.695,-2.0,0.0,447.444,0.0,0.0,0.0,5.742,0,2.0,-0.33,309.825,-2.1114,36.33,35.44645690917969,4.98,0.0,0
46806,123.123,57.676,-2.0,0.0,447.625,0.0,0.0,0.0,5.742,0,2.0,-0.28,309.825,-0.39590000000000003,36.15,35.44645690917969,4.98,0.0,0
46806,122.952,57.666000000000004,-1.0,0.0,447.625,0.0,0.0,0.0,5.742,0,3.0,-0.32,309.825,2.1774,35.64,35.44645690917969,4.98,0.0,0
46806,122.952,57.646,-1.5,0.0,447.564,0.0,0.0,0.0,5.742,0,1.0,-0.32,309.915,4.0909,35.730000000000004,35.44645690917969,4.98,0.0,0
46806,123.464,57.627,-1.5,0.0,447.685,0.0,0.0,0.0,5.742,0,1.0,-0.325,309.915,0.46190000000000003,35.7,35.44645690917969,4.98,0.0,0
46806,123.123,57.607,-1.5,0.0,447.444,0.0,0.0,0.0,5.742,0,2.0,-0.295,309.825,0.0,35.58,35.44645690917969,4.98,0.0,0
46806,123.123,57.598000000000006,-2.0,0.0,447.625,0.0,0.0,0.0,5.742,0,-1.0,-0.305,309.825,-1.5176,34.83,35.44645690917969,4.98,0.0,0
46806,123.123,57.598000000000006,-1.5,0.0,447.625,0.0,0.0,0.0,5.742,0,2.0,-0.28500000000000003,309.825,-1.1712,34.83,35.44645690917969,4.98,0.0,0
46806,123.123,57.578,-1.5,0.0,447.564,0.0,0.0,0.0,5.742,0,3.0,-0.31,309.825,0.28040000000000004,34.38,35.44645690917969,4.98,0.0,0
46806,123.123,57.559000000000005,-2.0,0.0,447.927,0.0,0.0,0.0,5.742,0,1.0,-0.315,309.915,1.8310000000000002,33.660000000000004,35.44645690917969,4.98,0.0,0
46806,123.123,57.549,-1.5,0.0,447.746,0.0,0.0,0.0,5.742,0,3.0,-0.315,309.825,-0.2639,33.3,35.44645690917969,4.98,0.0,0
46806,123.123,57.529,-1.0,0.0,447.444,0.0,0.0,0.0,5.742,0,4.0,-0.27,309.825,0.28040000000000004,33.75,35.44645690917969,4.98,0.0,0
46806,123.123,57.510000000000005,-1.5,0.0,447.806,0.0,0.0,0.0,5.742,0,-2.0,-0.305,309.915,-0.8578,35.25,35.44645690917969,4.98,0.0,0
46806,123.464,57.5,-2.0,0.0,447.564,0.0,0.0,0.0,5.742,0,1.0,-0.29,309.825,0.3299,36.72,35.44645690917969,4.98,0.0,0
46806,123.293,57.480000000000004,-1.5,0.0,447.444,0.0,0.0,0.0,5.742,0,3.0,-0.3,309.915,1.3032000000000001,37.29,35.44645690917969,4.98,0.0,0
46806,123.123,57.461000000000006,-1.0,0.0,447.444,0.0,0.0,0.0,5.742,0,5.0,-0.31,309.915,-1.4516,37.29,35.44645690917969,4.98,0.0,0
46806,123.293,57.451,-1.5,0.0,447.625,0.0,0.0,0.0,5.742,0,2.0,-0.225,309.825,4.2229,37.38,35.44645690917969,4.98,0.0,0
46806,123.123,57.432,-1.5,0.0,447.444,0.0,0.0,0.0,5.742,0,1.0,-0.24,309.69,-2.994,35.94,35.44645690917969,4.98,0.0,0
46806,123.293,57.412000000000006,-1.5,0.0,447.988,0.0,0.0,0.0,5.742,0,-2.0,-0.31,309.69,-5.5673,35.61,35.44645690917969,4.98,0.0,0
46806,123.123,57.393,-1.0,0.0,447.927,0.0,0.0,0.0,5.742,0,1.0,-0.275,309.825,-0.9073,35.28,35.44645690917969,4.98,0.0,0
46806,123.293,57.383,-2.0,0.0,447.444,0.0,0.0,0.0,5.742,0,-2.0,-0.29,309.825,0.9650000000000001,34.83,35.44645690917969,4.98,0.0,0
46806,123.634,57.363,-2.0,0.0,447.444,0.0,0.0,0.0,5.742,0,5.0,-0.275,309.915,4.2064,34.53,35.44645690917969,4.98,0.0,0
46806,123.123,57.344,-1.0,0.0,447.564,0.0,0.0,0.0,5.742,0,1.0,-0.315,309.69,3.7857000000000003,33.81,35.44645690917969,4.98,0.0,0
46806,123.123,57.334,-1.5,0.0,447.504,0.0,0.0,0.0,5.742,0,2.0,-0.305,309.825,-1.6496000000000002,34.26,35.44645690917969,4.98,0.0,0
46806,123.464,57.314,-1.5,0.0,447.444,0.0,0.0,0.0,5.742,0,5.0,-0.295,309.825,-6.1199,34.980000000000004,35.44645690917969,4.98,0.0,0
46806,123.634,57.295,-0.5,0.0,447.202,0.0,0.0,0.0,5.742,0,5.0,-0.23500000000000001,309.825,-0.5114000000000001,35.730000000000004,35.44645690917969,4.98,0.0,0
46806,123.464,57.285000000000004,-1.5,0.0,447.504,0.0,0.0,0.0,5.742,0,4.0,-0.305,309.825,3.3651,36.12,35.44645690917969,4.98,0.0,0
46806,123.464,57.266000000000005,-1.5,0.0,447.504,0.0,0.0,0.0,5.742,0,6.0,-0.31,309.69,0.39590000000000003,36.33,35.44645690917969,4.98,0.0,0
46806,123.123,57.246,-2.0,0.0,447.262,0.0,0.0,0.0,5.742,0,5.0,-0.27,309.825,-1.0557,36.81,35.44645690917969,4.98,0.0,0
46806,123.123,57.236000000000004,-2.0,0.0,447.383,0.0,0.0,0.0,5.742,0,4.0,-0.245,309.825,3.0352,36.6,35.44645690917969,4.98,0.0,0
46806,123.123,57.217000000000006,-1.5,0.0,447.383,0.0,0.0,0.0,5.742,0,5.0,-0.245,309.915,1.4764000000000002,35.910000000000004,35.44645690917969,4.98,0.0,0
46806,123.123,57.197,-1.5,0.0,447.141,0.0,0.0,0.0,5.742,0,4.0,-0.29,309.69,-5.6992,35.76,35.44645690917969,4.98,0.0,0
46806,123.464,57.188,-1.5,0.0,447.081,0.0,0.0,0.0,5.742,0,2.0,-0.335,309.825,-0.19790000000000002,35.19,35.44645690917969,4.98,0.0,0
46806,123.634,57.168,-1.5,0.0,447.02,0.0,0.0,0.0,5.742,0,5.0,-0.295,309.825,1.8228000000000002,34.65,35.44645690917969,4.98,0.0,0
46806,123.634,57.148,-1.5,0.0,447.262,0.0,0.0,0.0,5.742,0,3.0,-0.305,309.825,0.37120000000000003,35.19,35.44645690917969,4.98,0.0,0
46806,123.293,57.148,-2.0,0.0,447.262,0.0,0.0,0.0,5.742,0,3.0,-0.315,309.825,-0.099,35.28,35.44645690917969,4.98,0.0,0
46806,123.293,57.129000000000005,-1.5,0.0,447.383,0.0,0.0,0.0,5.742,0,1.0,-0.27,309.915,2.2434000000000003,34.980000000000004,35.44645690917969,4.98,0.0,0
46806,123.464,57.119,-2.0,0.0,447.746,0.0,0.0,0.0,5.742,0,3.0,-0.265,309.825,0.5279,34.14,35.44645690917969,4.98,0.0,0
46806,123.464,57.1,-1.5,0.0,447.685,0.0,0.0,0.0,5.742,0,2.0,-0.265,309.69,-3.9589000000000003,35.13,35.44645690917969,4.98,0.0,0
46806,123.634,57.080000000000005,-1.5,0.0,447.444,0.0,0.0,0.0,5.742,0,0.0,-0.305,309.825,-0.19790000000000002,35.550000000000004,35.44645690917969,4.98,0.0,0
46806,123.805,57.07,-1.5,0.0,447.444,0.0,0.0,0.0,5.742,0,2.0,-0.3,309.69,-1.5836000000000001,36.57,35.44645690917969,4.98,0.0,0
46806,123.805,57.051,-1.5,0.0,447.625,0.0,0.0,0.0,5.742,0,2.0,-0.29,309.69,-3.1672000000000002,36.78,35.44645690917969,4.98,0.0,0
46806,123.634,57.031000000000006,-2.0,0.0,447.625,0.0,0.0,0.0,5.742,0,3.0,-0.295,309.825,-2.3754,36.54,35.44645690917969,4.98,0.0,0
46806,123.464,57.021,-1.5,0.0,447.383,0.0,0.0,0.0,5.742,0,2.0,-0.28,309.825,6.499300000000001,36.51,35.44645690917969,4.98,0.0,0
46806,123.634,57.002,-1.5,0.0,447.262,0.0,0.0,0.0,5.742,0,3.0,-0.31,309.69,1.9795,36.300000000000004,35.44645690917969,4.98,0.0,0
46806,123.634,56.982,-1.5,0.0,447.32300000000004,0.0,0.0,0.0,5.742,0,2.0,-0.29,309.825,-3.4311000000000003,35.85,35.44645690917969,4.98,0.0,0
46806,123.634,56.963,-1.0,0.0,447.444,0.0,0.0,0.0,5.742,0,3.0,-0.26,309.825,1.8475000000000001,35.910000000000004,35.44645690917969,4.98,0.0,0
46806,123.293,56.953,-1.5,0.0,447.625,0.0,0.0,0.0,5.742,0,3.0,-0.265,309.915,1.4186,35.61,35.44645690917969,4.98,0.0,0
46806,123.805,56.934000000000005,-1.5,0.0,447.504,0.0,0.0,0.0,5.742,0,2.0,-0.29,309.825,0.39590000000000003,35.19,35.44645690917969,4.98,0.0,0
46806,123.805,56.914,-1.0,0.0,447.32300000000004,0.0,0.0,0.0,5.742,0,3.0,-0.3,309.825,-0.5279,35.07,35.44645690917969,4.98,0.0,0
46806,123.634,56.904,-1.5,0.0,447.625,0.0,0.0,0.0,5.742,0,3.0,-0.25,309.825,-1.4516,34.95,35.44645690917969,4.98,0.0,0
46806,123.805,56.885000000000005,-2.0,0.0,447.564,0.0,0.0,0.0,5.742,0,2.0,-0.28500000000000003,309.915,4.9487000000000005,35.25,35.44645690917969,4.98,0.0,0
46806,123.464,56.865,-1.0,0.0,447.564,0.0,0.0,0.0,5.742,0,2.0,-0.31,309.825,2.3754,35.49,35.44645690917969,4.98,0.0,0
46806,123.805,56.855000000000004,-1.5,0.0,448.048,0.0,0.0,0.0,5.742,0,5.0,-0.3,309.825,-3.1672000000000002,36.480000000000004,35.44645690917969,4.98,0.0,0
46806,123.805,56.846000000000004,-2.0,0.0,448.048,0.0,0.0,0.0,5.742,0,4.0,-0.295,309.825,-3.3651,36.57,35.44645690917969,4.98,0.0,0
46806,123.464,56.836000000000006,-2.0,0.0,447.504,0.0,0.0,0.0,5.742,0,2.0,-0.295,309.69,-1.8723,36.69,35.44645690917969,4.98,0.0,0
46806,123.805,56.816,-2.0,0.0,447.564,0.0,0.0,0.0,5.742,0,-2.0,-0.29,309.915,2.4908,36.6,35.44645690917969,4.98,0.0,0
46806,123.464,56.797000000000004,-1.0,0.0,447.444,0.0,0.0,-0.2,5.742,0,4.0,-0.22,309.825,-4.5528,36.6,35.44645690917969,4.98,0.0,0
46806,123.805,56.787000000000006,-1.5,0.0,447.444,0.0,0.0,0.0,5.742,0,2.0,-0.3,309.915,2.9527,36.93,35.44645690917969,4.98,0.0,0
46806,123.805,56.768,-1.5,0.0,447.806,0.0,0.0,0.0,5.742,0,0.0,-0.28,309.825,2.7878000000000003,36.63,35.44645690917969,4.98,0.0,0
46806,123.634,56.748000000000005,-2.0,0.0,447.685,0.0,0.0,0.0,5.742,0,2.0,-0.275,309.915,1.5423,36.54,35.44645690917969,4.98,0.0,0
46806,123.805,56.738,-1.0,0.0,447.202,0.0,0.0,0.0,5.742,0,5.0,-0.265,309.69,-3.3239,35.34,35.44645690917969,4.98,0.0,0
46806,123.805,56.719,-2.0,0.0,447.564,0.0,0.0,0.0,5.742,0,5.0,-0.245,309.825,-4.024900000000001,34.56,35.44645690917969,4.98,0.0,0
46806,123.805,56.699000000000005,-1.5,0.0,447.564,0.0,0.0,0.0,5.742,0,2.0,-0.29,309.69,1.5588000000000002,34.38,35.44645690917969,4.98,0.0,0
46806,123.805,56.689,-1.5,0.0,447.383,0.0,0.0,0.0,5.742,0,3.0,-0.28500000000000003,309.825,2.8372,34.38,35.44645690917969,4.98,0.0,0
46806,123.805,56.67,-1.5,0.0,447.081,0.0,0.0,0.0,5.742,0,3.0,-0.275,309.915,-0.34640000000000004,35.1,35.44645690917969,4.98,0.0,0
46806,123.805,56.650000000000006,-2.0,0.0,447.32300000000004,0.0,0.0,0.0,5.742,0,2.0,-0.275,309.915,2.7548,35.79,35.44645690917969,4.98,0.0,0
46806,123.805,56.641000000000005,-1.5,0.0,447.504,0.0,0.0,0.0,5.742,0,1.0,-0.305,309.825,0.066,36.75,35.44645690917969,4.98,0.0,0
46806,123.634,56.621,-2.0,0.0,447.444,0.0,0.0,0.0,5.742,0,5.0,-0.325,309.825,-0.5938,36.9,35.44645690917969,4.98,0.0,0
46806,123.805,56.602000000000004,-1.0,0.0,447.625,0.0,0.0,0.0,5.742,0,3.0,-0.315,309.69,-2.2022,36.27,35.44645690917969,4.98,0.0,0
46806,123.805,56.592000000000006,-2.0,0.0,447.564,0.0,0.0,0.0,5.742,0,3.0,-0.275,309.825,-3.563,35.52,35.44645690917969,4.98,0.0,0
46806,123.634,56.572,-1.5,0.0,447.625,0.0,0.0,0.0,5.742,0,3.0,-0.31,309.825,2.1114,35.82,35.44645690917969,4.98,0.0,0
46806,123.805,56.553000000000004,-1.0,0.0,447.927,0.0,0.0,0.0,5.742,0,1.0,-0.305,309.825,6.2023,36.09,35.44645690917969,4.98,0.0,0
46806,123.805,56.533,-1.5,0.0,448.048,0.0,0.0,0.0,5.742,0,2.0,-0.32,309.69,-3.3404000000000003,35.910000000000004,35.44645690917969,4.98,0.0,0
46806,123.805,56.523,-1.5,0.0,447.746,0.0,0.0,0.0,5.742,0,3.0,-0.26,309.825,-2.8867000000000003,35.67,35.44645690917969,4.98,0.0,0
46806,123.805,56.504000000000005,-2.0,0.0,447.625,0.0,0.0,0.0,5.742,0,4.0,-0.275,309.915,0.7093,34.68,35.44645690917969,4.98,0.0,0
46806,124.316,56.504000000000005,-1.5,0.0,447.625,0.0,0.0,0.0,5.742,0,3.0,-0.22,309.915,1.7815,34.59,35.44645690917969,4.98,0.0,0
46806,123.805,56.484,-1.5,0.0,447.444,0.0,0.0,0.0,5.742,0,1.0,-0.305,309.825,3.1672000000000002,33.78,35.44645690917969,4.98,0.0,0
46806,123.97500000000001,56.475,-2.0,0.0,447.625,0.0,0.0,0.0,5.742,0,2.0,-0.265,309.825,1.0557,34.02,35.44645690917969,4.98,0.0,0
46806,123.805,56.455000000000005,-1.5,0.0,447.806,0.0,0.0,0.0,5.742,0,3.0,-0.32,309.825,-1.8475000000000001,35.76,35.44645690917969,4.98,0.0,0
46806,123.805,56.436,-1.5,0.0,447.927,0.0,0.0,0.0,5.742,0,3.0,-0.275,309.825,2.6393,36.39,35.44645690917969,4.98,0.0,0
46806,123.805,56.416000000000004,-1.0,0.0,447.685,0.0,0.0,0.0,5.742,0,2.0,-0.245,309.825,0.0,37.11,35.44645690917969,4.98,0.0,0
46806,123.805,56.406000000000006,-1.5,0.0,447.32300000000004,0.0,0.0,0.0,5.742,0,3.0,-0.33,309.915,-0.066,36.63,35.44645690917969,4.98,0.0,0
46806,123.805,56.387,-2.0,0.0,447.685,0.0,0.0,0.0,5.742,0,2.0,-0.305,309.825,2.3754,35.64,35.44645690917969,4.98,0.0,0
46806,123.805,56.367000000000004,-2.0,0.0,447.504,0.0,0.0,0.0,5.742,0,4.0,-0.2,309.825,-0.5279,35.19,35.44645690917969,4.98,0.0,0
46806,123.805,56.357,-2.0,0.0,447.564,0.0,0.0,0.0,5.742,0,3.0,-0.23,309.915,-0.2639,35.730000000000004,35.44645690917969,4.98,0.0,0
46806,123.805,56.338,-1.5,0.0,447.444,0.0,0.0,0.0,5.742,0,4.0,-0.23,309.915,-0.066,36.6,35.44645690917969,4.98,0.0,0
46806,123.805,56.318000000000005,-1.5,0.0,447.685,0.0,0.0,0.0,5.742,0,2.0,-0.29,309.825,0.0,36.45,35.44645690917969,4.98,0.0,0
46806,123.97500000000001,56.309000000000005,-1.5,0.0,447.444,0.0,0.0,0.0,5.742,0,-2.0,-0.28500000000000003,309.825,-0.46190000000000003,35.160000000000004,35.44645690917969,4.98,0.0,0
46806,123.805,56.289,-1.5,0.0,447.383,0.0,0.0,0.0,5.742,0,2.0,-0.21,309.915,-3.563,34.32,35.44645690917969,4.98,0.0,0
46806,123.805,56.27,-1.5,0.0,447.685,0.0,0.0,0.0,5.742,0,3.0,-0.3,309.825,-2.6393,33.63,35.44645690917969,4.98,0.0,0
46806,123.805,56.260000000000005,-1.5,0.0,447.383,0.0,0.0,0.0,5.742,0,2.0,-0.22,309.825,2.9032,33.99,35.44645690917969,4.98,0.0,0
46806,123.805,56.24,-1.5,0.0,447.383,0.0,0.0,0.0,5.742,0,1.0,-0.28,309.825,2.9692000000000003,35.01,35.44645690917969,4.98,0.0,0
46806,123.805,56.221000000000004,-1.5,0.0,447.625,0.0,0.0,0.0,5.742,0,3.0,-0.27,309.915,-1.1877,36.51,35.44645690917969,4.98,0.0,0
46806,123.634,56.211000000000006,-2.0,0.0,447.625,0.0,0.0,0.0,5.742,0,3.0,-0.3,309.825,-2.9032,36.9,35.44645690917969,4.98,0.0,0
46806,124.316,56.191,-2.0,0.0,447.383,0.0,0.0,0.0,5.742,0,3.0,-0.29,309.825,0.7918000000000001,37.35,35.44645690917969,4.98,0.0,0
46806,124.316,56.172000000000004,-2.0,0.0,447.685,0.0,0.0,0.0,5.742,0,5.0,-0.25,309.825,0.5938,36.72,35.44645690917969,4.98,0.0,0
46806,123.97500000000001,56.162000000000006,-1.5,0.0,447.746,0.0,0.0,0.0,5.742,0,2.0,-0.3,309.915,1.8475000000000001,36.24,35.44645690917969,4.98,0.0,0
46806,124.146,56.143,-2.0,0.0,447.625,0.0,0.0,0.0,5.742,0,3.0,-0.23,309.825,0.5279,35.76,35.44645690917969,4.98,0.0,0
46806,124.146,56.123000000000005,-1.0,0.0,447.383,0.0,0.0,0.0,5.742,0,4.0,-0.2,309.825,-0.7918000000000001,35.52,35.44645690917969,4.98,0.0,0
46806,124.146,56.104,-1.0,0.0,447.685,0.0,0.0,0.0,5.742,0,4.0,-0.22,309.825,-4.9487000000000005,34.95,35.44645690917969,4.98,0.0,0
46806,124.316,56.094,-2.0,0.0,447.625,0.0,0.0,0.0,5.742,0,5.0,-0.25,309.825,0.0,34.14,35.44645690917969,4.98,0.0,0
46806,123.805,56.074000000000005,-1.5,0.0,447.444,0.0,0.0,0.0,5.742,0,6.0,-0.25,309.825,5.5425,33.9,35.44645690917969,4.98,0.0,0
46806,124.146,56.055,-1.0,0.0,447.262,0.0,0.0,0.0,5.742,0,4.0,-0.22,309.825,-1.7155,33.54,35.44645690917969,4.98,0.0,0
46806,124.146,56.045,-1.0,0.0,447.383,0.0,0.0,0.0,5.742,0,1.0,-0.255,309.825,-1.0557,34.53,35.44645690917969,4.98,0.0,0
46806,124.146,56.025000000000006,-1.5,0.0,447.383,0.0,0.0,0.0,5.742,0,2.0,-0.295,309.915,3.8270000000000004,35.79,35.44645690917969,4.98,0.0,0
46806,123.805,56.006,-1.5,0.0,447.444,0.0,0.0,0.0,5.742,0,2.0,-0.255,309.69,0.6268,36.15,35.44645690917969,4.98,0.0,0
46806,124.146,56.006,-1.5,0.0,447.444,0.0,0.0,0.0,5.742,0,2.0,-0.255,309.69,-0.3052,36.21,35.44645690917969,4.98,0.0,0
46806,123.805,55.996,-1.5,0.0,447.625,0.0,0.0,0.0,5.742,0,1.0,-0.265,309.825,-1.7815,36.24,35.44645690917969,4.98,0.0,0
46806,124.146,55.977000000000004,-1.5,0.0,447.625,0.0,0.0,0.0,5.742,0,4.0,-0.215,309.69,-2.862,35.43,35.44645690917969,4.98,0.0,0
46806,124.316,55.957,-1.5,0.0,447.625,0.0,0.0,0.0,5.742,0,5.0,-0.26,309.825,-0.2227,34.980000000000004,35.44645690917969,4.98,0.0,0
46806,124.146,55.938,-2.5,0.0,447.746,0.0,0.0,0.0,5.742,0,3.0,-0.305,309.825,0.2639,34.71,35.44645690917969,4.98,0.0,0
46806,124.146,55.928000000000004,-1.5,0.0,447.383,0.0,0.0,0.0,5.742,0,4.0,-0.275,309.825,3.2744,34.71,35.44645690917969,4.98,0.0,0
46806,123.97500000000001,55.908,-1.0,0.0,447.504,0.0,0.0,0.0,5.742,0,4.0,-0.245,309.825,-1.5423,34.95,35.44645690917969,4.98,0.0,0
46806,124.146,55.889,-1.5,0.0,447.806,0.0,0.0,0.0,5.742,0,-1.0,-0.23500000000000001,309.825,-1.6496000000000002,35.34,35.44645690917969,4.98,0.0,0
46806,124.48700000000001,55.879000000000005,-2.0,0.0,447.444,0.0,0.0,0.0,5.742,0,1.0,-0.295,309.69,1.0805,34.74,35.44645690917969,4.98,0.0,0
46806,124.316,55.859,-1.0,0.0,447.383,0.0,0.0,0.0,5.742,0,4.0,-0.27,309.69,-1.6248,34.38,35.44645690917969,4.98,0.0,0
46806,124.146,55.84,-2.5,0.0,447.383,0.0,0.0,0.0,5.742,0,3.0,-0.20500000000000002,309.825,-1.5836000000000001,33.18,35.44645690917969,4.98,0.0,0
46806,123.805,55.830000000000005,-1.5,0.0,447.383,0.0,0.0,0.0,5.742,0,3.0,-0.24,309.69,3.1672000000000002,33.21,35.44645690917969,4.98,0.0,0
46806,124.48700000000001,55.811,-1.5,0.0,447.383,0.0,0.0,0.0,5.742,0,1.0,-0.245,309.69,-3.2744,33.78,35.44645690917969,4.98,0.0,0
46806,124.146,55.791000000000004,-1.5,0.0,447.444,0.0,0.0,0.0,5.742,0,1.0,-0.22,309.825,-0.3299,34.47,35.44645690917969,4.98,0.0,0
46806,124.48700000000001,55.781000000000006,-1.5,0.0,447.262,0.0,0.0,0.0,5.742,0,2.0,-0.31,309.915,7.1756,35.7,35.44645690917969,4.98,0.0,0
46806,124.48700000000001,55.762,-1.0,0.0,447.262,0.0,0.0,0.0,5.742,0,2.0,-0.29,309.915,4.1157,36.33,35.44645690917969,4.98,0.0,0
46806,124.316,55.742000000000004,-1.5,0.0,447.504,0.0,0.0,0.0,5.742,0,5.0,-0.22,309.915,3.0352,36.39,35.44645690917969,4.98,0.0,0
46806,124.316,55.732,-2.0,0.0,447.262,0.0,0.0,0.0,5.742,0,2.0,-0.26,309.69,-5.3033,36.12,35.44645690917969,4.98,0.0,0
46806,124.48700000000001,55.713,-2.0,0.0,447.746,0.0,0.0,0.0,5.742,0,3.0,-0.265,309.825,-4.6023000000000005,35.7,35.44645690917969,4.98,0.0,0
46806,124.146,55.713,-1.5,0.0,447.746,0.0,0.0,0.0,5.742,0,3.0,-0.23500000000000001,309.825,-4.2229,35.61,35.44645690917969,4.98,0.0,0
46806,124.48700000000001,55.693000000000005,-1.0,0.0,447.202,0.0,0.0,0.0,5.742,0,3.0,-0.24,309.915,0.7918000000000001,34.410000000000004,35.44645690917969,4.98,0.0,0
46806,124.48700000000001,55.674,-1.5,0.0,447.383,0.0,0.0,0.0,5.742,0,2.0,-0.21,309.825,3.9589000000000003,33.63,35.44645690917969,4.98,0.0,0
46806,124.146,55.664,-1.5,0.0,447.262,0.0,0.0,0.0,5.742,0,2.0,-0.20500000000000002,309.825,1.8475000000000001,32.910000000000004,35.44645690917969,4.98,0.0,0
46806,124.48700000000001,55.645,-1.0,0.0,447.444,0.0,0.0,0.0,5.742,0,3.0,-0.25,309.915,-3.2991,33.03,35.44645690917969,4.98,0.0,0
46806,124.48700000000001,55.625,-2.5,0.0,447.504,0.0,0.0,0.0,5.742,0,5.0,-0.23,309.825,0.5279,33.24,35.44645690917969,4.98,0.0,0
46806,124.48700000000001,55.615,-2.0,0.0,447.262,0.0,0.0,0.0,5.742,0,0.0,-0.295,309.825,-0.7918000000000001,34.35,35.44645690917969,4.98,0.0,0
46806,124.48700000000001,55.596000000000004,-1.5,0.0,447.202,0.0,0.0,0.0,5.742,0,0.0,-0.2,309.825,0.5938,34.95,35.44645690917969,4.98,0.0,0
46806,124.316,55.576,-2.0,0.0,447.32300000000004,0.0,0.0,0.0,5.742,0,1.0,-0.3,309.915,4.0909,35.46,35.44645690917969,4.98,0.0,0
46806,124.48700000000001,55.566,-1.5,0.0,447.444,0.0,0.0,0.0,5.742,0,3.0,-0.26,309.825,2.1114,36.03,35.44645690917969,4.98,0.0,0
46806,124.48700000000001,55.547000000000004,-1.5,0.0,447.262,0.0,0.0,0.0,5.742,0,2.0,-0.195,309.915,-0.9238000000000001,35.79,35.44645690917969,4.98,0.0,0
46806,124.48700000000001,55.527,-2.0,0.0,447.262,0.0,0.0,0.0,5.742,0,2.0,-0.27,309.825,-3.1012,35.61,35.44645690917969,4.98,0.0,0
46806,124.316,55.518,-1.0,0.0,446.899,0.0,0.0,0.0,5.742,0,3.0,-0.17500000000000002,309.825,1.1877,36.09,35.44645690917969,4.98,0.0,0
46806,124.316,55.498000000000005,-1.5,0.0,447.081,0.0,0.0,0.0,5.742,0,2.0,-0.26,309.69,-2.4743,35.79,35.44645690917969,4.98,0.0,0
46806,124.48700000000001,55.479,-1.5,0.0,447.32300000000004,0.0,0.0,0.0,5.742,0,2.0,-0.295,309.825,-3.1672000000000002,35.37,35.44645690917969,4.98,0.0,0
46806,124.146,55.459,-2.5,0.0,447.02,0.0,0.0,0.0,5.742,0,4.0,-0.2,309.915,1.7815,34.230000000000004,35.44645690917969,4.98,0.0,0
46806,124.48700000000001,55.449000000000005,-1.5,0.0,446.778,0.0,0.0,0.0,5.742,0,1.0,-0.23,309.825,5.5425,33.9,35.44645690917969,4.98,0.0,0
46806,124.48700000000001,55.43,-1.5,0.0,447.262,0.0,0.0,0.0,5.742,0,5.0,-0.225,309.69,-2.0125,33.63,35.44645690917969,4.98,0.0,0
46806,124.48700000000001,55.410000000000004,-1.5,0.0,446.718,0.0,0.0,0.0,5.742,0,6.0,-0.23,309.825,-1.7155,33.660000000000004,35.44645690917969,4.98,0.0,0
46806,124.657,55.400000000000006,-1.5,0.0,447.02,0.0,0.0,0.0,5.742,0,4.0,-0.23,309.825,0.7918000000000001,33.99,35.44645690917969,4.98,0.0,0
46806,124.48700000000001,55.381,-2.0,0.0,447.141,0.0,0.0,0.0,5.742,0,2.0,-0.23500000000000001,309.915,3.2991,34.980000000000004,35.44645690917969,4.98,0.0,0
46806,124.48700000000001,55.361000000000004,-1.5,0.0,447.625,0.0,0.0,0.0,5.742,0,2.0,-0.25,309.825,0.5279,35.58,35.44645690917969,4.98,0.0,0
46806,124.48700000000001,55.352000000000004,-1.5,0.0,447.746,0.0,0.0,0.0,5.742,0,5.0,-0.24,309.825,0.5279,36.06,35.44645690917969,4.98,0.0,0
46806,124.48700000000001,55.332,-1.5,0.0,447.262,0.0,0.0,0.0,5.742,0,3.0,-0.24,309.825,0.066,35.82,35.44645690917969,4.98,0.0,0
46806,124.48700000000001,55.313,-2.0,0.0,447.262,0.0,0.0,0.0,5.742,0,2.0,-0.275,309.69,-3.0352,36.03,35.44645690917969,4.98,0.0,0
46806,124.48700000000001,55.303000000000004,-1.5,0.0,447.504,0.0,0.0,0.0,5.742,0,3.0,-0.2,309.825,-2.3754,35.49,35.44645690917969,4.98,0.0,0
46806,124.657,55.283,-2.0,0.0,447.141,0.0,0.0,0.0,5.742,0,3.0,-0.225,309.915,1.7155,35.67,35.44645690917969,4.98,0.0,0
46806,124.99900000000001,55.264,-2.0,0.0,447.383,0.0,0.0,0.0,5.742,0,2.0,-0.25,309.825,2.0125,35.43,35.44645690917969,4.98,0.0,0
46806,124.48700000000001,55.264,-1.5,0.0,447.383,0.0,0.0,0.0,5.742,0,2.0,-0.275,309.825,1.1629,35.37,35.44645690917969,4.98,0.0,0
46806,124.48700000000001,55.244,-2.0,0.0,447.625,0.0,0.0,0.0,5.742,0,5.0,-0.3,309.825,-2.3094,34.68,35.44645690917969,4.98,0.0,0
46806,124.48700000000001,55.234,-2.0,0.0,447.564,0.0,0.0,0.0,5.742,0,3.0,-0.24,309.915,0.19790000000000002,34.410000000000004,35.44645690917969,4.98,0.0,0
46806,124.828,55.215,-1.5,0.0,447.262,0.0,0.0,-0.2,5.742,0,2.0,-0.23,309.825,0.5938,33.99,35.44645690917969,4.98,0.0,0
46806,124.657,55.195,-2.0,0.0,447.141,0.0,0.0,0.0,5.742,0,1.0,-0.29,309.915,2.994,33.78,35.44645690917969,4.98,0.0,0
46806,124.48700000000001,55.186,-1.5,0.0,447.32300000000004,0.0,0.0,0.2,5.742,0,1.0,-0.23,309.825,-0.6433,33.81,35.44645690917969,4.98,0.0,0
46806,124.48700000000001,55.166000000000004,-2.0,0.0,447.141,0.0,0.0,0.0,5.742,0,0.0,-0.20500000000000002,309.825,-1.8475000000000001,34.35,35.44645690917969,4.98,0.0,0
46806,124.828,55.146,-2.5,0.0,447.02,0.0,0.0,0.0,5.742,0,-2.0,-0.195,309.69,-2.2022,35.34,35.44645690917969,4.98,0.0,0
46806,124.48700000000001,55.137,-1.5,0.0,447.262,0.0,0.0,-0.2,5.742,0,2.0,-0.26,309.825,-1.3856000000000002,36.39,35.44645690917969,4.98,0.0,0
46806,124.99900000000001,55.117000000000004,-1.5,0.0,447.081,0.0,0.0,0.0,5.742,0,0.0,-0.26,309.825,-1.9795,36.78,35.44645690917969,4.98,0.0,0
46806,124.48700000000001,55.098000000000006,-1.5,0.0,447.32300000000004,0.0,0.0,0.0,5.742,0,-2.0,-0.21,309.825,-0.19790000000000002,35.67,35.44645690917969,4.98,0.0,0
46806,124.48700000000001,55.088,-1.0,0.0,447.141,0.0,0.0,0.0,5.742,0,3.0,-0.28500000000000003,309.825,-3.1672000000000002,35.64,35.44645690917969,4.98,0.0,0
46806,124.828,55.068000000000005,-1.5,0.0,447.444,0.0,0.0,0.0,5.742,0,3.0,-0.21,309.825,-0.0247,35.25,35.44645690917969,4.98,0.0,0
46806,124.99900000000001,55.049,-1.5,0.0,447.685,0.0,0.0,0.0,5.742,0,4.0,-0.225,309.825,1.9795,36.0,35.44645690917969,4.98,0.0,0
46806,124.48700000000001,55.029,-2.0,0.0,447.444,0.0,0.0,0.0,5.742,0,5.0,-0.17500000000000002,309.825,1.8228000000000002,35.76,35.44645690917969,4.98,0.0,0
46806,124.828,55.02,-1.5,0.0,447.504,0.0,0.0,0.0,5.742,0,5.0,-0.19,309.825,1.1217000000000001,35.37,35.44645690917969,4.98,0.0,0
46806,124.657,55.0,-2.0,0.0,447.746,0.0,0.0,0.0,5.742,0,4.0,-0.225,309.915,2.0702000000000003,34.32,35.44645690917969,4.98,0.0,0
46806,124.657,54.980000000000004,-1.5,0.0,447.444,0.0,0.0,0.0,5.742,0,5.0,-0.185,309.825,-0.7918000000000001,33.27,35.44645690917969,4.98,0.0,0
46806,125.169,54.971000000000004,-2.0,0.0,447.625,0.0,0.0,0.0,5.742,0,2.0,-0.185,309.825,-0.6598,33.81,35.44645690917969,4.98,0.0,0
46806,124.828,54.951,-1.5,0.0,447.625,0.0,0.0,0.0,5.742,0,2.0,-0.225,309.915,-2.7053000000000003,34.800000000000004,35.44645690917969,4.98,0.0,0
46806,124.48700000000001,54.932,-1.5,0.0,447.685,0.0,0.0,0.0,5.742,0,2.0,-0.23500000000000001,309.69,-1.0310000000000001,36.27,35.44645690917969,4.98,0.0,0
46806,124.657,54.922000000000004,-2.0,0.0,447.746,0.0,0.0,0.0,5.742,0,4.0,-0.225,309.69,-1.3609,37.14,35.44645690917969,4.98,0.0,0
46806,125.169,54.922000000000004,-1.5,0.0,447.746,0.0,0.0,0.0,5.742,0,0.0,-0.21,309.69,-1.7485000000000002,37.17,35.44645690917969,4.98,0.0,0
46806,124.99900000000001,54.902,-2.0,0.0,447.444,0.0,0.0,0.0,5.742,0,2.0,-0.255,309.825,-1.1877,37.29,35.44645690917969,4.98,0.0,0
46806,124.99900000000001,54.883,-1.5,0.0,447.625,0.0,0.0,0.0,5.742,0,3.0,-0.21,309.915,0.8908,36.42,35.44645690917969,4.98,0.0,0
46806,124.828,54.863,-2.0,0.0,447.32300000000004,0.0,0.0,0.0,5.742,0,3.0,-0.19,309.915,5.0147,36.18,35.44645690917969,4.98,0.0,0
46806,125.169,54.854,-2.0,0.0,447.504,0.0,0.0,0.0,5.742,0,4.0,-0.28500000000000003,309.825,0.0,36.06,35.44645690917969,4.98,0.0,0
46806,124.48700000000001,54.834,-1.5,0.0,447.504,0.0,0.0,0.0,5.742,0,3.0,-0.25,309.825,-3.563,35.64,35.44645690917969,4.98,0.0,0
46806,124.99900000000001,54.814,-1.5,0.0,447.32300000000004,0.0,0.0,0.0,5.742,0,3.0,-0.19,309.825,1.3856000000000002,35.550000000000004,35.44645690917969,4.98,0.0,0
46806,125.169,54.805,-2.0,0.0,447.262,0.0,0.0,0.0,5.742,0,2.0,-0.21,309.825,0.0,35.37,35.44645690917969,4.98,0.0,0
46806,125.169,54.785000000000004,-1.5,0.0,447.444,0.0,0.0,-0.2,5.742,0,3.0,-0.245,309.825,0.0,35.01,35.44645690917969,4.98,0.0,0
46806,125.169,54.766000000000005,-1.5,0.0,447.444,0.0,0.0,0.0,5.742,0,4.0,-0.22,309.825,1.3196,34.44,35.44645690917969,4.98,0.0,0
46806,124.99900000000001,54.756,-1.5,0.0,447.504,0.0,0.0,-0.2,5.742,0,5.0,-0.20500000000000002,309.915,0.9897,34.35,35.44645690917969,4.98,0.0,0
46806,125.169,54.736000000000004,-1.5,0.0,447.746,0.0,0.0,0.0,5.742,0,1.0,-0.2,309.825,-2.5073000000000003,35.76,35.44645690917969,4.98,0.0,0
46806,124.99900000000001,54.717000000000006,-2.5,0.0,447.625,0.0,0.0,0.0,5.742,0,1.0,-0.21,309.825,1.0557,36.660000000000004,35.44645690917969,4.98,0.0,0
46806,124.657,54.707,-1.5,0.0,447.383,0.0,0.0,0.0,5.742,0,4.0,-0.305,309.825,1.7155,37.230000000000004,35.44645690917969,4.98,0.0,0
46806,125.169,54.688,-1.0,0.0,447.625,0.0,0.0,0.0,5.742,0,2.0,-0.20500000000000002,309.69,-2.5403000000000002,37.5,35.44645690917969,4.98,0.0,0
46806,124.99900000000001,54.668,-2.0,0.0,447.625,0.0,0.0,0.0,5.742,0,1.0,-0.255,309.825,-4.486800000000001,36.6,35.44645690917969,4.98,0.0,0
46806,125.169,54.658,-1.5,0.0,447.685,0.0,0.0,0.0,5.742,0,5.0,-0.17,309.825,0.7918000000000001,35.4,35.44645690917969,4.98,0.0,0
46806,124.99900000000001,54.639,-1.0,0.0,447.625,0.0,0.0,0.0,5.742,0,2.0,-0.2,309.825,5.4106000000000005,35.07,35.44645690917969,4.98,0.0,0
46806,125.169,54.619,-2.0,0.0,447.867,0.0,0.0,0.0,5.742,0,2.0,-0.23500000000000001,309.69,-0.165,35.67,35.44645690917969,4.98,0.0,0
46806,124.99900000000001,54.6,-1.0,0.0,448.169,0.0,0.0,0.0,5.742,0,2.0,-0.275,309.825,-0.5279,36.03,35.44645690917969,4.98,0.0,0
46806,124.99900000000001,54.59,-1.5,0.0,448.169,0.0,0.0,0.0,5.742,0,1.0,-0.17500000000000002,309.825,-0.2639,35.94,35.44645690917969,4.98,0.0,0
46806,125.169,54.57,-1.5,0.0,447.927,0.0,0.0,0.0,5.742,0,2.0,-0.225,309.825,3.6950000000000003,35.43,35.44645690917969,4.98,0.0,0
46806,125.169,54.551,-2.5,0.0,448.10900000000004,0.0,0.0,0.0,5.742,0,3.0,-0.26,309.825,1.5836000000000001,35.01,35.44645690917969,4.98,0.0,0
46806,125.169,54.541000000000004,-2.0,0.0,447.927,0.0,0.0,0.0,5.742,0,3.0,-0.18,309.825,-0.6598,35.13,35.44645690917969,4.98,0.0,0
46806,125.169,54.521,-1.5,0.0,447.806,0.0,0.0,0.0,5.742,0,2.0,-0.21,309.915,3.3651,34.77,35.44645690917969,4.98,0.0,0
46806,125.169,54.521,-1.5,0.0,447.806,0.0,0.0,0.0,5.742,0,2.0,-0.20500000000000002,309.915,3.7445000000000004,34.83,35.44645690917969,4.98,0.0,0
46806,125.169,54.502,-1.5,0.0,447.444,0.0,0.0,0.0,5.742,0,4.0,-0.215,309.69,-0.5031,35.34,35.44645690917969,4.98,0.0,0
46806,125.169,54.492000000000004,-2.0,0.0,447.625,0.0,0.0,0.0,5.742,0,4.0,-0.22,309.825,-3.761,36.18,35.44645690917969,4.98,0.0,0
46806,125.34,54.473000000000006,-1.5,0.0,447.806,0.0,0.0,0.0,5.742,0,4.0,-0.245,309.825,-3.4146,37.26,35.44645690917969,4.98,0.0,0
46806,125.169,54.453,-2.0,0.0,447.746,0.0,0.0,0.0,5.742,0,4.0,-0.225,309.915,3.4146,37.980000000000004,35.44645690917969,4.98,0.0,0
46806,125.169,54.434000000000005,-2.5,0.0,447.383,0.0,0.0,0.0,5.742,0,4.0,-0.23,309.825,3.2331000000000003,36.96,35.44645690917969,4.98,0.0,0
46806,125.169,54.424,-1.5,0.0,447.202,0.0,0.0,-0.2,5.742,0,0.0,-0.2,309.69,-2.1774,35.52,35.44645690917969,4.98,0.0,0
46806,125.34,54.404,-1.5,0.0,447.504,0.0,0.0,0.0,5.742,0,2.0,-0.21,309.825,-2.6888,34.62,35.44645690917969,4.98,0.0,0
46806,125.51,54.385000000000005,-1.5,0.0,447.746,0.0,0.0,0.0,5.742,0,4.0,-0.275,309.825,0.8578,34.26,35.44645690917969,4.98,0.0,0
46806,125.681,54.375,-1.5,0.0,447.867,0.0,0.0,0.0,5.742,0,0.0,-0.19,309.825,0.7011000000000001,33.96,35.44645690917969,4.98,0.0,0
46806,125.51,54.355000000000004,-1.5,0.0,447.927,0.0,0.0,0.0,5.742,0,3.0,-0.25,309.825,0.0,34.92,35.44645690917969,4.98,0.0,0
46806,125.34,54.336000000000006,-1.5,0.0,447.685,0.0,0.0,0.0,5.742,0,2.0,-0.22,309.825,-1.7815,35.160000000000004,35.44645690917969,4.98,0.0,0
46806,125.169,54.326,-1.5,0.0,447.564,0.0,0.0,0.0,5.742,0,4.0,-0.185,309.915,-0.5444,35.550000000000004,35.44645690917969,4.98,0.0,0
46806,125.169,54.307,-2.0,0.0,447.444,0.0,0.0,0.0,5.742,0,3.0,-0.245,309.825,0.8578,35.52,35.44645690917969,4.98,0.0,0
46806,125.34,54.287000000000006,-2.5,0.0,447.746,0.0,0.0,0.0,5.742,0,4.0,-0.21,309.915,0.5773,36.12,35.44645690917969,4.98,0.0,0
46806,125.51,54.277,-1.5,0.0,447.564,0.0,0.0,0.0,5.742,0,4.0,-0.23,309.825,-1.3691,36.72,35.44645690917969,4.98,0.0,0
46806,125.169,54.258,-2.0,0.0,447.32300000000004,0.0,0.0,0.0,5.742,0,4.0,-0.22,309.825,0.5279,36.84,35.44645690917969,4.98,0.0,0
46806,125.681,54.238,-1.5,0.0,447.504,0.0,0.0,0.0,5.742,0,3.0,-0.2,309.915,0.2639,36.6,35.44645690917969,4.98,0.0,0
46806,125.51,54.229,-1.0,0.0,447.444,0.0,0.0,0.0,5.742,0,4.0,-0.165,309.825,0.8330000000000001,36.72,35.44645690917969,4.98,0.0,0
46806,125.169,54.209,-1.5,0.0,447.625,0.0,0.0,0.2,5.742,0,1.0,-0.17500000000000002,309.69,-2.7465,36.54,35.44645690917969,4.98,0.0,0
46806,125.169,54.189,-2.5,0.0,447.927,0.0,0.0,0.0,5.742,0,1.0,-0.165,309.825,-1.7403000000000002,35.730000000000004,35.44645690917969,4.98,0.0,0
46806,125.51,54.17,-2.0,0.0,447.625,0.0,0.0,0.0,5.742,0,1.0,-0.21,309.915,3.5466,35.160000000000004,35.44645690917969,4.98,0.0,0
46806,125.851,54.160000000000004,-2.0,0.0,447.504,0.0,0.0,0.0,5.742,0,2.0,-0.21,309.825,2.8537000000000003,34.74,35.44645690917969,4.98,0.0,0
46806,125.169,54.141000000000005,-1.5,0.0,447.685,0.0,0.0,0.0,5.742,0,1.0,-0.23,309.825,-3.629,35.04,35.44645690917969,4.98,0.0,0
46806,125.681,54.121,-2.0,0.0,447.564,0.0,0.0,0.0,5.742,0,3.0,-0.23500000000000001,309.69,-5.847700000000001,34.83,35.44645690917969,4.98,0.0,0
46806,125.169,54.121,-2.0,0.0,447.564,0.0,0.0,0.0,5.742,0,3.0,-0.21,309.69,-6.2023,34.89,35.44645690917969,4.98,0.0,0
46806,125.34,54.111000000000004,-1.5,0.0,447.927,0.0,0.0,0.0,5.742,0,3.0,-0.195,309.69,2.7383,35.550000000000004,35.44645690917969,4.98,0.0,0
46806,125.34,54.092000000000006,-1.5,0.0,447.988,0.0,0.0,0.0,5.742,0,3.0,-0.2,309.825,1.9795,35.910000000000004,35.44645690917969,4.98,0.0,0
46806,125.681,54.072,-1.5,0.0,447.746,0.0,0.0,0.0,5.742,0,1.0,-0.17500000000000002,309.825,-0.3629,36.36,35.44645690917969,4.98,0.0,0
46806,125.34,54.063,-2.0,0.0,447.564,0.0,0.0,0.0,5.742,0,0.0,-0.135,309.825,2.7713,37.26,35.44645690917969,4.98,0.0,0
46806,125.851,54.043,-1.5,0.0,447.685,0.0,0.0,0.0,5.742,0,4.0,-0.2,309.825,0.0,36.87,35.44645690917969,4.98,0.0,0
46806,125.169,54.023,-1.5,0.0,447.685,0.0,0.0,0.0,5.742,0,3.0,-0.16,309.825,1.3196,37.050000000000004,35.44645690917969,4.98,0.0,0
46806,125.681,54.004000000000005,-2.0,0.0,447.444,0.0,0.0,0.0,5.742,0,3.0,-0.245,309.825,0.0,36.78,35.44645690917969,4.98,0.0,0
46806,125.51,53.994,-2.0,0.0,447.444,0.0,0.0,0.0,5.742,0,4.0,-0.17500000000000002,309.69,-2.7713,36.54,35.44645690917969,4.98,0.0,0
46806,125.51,53.975,-1.5,0.0,447.504,0.0,0.0,0.0,5.742,0,5.0,-0.185,309.69,-0.6928000000000001,35.67,35.44645690917969,4.98,0.0,0
46806,125.851,53.955000000000005,-1.0,0.0,447.806,0.0,0.0,0.0,5.742,0,2.0,-0.215,309.825,-3.0352,34.53,35.44645690917969,4.98,0.0,0
46806,125.681,53.945,-2.0,0.0,447.927,0.0,0.0,0.0,5.742,0,4.0,-0.22,309.69,-0.2639,34.02,35.44645690917969,4.98,0.0,0
46806,125.51,53.926,-1.0,0.0,447.927,0.0,0.0,0.0,5.742,0,6.0,-0.155,309.825,3.563,34.230000000000004,35.44645690917969,4.98,0.0,0
46806,125.851,53.906000000000006,-2.0,0.0,447.625,0.0,0.0,0.0,5.742,0,2.0,-0.17,309.825,2.3754,34.59,35.44645690917969,4.98,0.0,0
46806,125.681,53.896,-1.5,0.0,447.444,0.0,0.0,0.0,5.742,0,3.0,-0.165,309.825,4.3548,35.64,35.44645690917969,4.98,0.0,0
46806,125.851,53.877,-2.0,0.0,447.444,0.0,0.0,0.0,5.742,0,2.0,-0.215,309.915,-0.066,35.52,35.44645690917969,4.98,0.0,0
46806,125.51,53.857,-2.0,0.0,447.685,0.0,0.0,0.0,5.742,0,3.0,-0.2,309.825,-0.5279,36.09,35.44645690917969,4.98,0.0,0
46806,125.851,53.848000000000006,-1.5,0.0,447.625,0.0,0.0,0.0,5.742,0,2.0,-0.21,309.915,0.46190000000000003,36.78,35.44645690917969,4.98,0.0,0
46806,125.681,53.828,-1.0,0.0,447.383,0.0,0.0,0.0,5.742,0,4.0,-0.17500000000000002,309.69,-5.1466,36.72,35.44645690917969,4.98,0.0,0
46806,125.51,53.828,-2.0,0.0,447.383,0.0,0.0,0.0,5.742,0,3.0,-0.185,309.825,-4.4043,36.6,35.44645690917969,4.98,0.0,0
46806,125.851,53.809000000000005,-1.5,0.0,447.625,0.0,0.0,0.0,5.742,0,2.0,-0.2,309.915,1.7650000000000001,35.76,35.44645690917969,4.98,0.0,0
46806,125.851,53.789,-1.0,0.0,447.746,0.0,0.0,0.0,5.742,0,2.0,-0.185,309.825,3.9754,36.09,35.44645690917969,4.98,0.0,0
46806,125.681,53.779,-1.5,0.0,447.383,0.0,0.0,0.0,5.742,0,1.0,-0.19,309.69,-2.1774,35.64,35.44645690917969,4.98,0.0,0
46806,125.851,53.760000000000005,-1.5,0.0,447.32300000000004,0.0,0.0,0.0,5.742,0,0.0,-0.21,309.69,-2.928,35.49,35.44645690917969,4.98,0.0,0
46806,125.851,53.74,-1.5,0.0,447.444,0.0,0.0,0.0,5.742,0,3.0,-0.15,309.69,-2.1527000000000003,34.56,35.44645690917969,4.98,0.0,0
46806,125.851,53.730000000000004,-2.0,0.0,447.625,0.0,0.0,0.0,5.742,0,4.0,-0.20500000000000002,309.825,2.5486,33.63,35.44645690917969,4.98,0.0,0
46806,125.851,53.711000000000006,-1.5,0.0,447.564,0.0,0.0,0.0,5.742,0,4.0,-0.195,309.915,2.7053000000000003,33.12,35.44645690917969,4.98,0.0,0
46806,125.851,53.691,-2.5,0.0,447.927,0.0,0.0,0.0,5.742,0,3.0,-0.17500000000000002,309.825,1.6908,33.39,35.44645690917969,4.98,0.0,0
46806,125.851,53.682,-1.5,0.0,447.806,0.0,0.0,0.0,5.742,0,3.0,-0.195,309.915,2.0455,34.59,35.44645690917969,4.98,0.0,0
46806,125.851,53.672000000000004,-2.0,0.0,447.806,0.0,0.0,0.0,5.742,0,5.0,-0.225,309.915,3.0352,34.71,35.44645690917969,4.98,0.0,0
46806,125.851,53.662,-2.0,0.0,447.625,0.0,0.0,0.0,5.742,0,3.0,-0.185,309.915,-1.8475000000000001,36.03,35.44645690917969,4.98,0.0,0
46806,125.851,53.643,-2.0,0.0,447.504,0.0,0.0,0.0,5.742,0,5.0,-0.185,309.69,-3.1672000000000002,37.47,35.44645690917969,4.98,0.0,0
46806,125.851,53.623000000000005,-1.0,0.0,447.746,0.0,0.0,0.0,5.742,0,1.0,-0.18,309.69,-2.2104,36.9,35.44645690917969,4.98,0.0,0
46806,125.681,53.613,-1.0,0.0,447.444,0.0,0.0,0.0,5.742,0,3.0,-0.18,309.915,0.0,35.64,35.44645690917969,4.98,0.0,0
46806,125.681,53.594,-1.5,0.0,447.444,0.0,0.0,0.0,5.742,0,4.0,-0.165,309.825,4.3878,34.89,35.44645690917969,4.98,0.0,0
46806,125.851,53.574000000000005,-1.5,0.0,447.444,0.0,0.0,0.0,5.742,0,4.0,-0.225,309.825,0.2639,35.1,35.44645690917969,4.98,0.0,0
46806,126.022,53.564,-1.5,0.0,447.444,0.0,0.0,0.0,5.742,0,4.0,-0.22,309.915,-1.0557,35.97,35.44645690917969,4.98,0.0,0
46806,125.851,53.545,-1.0,0.0,447.32300000000004,0.0,0.0,0.0,5.742,0,2.0,-0.155,309.825,4.0909,36.480000000000004,35.44645690917969,4.98,0.0,0
46806,125.851,53.525000000000006,-1.0,0.0,447.32300000000004,0.0,0.0,0.0,5.742,0,5.0,-0.17,309.825,-0.5279,35.730000000000004,35.44645690917969,4.98,0.0,0
46806,125.851,53.516000000000005,-2.0,0.0,447.564,0.0,0.0,0.0,5.742,0,2.0,-0.215,309.915,-1.3196,34.800000000000004,35.44645690917969,4.98,0.0,0
46806,125.851,53.496,-1.5,0.0,447.444,0.0,0.0,0.0,5.742,0,-1.0,-0.15,309.69,-0.9567,33.72,35.44645690917969,4.98,0.0,0
46806,126.363,53.477000000000004,-1.0,0.0,447.32300000000004,0.0,0.0,0.0,5.742,0,2.0,-0.19,309.69,-4.7507,33.93,35.44645690917969,4.98,0.0,0
46806,126.19200000000001,53.467000000000006,-2.0,0.0,447.262,0.0,0.0,0.0,5.742,0,6.0,-0.17,309.825,-3.3651,34.32,35.44645690917969,4.98,0.0,0
46806,125.851,53.447,-1.5,0.0,447.262,0.0,0.0,0.0,5.742,0,2.0,-0.17500000000000002,309.825,4.8827,35.97,35.44645690917969,4.98,0.0,0
46806,126.022,53.428000000000004,-1.0,0.0,447.02,0.0,0.0,0.0,5.742,0,4.0,-0.20500000000000002,309.915,4.0579,36.63,35.44645690917969,4.98,0.0,0
46806,126.19200000000001,53.408,-1.0,0.0,447.02,0.0,0.0,0.0,5.742,0,2.0,-0.19,309.825,-0.5279,36.39,35.44645690917969,4.98,0.0,0
46806,126.19200000000001,53.398,-1.5,0.0,447.202,0.0,0.0,0.0,5.742,0,2.0,-0.225,309.69,-4.3878,35.37,35.44645690917969,4.98,0.0,0
46806,126.19200000000001,53.379000000000005,-1.0,0.0,447.746,0.0,0.0,0.0,5.742,0,7.0,-0.215,309.825,-2.1114,35.79,35.44645690917969,4.98,0.0,0
46806,126.19200000000001,53.359,-2.0,0.0,447.685,0.0,0.0,0.0,5.742,0,3.0,-0.145,309.915,3.3651,36.0,35.44645690917969,4.98,0.0,0
46806,126.19200000000001,53.35,-1.5,0.0,447.625,0.0,0.0,0.0,5.742,0,2.0,-0.17500000000000002,309.825,2.9032,36.21,35.44645690917969,4.98,0.0,0
46806,125.851,53.330000000000005,-1.5,0.0,447.625,0.0,0.0,0.0,5.742,0,3.0,-0.18,309.825,0.7918000000000001,36.0,35.44645690917969,4.98,0.0,0
46806,125.851,53.311,-1.5,0.0,447.383,0.0,0.0,-0.2,5.742,0,2.0,-0.195,309.69,-4.6188,34.83,35.44645690917969,4.98,0.0,0
46806,126.19200000000001,53.301,-1.5,0.0,447.262,0.0,0.0,0.0,5.742,0,1.0,-0.195,309.915,0.19790000000000002,34.17,35.44645690917969,4.98,0.0,0
46806,125.851,53.281000000000006,-1.5,0.0,447.262,0.0,0.0,0.0,5.742,0,1.0,-0.17,309.825,3.2991,33.12,35.44645690917969,4.98,0.0,0
46806,126.022,53.262,-1.5,0.0,447.444,0.0,0.0,0.0,5.742,0,3.0,-0.17,309.825,2.0125,33.45,35.44645690917969,4.98,0.0,0
46806,125.851,53.252,-1.5,0.0,447.444,0.0,0.0,0.0,5.742,0,2.0,-0.2,309.915,-1.5836000000000001,34.2,35.44645690917969,4.98,0.0,0
46806,125.851,53.232,-1.0,0.0,447.625,0.0,0.0,0.0,5.742,0,4.0,-0.165,309.825,-1.0557,35.910000000000004,35.44645690917969,4.98,0.0,0
46806,126.19200000000001,53.213,-2.0,0.0,447.746,0.0,0.0,0.0,5.742,0,3.0,-0.21,309.825,-2.1114,37.800000000000004,35.44645690917969,4.98,0.0,0
46806,126.363,53.203,-1.5,0.0,447.32300000000004,0.0,0.0,0.0,5.742,0,2.0,-0.19,309.825,0.3299,37.71,35.44645690917969,4.98,0.0,0
46806,126.19200000000001,53.184000000000005,-1.5,0.0,447.32300000000004,0.0,0.0,0.0,5.742,0,2.0,-0.17500000000000002,309.825,2.6393,36.75,35.44645690917969,4.98,0.0,0
46806,126.363,53.184000000000005,-1.5,0.0,447.32300000000004,0.0,0.0,0.0,5.742,0,2.0,-0.16,309.825,2.9032,36.57,35.44645690917969,4.98,0.0,0
46806,126.19200000000001,53.164,-2.0,0.0,447.141,0.0,0.0,0.0,5.742,0,2.0,-0.185,309.825,-0.7918000000000001,35.82,35.44645690917969,4.98,0.0,0
46806,126.533,53.145,-2.5,0.0,447.32300000000004,0.0,0.0,0.0,5.742,0,4.0,-0.185,309.915,0.2474,35.13,35.44645690917969,4.98,0.0,0
46806,126.19200000000001,53.135000000000005,-1.5,0.0,447.202,0.0,0.0,0.0,5.742,0,4.0,-0.17500000000000002,309.915,4.7342,35.19,35.44645690917969,4.98,0.0,0
46806,126.533,53.115,-1.5,0.0,447.504,0.0,0.0,0.0,5.742,0,5.0,-0.16,309.825,1.5176,34.53,35.44645690917969,4.98,0.0,0
46806,126.363,53.096000000000004,-1.5,0.0,447.444,0.0,0.0,0.0,5.742,0,2.0,-0.165,309.69,-7.2168,34.95,35.44645690917969,4.98,0.0,0
46806,126.363,53.086000000000006,-1.5,0.0,447.504,0.0,0.0,0.0,5.742,0,2.0,-0.17,309.825,-0.9073,35.34,35.44645690917969,4.98,0.0,0
46806,126.533,53.066,-2.0,0.0,447.746,0.0,0.0,0.0,5.742,0,-2.0,-0.21,309.825,3.1672000000000002,34.83,35.44645690917969,4.98,0.0,0
46806,126.363,53.047000000000004,-2.5,0.0,447.746,0.0,0.0,0.0,5.742,0,3.0,-0.15,309.825,-3.1259,34.230000000000004,35.44645690917969,4.98,0.0,0
46806,126.533,53.037,-2.0,0.0,447.564,0.0,0.0,0.0,5.742,0,2.0,-0.165,309.915,0.5279,34.68,35.44645690917969,4.98,0.0,0
46806,126.533,53.018,-1.5,0.0,447.444,0.0,0.0,0.0,5.742,0,2.0,-0.17500000000000002,309.825,1.6496000000000002,35.31,35.44645690917969,4.98,0.0,0
46806,126.19200000000001,52.998000000000005,-2.0,0.0,447.262,0.0,0.0,0.0,5.742,0,5.0,-0.18,309.825,-2.664,36.06,35.44645690917969,4.98,0.0,0
46806,126.533,52.988,-1.5,0.0,447.262,0.0,0.0,0.0,5.742,0,2.0,-0.19,309.825,-0.2474,37.2,35.44645690917969,4.98,0.0,0
46806,126.533,52.969,-1.0,0.0,447.383,0.0,0.0,0.0,5.742,0,3.0,-0.155,309.825,4.0002,37.14,35.44645690917969,4.98,0.0,0
46806,126.533,52.949000000000005,-2.0,0.0,447.383,0.0,0.0,0.0,5.742,0,2.0,-0.17,309.825,0.132,37.02,35.44645690917969,4.98,0.0,0
46806,126.363,52.939,-1.0,0.0,447.081,0.0,0.0,0.0,5.742,0,3.0,-0.185,309.69,-1.8887,36.45,35.44645690917969,4.98,0.0,0
46806,126.533,52.93,-1.5,0.0,446.96000000000004,0.0,0.0,0.0,5.742,0,4.0,-0.18,309.69,-2.7713,36.300000000000004,35.44645690917969,4.98,0.0,0
46806,126.533,52.92,-2.0,0.0,447.262,0.0,0.0,0.0,5.742,0,2.0,-0.17,309.915,0.19790000000000002,35.67,35.44645690917969,4.98,0.0,0
46806,126.533,52.900000000000006,-1.0,0.0,447.383,0.0,0.0,0.0,5.742,0,2.0,-0.18,309.825,0.6598,34.95,35.44645690917969,4.98,0.0,0
46806,126.533,52.881,-1.5,0.0,447.444,0.0,0.0,0.0,5.742,0,-1.0,-0.165,309.825,0.9567,34.5,35.44645690917969,4.98,0.0,0
46806,126.533,52.871,-1.0,0.0,447.32300000000004,0.0,0.0,0.0,5.742,0,-1.0,-0.19,309.825,-1.8475000000000001,34.95,35.44645690917969,4.98,0.0,0
46806,126.19200000000001,52.852000000000004,-1.5,0.0,447.32300000000004,0.0,0.0,0.0,5.742,0,2.0,-0.19,309.825,0.0,34.83,35.44645690917969,4.98,0.0,0
46806,126.533,52.832,-1.5,0.0,447.625,0.0,0.0,0.0,5.742,0,5.0,-0.16,309.825,-1.9795,34.89,35.44645690917969,4.98,0.0,0
46806,126.363,52.822,-2.0,0.0,447.625,0.0,0.0,0.0,5.742,0,2.0,-0.17,309.825,-2.3754,35.43,35.44645690917969,4.98,0.0,0
46806,126.533,52.803000000000004,-1.5,0.0,447.32300000000004,0.0,0.0,0.0,5.742,0,3.0,-0.185,309.69,-1.1877,36.300000000000004,35.44645690917969,4.98,0.0,0
46806,126.533,52.783,-2.5,0.0,447.444,0.0,0.0,0.0,5.742,0,4.0,-0.18,309.825,0.7918000000000001,36.84,35.44645690917969,4.98,0.0,0
46806,126.533,52.764,-1.5,0.0,447.504,0.0,0.0,0.0,5.742,0,3.0,-0.195,309.825,1.1877,37.44,35.44645690917969,4.98,0.0,0
46806,126.70400000000001,52.754000000000005,-1.0,0.0,447.564,0.0,0.0,0.0,5.742,0,2.0,-0.16,309.69,0.0,37.26,35.44645690917969,4.98,0.0,0
46806,126.533,52.734,-1.5,0.0,447.444,0.0,0.0,0.0,5.742,0,1.0,-0.195,309.69,-3.9589000000000003,36.78,35.44645690917969,4.98,0.0,0
46806,126.533,52.715,-1.5,0.0,447.444,0.0,0.0,0.0,5.742,0,3.0,-0.17500000000000002,309.825,0.0,36.33,35.44645690917969,4.98,0.0,0
46806,126.533,52.705000000000005,-1.5,0.0,447.262,0.0,0.0,0.0,5.742,0,2.0,-0.18,309.69,1.1877,36.15,35.44645690917969,4.98,0.0,0
46806,126.533,52.686,-1.5,0.0,447.444,0.0,0.0,0.0,5.742,0,1.0,-0.185,309.69,0.2639,35.07,35.44645690917969,4.98,0.0,0
46806,126.533,52.666000000000004,-1.5,0.0,447.444,0.0,0.0,0.0,5.742,0,1.0,-0.17,309.825,-0.2639,34.74,35.44645690917969,4.98,0.0,0
46806,127.045,52.656000000000006,-1.5,0.0,447.262,0.0,0.0,0.0,5.742,0,1.0,-0.16,309.825,2.2764,34.05,35.44645690917969,4.98,0.0,0
46806,126.533,52.637,-1.5,0.0,447.262,0.0,0.0,0.0,5.742,0,6.0,-0.17500000000000002,309.69,0.2639,34.980000000000004,35.44645690917969,4.98,0.0,0
46806,127.215,52.637,-1.0,0.0,447.262,0.0,0.0,0.0,5.742,0,3.0,-0.17500000000000002,309.915,0.2227,35.07,35.44645690917969,4.98,0.0,0
46806,126.533,52.617000000000004,-2.0,0.0,447.32300000000004,0.0,0.0,0.0,5.742,0,3.0,-0.18,309.69,-3.0104,35.7,35.44645690917969,4.98,0.0,0
46806,126.533,52.598,-1.5,0.0,447.262,0.0,0.0,0.0,5.742,0,3.0,-0.16,309.915,-1.2702,36.9,35.44645690917969,4.98,0.0,0
46806,127.215,52.588,-1.5,0.0,447.202,0.0,0.0,0.0,5.742,0,3.0,-0.2,309.825,1.1629,37.050000000000004,35.44645690917969,4.98,0.0,0
46806,127.045,52.568000000000005,-1.5,0.0,447.262,0.0,0.0,0.0,5.742,0,3.0,-0.17500000000000002,309.915,4.3796,36.18,35.44645690917969,4.98,0.0,0
46806,126.87400000000001,52.549,-1.5,0.0,447.262,0.0,0.0,-0.2,5.742,0,4.0,-0.17,309.69,-2.3506,36.24,35.44645690917969,4.98,0.0,0
46806,126.87400000000001,52.539,-2.0,0.0,447.625,0.0,0.0,0.2,5.742,0,2.0,-0.14,309.825,-0.132,35.910000000000004,35.44645690917969,4.98,0.0,0
46806,127.045,52.52,-1.5,0.0,447.504,0.0,0.0,0.0,5.742,0,2.0,-0.13,309.825,-1.2372,36.33,35.44645690917969,4.98,0.0,0
46806,126.533,52.5,-1.5,0.0,447.202,0.0,0.0,0.0,5.742,0,2.0,-0.11,309.825,2.1527000000000003,36.36,35.44645690917969,4.98,0.0,0
46806,126.87400000000001,52.49,-1.5,0.0,447.262,0.0,0.0,0.0,5.742,0,2.0,-0.22,309.69,-2.1527000000000003,36.6,35.44645690917969,4.98,0.0,0
46806,127.215,52.471000000000004,-2.0,0.0,447.625,0.0,0.0,0.0,5.742,0,1.0,-0.165,309.915,-2.2599,36.300000000000004,35.44645690917969,4.98,0.0,0
46806,126.533,52.451,-1.0,0.0,447.564,0.0,0.0,0.0,5.742,0,0.0,-0.18,309.825,2.1114,34.95,35.44645690917969,4.98,0.0,0
46806,126.87400000000001,52.441,-1.5,0.0,446.899,0.0,0.0,0.0,5.742,0,3.0,-0.155,309.825,5.1219,33.75,35.44645690917969,4.98,0.0,0
46806,127.045,52.422000000000004,-1.5,0.0,447.081,0.0,0.0,0.0,5.742,0,2.0,-0.125,309.825,-0.39590000000000003,33.78,35.44645690917969,4.98,0.0,0
46806,126.533,52.402,-2.0,0.0,447.444,0.0,0.0,0.0,5.742,0,3.0,-0.21,309.69,-3.4723,34.95,35.44645690917969,4.98,0.0,0
46806,126.70400000000001,52.393,-2.0,0.0,447.806,0.0,0.0,0.0,5.742,0,2.0,-0.13,309.825,-3.2991,36.06,35.44645690917969,4.98,0.0,0
46806,127.045,52.373000000000005,-1.5,0.0,447.625,0.0,0.0,0.0,5.742,0,4.0,-0.19,309.825,-0.8578,36.78,35.44645690917969,4.98,0.0,0
46806,127.045,52.354,-1.5,0.0,447.262,0.0,0.0,0.0,5.742,0,2.0,-0.155,309.825,2.6146000000000003,37.14,35.44645690917969,4.98,0.0,0
46806,127.215,52.344,-2.0,0.0,447.081,0.0,0.0,0.0,5.742,0,3.0,-0.155,309.825,-0.066,36.54,35.44645690917969,4.98,0.0,0
46806,127.215,52.334,-1.0,0.0,447.081,0.0,0.0,0.0,5.742,0,3.0,-0.17,309.825,0.0,36.54,35.44645690917969,4.98,0.0,0
46806,127.215,52.324000000000005,-1.5,0.0,447.444,0.0,0.0,0.0,5.742,0,2.0,-0.12,309.825,-1.9795,35.79,35.44645690917969,4.98,0.0,0
46806,127.045,52.305,-1.5,0.0,447.32300000000004,0.0,0.0,0.0,5.742,0,4.0,-0.13,309.825,0.0,35.550000000000004,35.44645690917969,4.98,0.0,0
46806,127.215,52.285000000000004,-2.0,0.0,447.081,0.0,0.0,0.0,5.742,0,6.0,-0.1,309.825,3.9589000000000003,35.79,35.44645690917969,4.98,0.0,0
46806,127.045,52.275000000000006,-2.0,0.0,447.32300000000004,0.0,0.0,0.0,5.742,0,5.0,-0.115,309.69,-1.7485000000000002,35.61,35.44645690917969,4.98,0.0,0
46806,126.87400000000001,52.256,-2.0,0.0,447.504,0.0,0.0,0.0,5.742,0,4.0,-0.155,309.825,-0.7918000000000001,35.19,35.44645690917969,4.98,0.0,0
46806,127.215,52.236000000000004,-1.5,0.0,447.564,0.0,0.0,0.0,5.742,0,7.0,-0.145,309.825,3.1672000000000002,34.59,35.44645690917969,4.98,0.0,0
46806,127.215,52.227000000000004,-1.5,0.0,447.444,0.0,0.0,0.0,5.742,0,3.0,-0.16,309.915,1.9795,34.02,35.44645690917969,4.98,0.0,0
46806,127.045,52.207,-1.5,0.0,447.383,0.0,0.0,0.0,5.742,0,2.0,-0.14,309.825,1.8475000000000001,34.230000000000004,35.44645690917969,4.98,0.0,0
46806,127.215,52.188,-1.5,0.0,447.262,0.0,0.0,0.0,5.742,0,2.0,-0.145,309.825,-0.7918000000000001,35.160000000000004,35.44645690917969,4.98,0.0,0
46806,127.215,52.168,-1.5,0.0,447.564,0.0,0.0,0.0,5.742,0,4.0,-0.165,309.825,-0.9897,36.36,35.44645690917969,4.98,0.0,0
46806,127.215,52.158,-1.5,0.0,447.746,0.0,0.0,0.0,5.742,0,5.0,-0.145,309.69,-0.7918000000000001,37.26,35.44645690917969,4.98,0.0,0
46806,127.215,52.139,-2.0,0.0,447.625,0.0,0.0,0.0,5.742,0,4.0,-0.16,309.69,-4.651800000000001,37.17,35.44645690917969,4.98,0.0,0
46806,127.386,52.119,-2.0,0.0,447.444,0.0,0.0,0.0,5.742,0,4.0,-0.17,309.825,0.9238000000000001,36.72,35.44645690917969,4.98,0.0,0
46806,127.215,52.109,-1.0,0.0,447.564,0.0,0.0,0.0,5.742,0,2.0,-0.155,309.69,2.3754,36.06,35.44645690917969,4.98,0.0,0
46806,127.215,52.09,-1.5,0.0,447.444,0.0,0.0,0.0,5.742,0,2.0,-0.145,309.825,-1.7155,35.28,35.44645690917969,4.98,0.0,0
46806,127.045,52.07,-0.5,0.0,447.081,0.0,0.0,0.0,5.742,0,-1.0,-0.17,309.825,0.7918000000000001,35.13,35.44645690917969,4.98,0.0,0
46806,127.215,52.061,-1.5,0.0,447.262,0.0,0.0,0.0,5.742,0,2.0,-0.14,309.825,4.7507,35.76,35.44645690917969,4.98,0.0,0
46806,127.215,52.041000000000004,-1.0,0.0,447.625,0.0,0.0,0.0,5.742,0,1.0,-0.14,309.915,2.0455,35.82,35.44645690917969,4.98,0.0,0
46806,127.215,52.041000000000004,-1.5,0.0,447.625,0.0,0.0,0.0,5.742,0,2.0,-0.135,309.915,2.3589,35.82,35.44645690917969,4.98,0.0,0
46806,127.215,52.021,-1.5,0.0,447.746,0.0,0.0,0.0,5.742,0,4.0,-0.15,309.825,-1.5176,35.13,35.44645690917969,4.98,0.0,0
46806,127.215,52.002,-1.0,0.0,447.262,0.0,0.0,0.0,5.742,0,4.0,-0.14,309.69,-4.3301,34.29,35.44645690917969,4.98,0.0,0
46806,127.215,51.992000000000004,-1.5,0.0,447.444,0.0,0.0,0.0,5.742,0,3.0,-0.17,309.915,-1.5176,33.54,35.44645690917969,4.98,0.0,0
46806,127.215,51.973,-1.0,0.0,447.504,0.0,0.0,0.0,5.742,0,3.0,-0.15,309.825,2.1114,34.44,35.44645690917969,4.98,0.0,0
46806,127.727,51.953,-1.5,0.0,447.444,0.0,0.0,0.0,5.742,0,5.0,-0.23500000000000001,309.915,5.6332,36.300000000000004,35.44645690917969,4.98,0.0,0
46806,127.215,51.943000000000005,-1.5,0.0,447.262,0.0,0.0,0.0,5.742,0,2.0,-0.1,309.825,-3.1012,37.26,35.44645690917969,4.98,0.0,0
46806,127.215,51.924,-1.5,0.0,447.141,0.0,0.0,0.0,5.742,0,3.0,-0.055,309.825,-3.8270000000000004,37.77,35.44645690917969,4.98,0.0,0
46806,127.215,51.904,-1.5,0.0,447.081,0.0,0.0,0.0,5.742,0,2.0,-0.085,309.69,-4.0662,36.51,35.44645690917969,4.98,0.0,0
46806,127.898,51.895,-1.5,0.0,447.685,0.0,0.0,0.0,5.742,0,4.0,-0.145,309.69,1.9382000000000001,35.1,35.44645690917969,4.98,0.0,0
46806,127.386,51.875,-1.0,0.0,447.988,0.0,0.0,0.0,5.742,0,2.0,-0.135,309.69,-0.37120000000000003,34.980000000000004,35.44645690917969,4.98,0.0,0
46806,127.727,51.855000000000004,-2.0,0.0,447.081,0.0,0.0,0.0,5.742,0,4.0,-0.14,309.825,2.0207,34.74,35.44645690917969,4.98,0.0,0
46806,127.215,51.846000000000004,-1.5,0.0,447.141,0.0,0.0,0.2,5.742,0,5.0,-0.09,309.69,0.767,35.19,35.44645690917969,4.98,0.0,0
46806,127.215,51.826,-1.5,0.0,447.202,0.0,0.0,0.0,5.742,0,2.0,-0.105,309.825,-0.2887,35.37,35.44645690917969,4.98,0.0,0
46806,127.727,51.807,-1.5,0.0,447.081,0.0,0.0,0.0,5.742,0,4.0,-0.13,309.915,2.4249,34.92,35.44645690917969,4.98,0.0,0
46806,127.386,51.797000000000004,-1.5,0.0,447.141,0.0,0.0,0.0,5.742,0,4.0,-0.135,309.69,-2.3094,33.93,35.44645690917969,4.98,0.0,0
46806,127.727,51.777,-1.5,0.0,447.383,0.0,0.0,0.0,5.742,0,5.0,-0.13,309.825,-0.9897,33.57,35.44645690917969,4.98,0.0,0
46806,127.557,51.758,-1.5,0.0,447.444,0.0,0.0,0.0,5.742,0,2.0,-0.09,309.825,4.5693,33.57,35.44645690917969,4.98,0.0,0
46806,127.557,51.748000000000005,-1.5,0.0,447.746,0.0,0.0,0.0,5.742,0,3.0,-0.125,309.69,0.39590000000000003,34.410000000000004,35.44645690917969,4.98,0.0,0
46806,127.898,51.729,-1.5,0.0,447.383,0.0,0.0,0.0,5.742,0,3.0,-0.135,309.825,-1.9135000000000002,35.58,35.44645690917969,4.98,0.0,0
46806,127.727,51.709,-1.5,0.0,447.081,0.0,0.0,0.0,5.742,0,4.0,-0.135,309.825,-1.699,36.660000000000004,35.44645690917969,4.98,0.0,0
46806,127.727,51.689,-1.5,0.0,447.141,0.0,0.0,0.0,5.742,0,3.0,-0.13,309.825,1.8887,36.21,35.44645690917969,4.98,0.0,0
46806,127.386,51.68,-1.5,0.0,447.081,0.0,0.0,0.0,5.742,0,6.0,-0.12,309.69,0.2227,35.43,35.44645690917969,4.98,0.0,0
46806,127.557,51.660000000000004,-1.5,0.0,447.383,0.0,0.0,0.2,5.742,0,5.0,-0.12,309.69,-1.8887,34.71,35.44645690917969,4.98,0.0,0
46806,127.727,51.641000000000005,-1.5,0.0,447.262,0.0,0.0,0.0,5.742,0,2.0,-0.125,309.825,-0.18150000000000002,34.26,35.44645690917969,4.98,0.0,0
46806,127.898,51.631,-1.5,0.0,447.081,0.0,0.0,0.0,5.742,0,4.0,-0.1,309.825,1.0310000000000001,34.11,35.44645690917969,4.98,0.0,0
46806,127.727,51.611000000000004,-2.0,0.0,447.081,0.0,0.0,0.0,5.742,0,3.0,-0.13,309.825,2.3506,34.05,35.44645690917969,4.98,0.0,0
46806,127.898,51.592000000000006,-1.0,0.0,447.444,0.0,0.0,0.0,5.742,0,3.0,-0.125,309.69,-1.1629,34.410000000000004,35.44645690917969,4.98,0.0,0
46806,127.898,51.582,-1.0,0.0,447.141,0.0,0.0,0.0,5.742,0,3.0,-0.11,309.915,-0.5444,34.74,35.44645690917969,4.98,0.0,0
46806,127.898,51.563,-1.5,0.0,447.383,0.0,0.0,0.0,5.742,0,5.0,-0.11,309.69,1.8723,34.71,35.44645690917969,4.98,0.0,0
46806,127.898,51.543,-2.0,0.0,447.32300000000004,0.0,0.0,0.0,5.742,0,3.0,-0.12,309.825,2.7465,33.87,35.44645690917969,4.98,0.0,0
46806,127.727,51.543,-1.0,0.0,447.383,0.0,0.0,0.0,5.742,0,3.0,-0.12,309.825,2.1114,33.87,35.44645690917969,4.98,0.0,0
46806,127.557,51.523,-0.5,0.0,447.444,0.0,0.0,0.0,5.742,0,2.0,-0.16,309.825,0.8578,34.44,35.44645690917969,4.98,0.0,0
46806,127.898,51.514,-2.0,0.0,447.383,0.0,0.0,0.0,5.742,0,2.0,-0.06,309.825,-0.7918000000000001,34.95,35.44645690917969,4.98,0.0,0
46806,127.898,51.494,-1.5,0.0,447.32300000000004,0.0,0.0,0.0,5.742,0,3.0,-0.07,309.915,-0.5938,35.730000000000004,35.44645690917969,4.98,0.0,0
46806,127.898,51.475,-1.5,0.0,446.899,0.0,0.0,0.0,5.742,0,2.0,-0.115,309.825,4.7507,35.76,35.44645690917969,4.98,0.0,0
46806,127.727,51.465,-1.5,0.0,447.262,0.0,0.0,0.0,5.742,0,3.0,-0.1,309.825,0.7918000000000001,35.7,35.44645690917969,4.98,0.0,0
46806,127.898,51.445,-2.0,0.0,447.564,0.0,0.0,0.0,5.742,0,5.0,-0.135,309.825,-3.1672000000000002,35.31,35.44645690917969,4.98,0.0,0
46806,127.898,51.426,-1.5,0.0,447.262,0.0,0.0,0.0,5.742,0,4.0,-0.13,309.915,-1.3856000000000002,34.59,35.44645690917969,4.98,0.0,0
46806,127.898,51.416000000000004,-2.0,0.0,447.262,0.0,0.0,0.0,5.742,0,6.0,-0.045,309.825,0.39590000000000003,34.62,35.44645690917969,4.98,0.0,0
46806,127.898,51.396,-2.0,0.0,447.564,0.0,0.0,0.0,5.742,0,3.0,-0.12,309.69,-0.4289,34.47,35.44645690917969,4.98,0.0,0
46806,127.898,51.377,-1.5,0.0,447.564,0.0,0.0,0.2,5.742,0,3.0,-0.15,309.825,-1.7155,33.63,35.44645690917969,4.98,0.0,0
46806,127.727,51.367000000000004,-1.5,0.0,447.262,0.0,0.0,0.0,5.742,0,3.0,-0.075,309.915,1.7815,33.9,35.44645690917969,4.98,0.0,0
46806,127.898,51.348,-1.5,0.0,447.081,0.0,0.0,0.0,5.742,0,0.0,-0.09,309.825,2.2434000000000003,33.72,35.44645690917969,4.98,0.0,0
46806,127.898,51.328,-1.5,0.0,447.262,0.0,0.0,0.0,5.742,0,4.0,-0.085,309.825,2.1114,33.75,35.44645690917969,4.98,0.0,0
46806,127.898,51.318000000000005,-1.5,0.0,447.141,0.0,0.0,0.0,5.742,0,2.0,-0.065,309.69,-4.6188,34.410000000000004,35.44645690917969,4.98,0.0,0
46806,127.898,51.299,-2.0,0.0,447.262,0.0,0.0,-0.2,5.742,0,4.0,-0.1,309.915,-4.8167,35.43,35.44645690917969,4.98,0.0,0
46806,128.409,51.279,-1.5,0.0,447.564,0.0,0.0,0.0,5.742,0,3.0,-0.075,309.825,1.5836000000000001,36.21,35.44645690917969,4.98,0.0,0
46806,127.898,51.260000000000005,-1.0,0.0,447.32300000000004,0.0,0.0,0.0,5.742,0,2.0,-0.08,309.825,2.5403000000000002,35.67,35.44645690917969,4.98,0.0,0
46806,127.898,51.25,-1.5,0.0,447.564,0.0,0.0,0.0,5.742,0,2.0,-0.095,309.825,-1.8475000000000001,35.49,35.44645690917969,4.98,0.0,0
46806,127.898,51.230000000000004,-1.5,0.0,447.444,0.0,0.0,0.0,5.742,0,4.0,-0.05,309.69,-1.4846000000000001,35.13,35.44645690917969,4.98,0.0,0
46806,127.898,51.211000000000006,-1.5,0.0,447.625,0.0,0.0,0.0,5.742,0,5.0,-0.065,309.825,-1.1877,35.160000000000004,35.44645690917969,4.98,0.0,0
46806,128.068,51.201,-2.0,0.0,447.685,0.0,0.0,0.0,5.742,0,1.0,-0.07,309.915,1.7815,35.28,35.44645690917969,4.98,0.0,0
46806,127.898,51.201,-2.0,0.0,447.685,0.0,0.0,0.0,5.742,0,3.0,-0.055,309.915,2.4249,35.25,35.44645690917969,4.98,0.0,0
46806,127.898,51.182,-1.5,0.0,447.444,0.0,0.0,0.0,5.742,0,2.0,-0.07,309.825,2.8125,35.19,35.44645690917969,4.98,0.0,0
46806,128.068,51.162,-2.0,0.0,447.32300000000004,0.0,0.0,-0.2,5.742,0,3.0,-0.095,309.825,-0.6598,34.26,35.44645690917969,4.98,0.0,0
46806,128.239,51.152,-2.0,0.0,447.504,0.0,0.0,0.0,5.742,0,3.0,-0.065,309.825,-0.2474,33.81,35.44645690917969,4.98,0.0,0
46806,127.898,51.133,-1.5,0.0,447.685,0.0,0.0,-0.2,5.742,0,3.0,-0.09,309.915,1.3032000000000001,34.05,35.44645690917969,4.98,0.0,0
46806,128.239,51.113,-2.0,0.0,447.504,0.0,0.0,0.0,5.742,0,5.0,-0.095,309.69,-1.5588000000000002,34.410000000000004,35.44645690917969,4.98,0.0,0
46806,128.409,51.094,-2.0,0.0,447.383,0.0,0.0,0.0,5.742,0,2.0,-0.085,309.825,-2.0455,35.1,35.44645690917969,4.98,0.0,0
46806,128.409,51.084,-1.5,0.0,447.32300000000004,0.0,0.0,0.2,5.742,0,2.0,-0.115,309.915,-4.6848,35.31,35.44645690917969,4.98,0.0,0
46806,128.58,51.064,-1.5,0.0,447.262,0.0,0.0,0.0,5.742,0,3.0,-0.095,309.825,3.1012,35.19,35.44645690917969,4.98,0.0,0
46806,128.239,51.045,-1.5,0.0,447.262,0.0,0.0,0.0,5.742,0,2.0,-0.045,309.915,3.6785,34.980000000000004,35.44645690917969,4.98,0.0,0
46806,128.068,51.045,-1.5,0.0,447.262,0.0,0.0,0.0,5.737,0,2.0,-0.055,309.915,4.4208,35.01,35.44645690917969,4.98,0.0,0
46806,128.409,51.035000000000004,-2.0,0.0,447.262,0.0,0.0,0.0,5.737,0,4.0,-0.03,309.69,-3.8270000000000004,35.1,35.44645690917969,4.98,0.0,0
46806,128.409,51.016000000000005,-1.5,0.0,447.504,0.0,0.0,0.0,5.742,0,2.0,-0.115,309.825,-1.3196,35.730000000000004,35.44645690917969,4.98,0.0,0
46806,128.58,50.996,-1.5,0.0,447.746,0.0,0.0,0.0,5.737,0,3.0,-0.105,309.69,-5.4106000000000005,36.03,35.44645690917969,4.98,0.0,0
46806,128.239,50.977000000000004,-1.5,0.0,447.625,0.0,0.0,0.0,5.742,0,2.0,-0.04,309.915,1.6826,35.52,35.44645690917969,4.98,0.0,0
46806,128.58,50.967000000000006,-1.5,0.0,447.625,0.0,0.0,0.0,5.737,0,4.0,-0.025,309.825,3.9589000000000003,34.89,35.44645690917969,4.98,0.0,0
46806,128.239,50.947,-1.5,0.0,447.504,0.0,0.0,0.2,5.737,0,3.0,-0.055,309.825,-1.4186,33.9,35.44645690917969,4.98,0.0,0
46806,128.58,50.928000000000004,-2.0,0.0,447.625,0.0,0.0,0.0,5.737,0,3.0,-0.035,309.915,-2.3754,33.36,35.44645690917969,4.98,0.0,0
46806,128.58,50.918,-1.5,0.0,447.625,0.0,0.0,0.0,5.737,0,3.0,-0.03,309.825,0.5279,32.76,35.44645690917969,4.98,0.0,0
46806,128.409,50.898,-1.5,0.0,447.32300000000004,0.0,0.0,0.0,5.737,0,4.0,-0.06,309.825,2.9032,33.54,35.44645690917969,4.98,0.0,0
46806,127.898,50.879000000000005,-1.5,0.0,447.202,0.0,0.0,0.0,5.737,0,4.0,-0.14,309.825,1.3856000000000002,35.160000000000004,35.44645690917969,4.98,0.0,0
46806,128.409,50.869,-2.0,0.0,447.262,0.0,0.0,0.0,5.737,0,0.0,-0.065,309.915,1.8475000000000001,36.87,35.44645690917969,4.98,0.0,0
46806,128.58,50.85,-1.5,0.0,447.262,0.0,0.0,0.0,5.737,0,3.0,-0.05,309.825,0.5279,37.08,35.44645690917969,4.98,0.0,0
46806,128.58,50.85,-1.5,0.0,447.262,0.0,0.0,0.0,5.737,0,4.0,-0.045,309.825,0.2639,37.02,35.44645690917969,4.98,0.0,0
46806,128.409,50.830000000000005,-1.5,0.0,447.504,0.0,0.0,0.0,5.737,0,0.0,-0.06,309.825,-2.4413,36.480000000000004,35.44645690917969,4.98,0.0,0
46806,128.58,50.82,-2.0,0.0,447.685,0.0,0.0,0.0,5.737,0,-2.0,-0.08,309.825,-2.0949,35.910000000000004,35.44645690917969,4.98,0.0,0
46806,128.58,50.801,-2.0,0.0,447.504,0.0,0.0,0.0,5.737,0,4.0,-0.07,309.825,1.0557,35.19,35.44645690917969,4.98,0.0,0
46806,128.58,50.781000000000006,-1.0,0.0,447.262,0.0,0.0,0.0,5.737,0,2.0,-0.11,309.825,2.7218,35.79,35.44645690917969,4.98,0.0,0
46806,128.58,50.762,-1.5,0.0,447.32300000000004,0.0,0.0,0.0,5.737,0,3.0,-0.035,309.825,0.066,35.7,35.44645690917969,4.98,0.0,0
46806,128.58,50.752,-1.0,0.0,447.202,0.0,0.0,0.0,5.737,0,1.0,-0.055,309.825,-2.7713,35.85,35.44645690917969,4.98,0.0,0
46806,128.409,50.732,-2.0,0.0,447.32300000000004,0.0,0.0,0.0,5.737,0,1.0,-0.085,309.825,0.9897,34.83,35.44645690917969,4.98,0.0,0
46806,128.409,50.713,-2.0,0.0,446.96000000000004,0.0,0.0,0.0,5.737,0,3.0,-0.05,309.69,-2.4661,34.17,35.44645690917969,4.98,0.0,0
46806,128.58,50.703,-1.5,0.0,447.444,0.0,0.0,0.0,5.737,0,3.0,-0.03,309.915,0.5773,33.72,35.44645690917969,4.98,0.0,0
46806,128.75,50.703,-1.5,0.0,447.444,0.0,0.0,0.0,5.737,0,3.0,-0.06,309.915,1.5176,33.72,35.44645690917969,4.98,0.0,0
46806,128.58,50.684000000000005,-1.5,0.0,447.504,0.0,0.0,0.0,5.737,0,3.0,-0.015,309.69,1.1877,34.68,35.44645690917969,4.98,0.0,0
46806,128.58,50.664,-1.0,0.0,447.32300000000004,0.0,0.0,0.0,5.737,0,3.0,-0.03,309.69,-0.2639,35.910000000000004,35.44645690917969,4.98,0.0,0
46806,128.58,50.645,-2.0,0.0,447.202,0.0,0.0,0.0,5.737,0,3.0,-0.04,309.915,1.0557,37.410000000000004,35.44645690917969,4.98,0.0,0
46806,128.58,50.645,-2.0,0.0,447.383,0.0,0.0,0.0,5.737,0,3.0,-0.06,309.825,1.4681,37.53,35.44645690917969,4.98,0.0,0
46806,128.58,50.635000000000005,-1.5,0.0,447.32300000000004,0.0,0.0,0.0,5.737,0,4.0,-0.04,309.915,1.7403000000000002,38.13,35.44645690917969,4.98,0.0,0
46806,128.58,50.615,-1.0,0.0,447.262,0.0,0.0,0.0,5.737,0,4.0,-0.05,309.825,1.6248,36.54,35.44645690917969,4.98,0.0,0
46806,128.58,50.596000000000004,-1.5,0.0,447.32300000000004,0.0,0.0,0.0,5.737,0,-2.0,-0.005,309.69,-5.6332,36.03,35.44645690917969,4.98,0.0,0
46806,128.58,50.586000000000006,-1.5,0.0,447.202,0.0,0.0,0.0,5.737,0,2.0,-0.09,309.825,-2.3589,35.79,35.44645690917969,4.98,0.0,0
46806,128.58,50.566,-1.0,0.0,447.32300000000004,0.0,0.0,0.0,5.737,0,3.0,0.0,309.825,3.1672000000000002,35.67,35.44645690917969,4.98,0.0,0
46806,128.921,50.547000000000004,-1.5,0.0,447.444,0.0,0.0,0.0,5.737,0,2.0,-0.025,309.69,-1.3196,35.52,35.44645690917969,4.98,0.0,0
46806,129.091,50.537,-1.5,0.0,447.444,0.0,0.0,0.0,5.737,0,3.0,-0.04,309.825,-0.2474,35.31,35.44645690917969,4.98,0.0,0
46806,129.091,50.518,-1.5,0.0,447.444,0.0,0.0,0.0,5.737,0,0.0,-0.045,309.825,2.8372,34.83,35.44645690917969,4.98,0.0,0
46806,129.091,50.498000000000005,-1.0,0.0,447.444,0.0,0.0,0.0,5.737,0,4.0,-0.085,309.825,1.9795,34.83,35.44645690917969,4.98,0.0,0
46806,128.921,50.479,-1.0,0.0,447.383,0.0,0.0,0.0,5.737,0,3.0,-0.015,309.825,1.2537,34.86,35.44645690917969,4.98,0.0,0
46806,128.58,50.469,-1.5,0.0,447.444,0.0,0.0,0.0,5.737,0,4.0,0.025,309.825,0.9402,35.01,35.44645690917969,4.98,0.0,0
46806,128.75,50.449000000000005,-1.5,0.0,447.383,0.0,0.0,0.0,5.737,0,6.0,-0.025,309.69,-0.6351,36.36,35.44645690917969,4.98,0.0,0
46806,128.921,50.449000000000005,-1.5,0.0,447.383,0.0,0.0,0.0,5.737,0,6.0,-0.025,309.69,-1.4846000000000001,36.51,35.44645690917969,4.98,0.0,0
46806,128.58,50.43,-2.0,0.0,447.444,0.0,0.0,0.0,5.737,0,5.0,0.0,309.825,-2.5073000000000003,36.9,35.44645690917969,4.98,0.0,0
46806,129.262,50.42,-1.5,0.0,447.262,0.0,0.0,0.0,5.737,0,3.0,0.02,309.69,-0.6928000000000001,36.6,35.44645690917969,4.98,0.0,0
46806,128.75,50.400000000000006,-2.5,0.0,447.32300000000004,0.0,0.0,0.0,5.737,0,2.0,-0.07,309.915,1.4516,36.84,35.44645690917969,4.98,0.0,0
46806,128.75,50.381,-2.0,0.0,447.262,0.0,0.0,0.0,5.737,0,4.0,-0.035,309.825,-1.0557,36.06,35.44645690917969,4.98,0.0,0
46806,129.262,50.371,-1.5,0.0,447.262,0.0,0.0,0.0,5.737,0,3.0,-0.025,309.825,1.5836000000000001,35.76,35.44645690917969,4.98,0.0,0
46806,128.921,50.352000000000004,-2.0,0.0,447.202,0.0,0.0,0.0,5.737,0,2.0,-0.02,309.825,0.5938,34.62,35.44645690917969,4.98,0.0,0
46806,128.75,50.332,-2.0,0.0,447.202,0.0,0.0,0.0,5.737,0,2.0,-0.03,309.825,1.9795,35.19,35.44645690917969,4.98,0.0,0
46806,129.091,50.313,-2.0,0.0,447.444,0.0,0.0,0.0,5.737,0,2.0,0.0,309.825,0.0,35.52,35.44645690917969,4.98,0.0,0
46806,128.75,50.303000000000004,-1.5,0.0,447.564,0.0,0.0,0.0,5.737,0,3.0,-0.065,309.825,0.0,35.52,35.44645690917969,4.98,0.0,0
46806,129.091,50.283,-1.5,0.0,447.685,0.0,0.0,0.0,5.737,0,4.0,-0.035,309.69,-1.4846000000000001,35.34,35.44645690917969,4.98,0.0,0
46806,129.091,50.264,-1.0,0.0,447.444,0.0,0.0,0.0,5.737,0,4.0,0.015,309.825,-1.1877,34.800000000000004,35.44645690917969,4.98,0.0,0
46806,129.262,50.254000000000005,-2.5,0.0,447.202,0.0,0.0,0.0,5.737,0,5.0,0.0,309.825,0.7918000000000001,34.77,35.44645690917969,4.98,0.0,0
46806,128.921,50.234,-2.0,0.0,447.262,0.0,0.0,0.0,5.737,0,5.0,-0.05,309.825,4.0909,35.22,35.44645690917969,4.98,0.0,0
46806,129.262,50.215,-2.0,0.0,447.262,0.0,0.0,0.0,5.737,0,4.0,0.005,309.825,-2.3754,36.18,35.44645690917969,4.98,0.0,0
46806,129.262,50.205000000000005,-1.5,0.0,447.444,0.0,0.0,0.0,5.737,0,3.0,-0.025,309.825,-1.7155,36.87,35.44645690917969,4.98,0.0,0
46806,129.262,50.186,-1.5,0.0,447.32300000000004,0.0,0.0,0.0,5.737,0,3.0,-0.015,309.825,0.2639,36.9,35.44645690917969,4.98,0.0,0
46806,129.091,50.166000000000004,-2.0,0.0,447.444,0.0,0.0,0.2,5.737,0,4.0,-0.005,309.825,-0.6598,36.54,35.44645690917969,4.98,0.0,0
46806,129.262,50.156000000000006,-2.0,0.0,447.504,0.0,0.0,0.0,5.737,0,3.0,-0.005,309.69,-1.4846000000000001,36.36,35.44645690917969,4.98,0.0,0
46806,129.262,50.137,-1.5,0.0,447.444,0.0,0.0,0.0,5.737,0,2.0,-0.03,309.69,-5.2786,36.12,35.44645690917969,4.98,0.0,0
46806,129.262,50.117000000000004,-1.5,0.0,447.202,0.0,0.0,0.0,5.737,0,2.0,-0.025,309.69,-2.5403000000000002,35.28,35.44645690917969,4.98,0.0,0
46806,129.262,50.107,-1.5,0.0,447.444,0.0,0.0,0.2,5.737,0,5.0,0.0,309.915,6.2023,34.86,35.44645690917969,4.98,0.0,0
46806,129.262,50.098,-2.0,0.0,447.444,0.0,0.0,0.0,5.737,0,6.0,-0.02,309.825,6.243600000000001,34.86,35.44645690917969,4.98,0.0,0
46806,129.091,50.088,-1.5,0.0,447.32300000000004,0.0,0.0,0.0,5.737,0,1.0,0.005,309.69,-0.39590000000000003,35.4,35.44645690917969,4.98,0.0,0
46806,129.262,50.068000000000005,-1.5,0.0,447.081,0.0,0.0,0.0,5.737,0,3.0,-0.005,309.825,1.2289,35.46,35.44645690917969,4.98,0.0,0
46806,129.262,50.049,-1.0,0.0,447.262,0.0,0.0,0.0,5.737,0,3.0,-0.015,309.915,3.563,35.46,35.44645690917969,4.98,0.0,0
46806,129.262,50.039,-1.5,0.0,447.625,0.0,0.0,0.0,5.737,0,4.0,0.02,309.825,-0.0247,35.88,35.44645690917969,4.98,0.0,0
46806,129.091,50.02,-1.5,0.0,447.564,0.0,0.0,0.0,5.737,0,3.0,0.0,309.825,-1.3856000000000002,36.12,35.44645690917969,4.98,0.0,0
46806,129.262,50.0,-2.0,0.0,447.383,0.0,0.0,0.2,5.737,0,4.0,0.005,309.915,0.7258,36.42,35.44645690917969,4.98,0.0,0
46806,129.43200000000002,49.99,-2.0,0.0,447.32300000000004,0.0,0.0,0.0,5.737,0,5.0,-0.01,309.825,2.0867,37.08,35.44645690917969,4.98,0.0,0
46806,129.262,49.971000000000004,-1.5,0.0,447.685,0.0,0.0,0.0,5.737,0,1.0,-0.045,309.825,-1.3196,36.99,35.44645690917969,4.98,0.0,0
46806,129.262,49.951,-1.5,0.0,447.564,0.0,0.0,0.0,5.737,0,3.0,-0.01,309.825,-2.2269,37.230000000000004,35.44645690917969,4.98,0.0,0
46806,129.43200000000002,49.941,-1.5,0.0,447.383,0.0,0.0,0.0,5.737,0,4.0,-0.035,309.69,-0.767,37.11,35.44645690917969,4.98,0.0,0
46806,129.43200000000002,49.922000000000004,-1.5,0.0,447.383,0.0,0.0,0.0,5.737,0,4.0,0.025,309.825,0.066,36.0,35.44645690917969,4.98,0.0,0
46806,129.262,49.902,-1.5,0.0,447.262,0.0,0.0,0.0,5.737,0,1.0,0.0,309.915,1.2372,35.25,35.44645690917969,4.98,0.0,0
46806,129.262,49.893,-2.0,0.0,447.444,0.0,0.0,0.0,5.737,0,4.0,-0.03,309.825,0.132,34.62,35.44645690917969,4.98,0.0,0
46806,129.773,49.873000000000005,-2.0,0.0,447.444,0.0,0.0,0.0,5.737,0,4.0,-0.005,309.69,-1.4269,34.77,35.44645690917969,4.98,0.0,0
46806,129.262,49.854,-1.5,0.0,447.444,0.0,0.0,0.0,5.737,0,0.0,0.015,309.825,-0.7258,34.800000000000004,35.44645690917969,4.98,0.0,0
46806,129.262,49.854,-1.5,0.0,447.444,0.0,0.0,0.0,5.737,0,2.0,-0.02,309.825,-0.39590000000000003,34.77,35.44645690917969,4.98,0.0,0
46806,129.773,49.834,-2.0,0.0,447.564,0.0,0.0,-0.2,5.737,0,3.0,-0.025,309.825,3.6950000000000003,35.160000000000004,35.44645690917969,4.98,0.0,0
46806,129.43200000000002,49.824000000000005,-1.5,0.0,447.444,0.0,0.0,0.0,5.737,0,3.0,0.035,309.825,3.0352,36.27,35.44645690917969,4.98,0.0,0
46806,129.262,49.805,-1.0,0.0,447.081,0.0,0.0,0.0,5.737,0,2.0,-0.01,309.69,-2.5403000000000002,36.660000000000004,35.44645690917969,4.98,0.0,0
46806,129.773,49.785000000000004,-2.0,0.0,447.262,0.0,0.0,0.0,5.737,0,2.0,-0.015,309.915,1.3196,36.96,35.44645690917969,4.98,0.0,0
46806,129.94400000000002,49.766000000000005,-1.5,0.0,447.202,0.0,0.0,0.0,5.737,0,3.0,-0.01,309.69,2.2104,36.78,35.44645690917969,4.98,0.0,0
46806,129.773,49.756,-2.0,0.0,447.141,0.0,0.0,0.0,5.737,0,1.0,-0.005,309.69,-0.9238000000000001,36.42,35.44645690917969,4.98,0.0,0
46806,129.94400000000002,49.736000000000004,-1.5,0.0,447.262,0.0,0.0,0.0,5.737,0,2.0,0.025,309.69,-4.0579,36.69,35.44645690917969,4.98,0.0,0
46806,129.94400000000002,49.717000000000006,-1.5,0.0,447.444,0.0,0.0,0.0,5.737,0,3.0,-0.005,309.69,-2.6393,36.45,35.44645690917969,4.98,0.0,0
46806,129.773,49.707,-2.0,0.0,447.504,0.0,0.0,0.0,5.737,0,5.0,-0.03,309.825,1.4846000000000001,35.88,35.44645690917969,4.98,0.0,0
46806,129.94400000000002,49.688,-1.5,0.0,447.444,0.0,0.0,0.0,5.737,0,2.0,0.03,309.825,3.2991,34.62,35.44645690917969,4.98,0.0,0
46806,129.94400000000002,49.668,-1.5,0.0,447.32300000000004,0.0,0.0,0.0,5.737,0,2.0,0.015,309.825,-0.8908,33.42,35.44645690917969,4.98,0.0,0
46806,129.43200000000002,49.658,-1.5,0.0,447.444,0.0,0.0,0.0,5.737,0,2.0,0.02,309.825,2.9032,33.51,35.44645690917969,4.98,0.0,0
46806,129.603,49.639,-1.5,0.0,447.625,0.0,0.0,0.0,5.737,0,4.0,0.01,309.69,0.099,33.69,35.44645690917969,4.98,0.0,0
46806,129.94400000000002,49.619,-2.0,0.0,447.504,0.0,0.0,0.0,5.737,0,2.0,0.015,309.825,-1.8475000000000001,35.22,35.44645690917969,4.98,0.0,0
46806,129.773,49.609,-1.5,0.0,447.504,0.0,0.0,0.0,5.737,0,2.0,0.025,309.825,2.1114,36.300000000000004,35.44645690917969,4.98,0.0,0
46806,129.94400000000002,49.59,-1.0,0.0,447.564,0.0,0.0,0.0,5.737,0,4.0,0.005,309.825,4.0909,37.14,35.44645690917969,4.98,0.0,0
46806,129.94400000000002,49.57,-1.5,0.0,447.625,0.0,0.0,0.0,5.737,0,2.0,0.015,309.915,0.9897,36.69,35.44645690917969,4.98,0.0,0
46806,129.94400000000002,49.561,-1.5,0.0,447.504,0.0,0.0,0.0,5.737,0,5.0,0.01,309.915,1.3196,36.39,35.44645690917969,4.98,0.0,0
46806,129.94400000000002,49.541000000000004,-2.0,0.0,447.383,0.0,0.0,0.0,5.737,0,1.0,-0.02,309.825,1.0557,35.76,35.44645690917969,4.98,0.0,0
46806,129.43200000000002,49.521,-2.0,0.0,447.202,0.0,0.0,0.0,5.737,0,2.0,0.015,309.825,-2.9032,35.61,35.44645690917969,4.98,0.0,0
46806,130.114,49.512,-2.0,0.0,447.625,0.0,0.0,0.0,5.737,0,4.0,-0.005,309.825,-3.8930000000000002,35.43,35.44645690917969,4.98,0.0,0
46806,129.603,49.492000000000004,-1.0,0.0,447.504,0.0,0.0,0.0,5.737,0,2.0,0.02,309.915,2.5073000000000003,35.28,35.44645690917969,4.98,0.0,0
46806,129.94400000000002,49.473,-2.0,0.0,447.32300000000004,0.0,0.0,0.0,5.737,0,2.0,0.02,309.915,1.5176,35.550000000000004,35.44645690917969,4.98,0.0,0
46806,129.94400000000002,49.453,-1.5,0.0,447.685,0.0,0.0,0.0,5.737,0,1.0,0.0,309.915,0.5279,34.800000000000004,35.44645690917969,4.98,0.0,0
46806,129.94400000000002,49.453,-2.0,0.0,447.685,0.0,0.0,0.0,5.737,0,2.0,-0.005,309.825,0.0,34.83,35.44645690917969,4.98,0.0,0
46806,129.94400000000002,49.443000000000005,-1.5,0.0,447.625,0.0,0.0,0.0,5.737,0,2.0,0.01,309.825,-0.7753,33.81,35.44645690917969,4.98,0.0,0
46806,129.94400000000002,49.424,-1.0,0.0,447.141,0.0,0.0,0.0,5.737,0,2.0,0.0,309.825,-2.3589,33.03,35.44645690917969,4.98,0.0,0
46806,129.94400000000002,49.404,-1.5,0.0,447.444,0.0,0.0,0.0,5.737,0,5.0,0.0,309.915,-1.2537,33.660000000000004,35.44645690917969,4.98,0.0,0
46806,130.285,49.395,-1.5,0.0,447.685,0.0,0.0,0.0,5.737,0,3.0,0.015,309.915,-0.8083,34.89,35.44645690917969,4.98,0.0,0
46806,129.94400000000002,49.375,-1.0,0.0,447.32300000000004,0.0,0.0,0.0,5.737,0,2.0,0.01,309.915,1.5011,36.81,35.44645690917969,4.98,0.0,0
46806,129.94400000000002,49.355000000000004,-1.5,0.0,447.202,0.0,0.0,0.0,5.737,0,2.0,-0.005,309.915,1.3196,37.2,35.44645690917969,4.98,0.0,0
46806,130.114,49.336000000000006,-1.5,0.0,447.262,0.0,0.0,0.0,5.737,0,6.0,0.01,309.825,-1.8475000000000001,36.69,35.44645690917969,4.98,0.0,0
46806,129.94400000000002,49.326,-1.5,0.0,447.444,0.0,0.0,0.0,5.737,0,5.0,0.01,309.915,-3.2991,36.06,35.44645690917969,4.98,0.0,0
46806,130.114,49.307,-1.5,0.0,447.444,0.0,0.0,0.0,5.737,0,1.0,-0.02,309.825,-0.9897,35.910000000000004,35.44645690917969,4.98,0.0,0
46806,130.456,49.287,-1.5,0.0,447.383,0.0,0.0,0.0,5.737,0,3.0,0.035,309.915,2.0949,35.61,35.44645690917969,4.98,0.0,0
46806,130.285,49.277,-2.0,0.0,447.625,0.0,0.0,0.0,5.737,0,3.0,0.0,309.915,0.2474,35.94,35.44645690917969,4.98,0.0,0
46806,129.94400000000002,49.258,-1.0,0.0,447.504,0.0,0.0,0.0,5.737,0,4.0,0.025,309.825,-1.7155,35.76,35.44645690917969,4.98,0.0,0
46806,130.456,49.238,-1.5,0.0,447.444,0.0,0.0,0.0,5.737,0,4.0,0.01,309.69,-2.5486,34.71,35.44645690917969,4.98,0.0,0
46806,129.94400000000002,49.229,-2.0,0.0,447.564,0.0,0.0,0.2,5.737,0,4.0,0.04,309.825,-0.2474,34.02,35.44645690917969,4.98,0.0,0
46806,130.114,49.209,-2.0,0.0,447.383,0.0,0.0,-0.2,5.737,0,3.0,0.025,309.825,0.9897,33.9,35.44645690917969,4.98,0.0,0
46806,130.114,49.189,-1.5,0.0,447.504,0.0,0.0,0.0,5.737,0,3.0,0.06,309.915,0.8825000000000001,33.99,35.44645690917969,4.98,0.0,0
46806,130.456,49.18,-2.0,0.0,447.262,0.0,0.0,0.0,5.737,0,4.0,0.02,309.69,-1.0310000000000001,34.83,35.44645690917969,4.98,0.0,0
46806,130.456,49.160000000000004,-2.0,0.0,447.262,0.0,0.0,0.0,5.737,0,6.0,0.03,309.825,0.7918000000000001,36.51,35.44645690917969,4.98,0.0,0
46806,130.456,49.141000000000005,-1.5,0.0,447.32300000000004,0.0,0.0,0.0,5.737,0,2.0,0.015,309.69,-5.0559,37.410000000000004,35.44645690917969,4.98,0.0,0
46806,130.626,49.131,-1.5,0.0,447.383,0.0,0.0,0.0,5.737,0,3.0,0.02,309.825,2.6805000000000003,36.84,35.44645690917969,4.98,0.0,0
46806,130.626,49.111000000000004,-1.0,0.0,447.383,0.0,0.0,0.0,5.737,0,4.0,0.02,309.69,2.4661,36.18,35.44645690917969,4.98,0.0,0
46806,130.456,49.092000000000006,-2.0,0.0,447.504,0.0,0.0,0.0,5.737,0,3.0,0.06,309.915,0.8825000000000001,35.37,35.44645690917969,4.98,0.0,0
46806,130.114,49.082,-1.5,0.0,447.625,0.0,0.0,0.0,5.737,0,2.0,0.01,309.825,-1.963,34.86,35.44645690917969,4.98,0.0,0
46806,130.626,49.063,-1.5,0.0,447.504,0.0,0.0,0.0,5.737,0,2.0,0.03,309.825,1.5588000000000002,34.26,35.44645690917969,4.98,0.0,0
46806,130.967,49.043,-2.0,0.0,447.02,0.0,0.0,0.0,5.737,0,3.0,0.035,309.915,1.5011,34.11,35.44645690917969,4.98,0.0,0
46806,130.285,49.023,-2.0,0.0,447.262,0.0,0.0,0.0,5.737,0,2.0,0.05,309.825,2.3754,34.35,35.44645690917969,4.98,0.0,0
46806,130.797,49.014,-2.0,0.0,447.685,0.0,0.0,0.0,5.737,0,4.0,0.02,309.69,-2.4166000000000003,34.05,35.44645690917969,4.98,0.0,0
46806,130.626,48.994,-1.0,0.0,447.625,0.0,0.0,0.0,5.737,0,3.0,0.035,309.69,-5.897200000000001,34.32,35.44645690917969,4.98,0.0,0
46806,130.626,48.975,-2.0,0.0,447.746,0.0,0.0,0.0,5.737,0,3.0,0.06,309.825,-0.7093,34.29,35.44645690917969,4.98,0.0,0
46806,130.967,48.965,-2.0,0.0,447.383,0.0,0.0,0.0,5.737,0,4.0,0.04,309.825,3.5383,35.07,35.44645690917969,4.98,0.0,0
46806,130.967,48.965,-1.5,0.0,447.383,0.0,0.0,0.0,5.737,0,4.0,0.045,309.825,3.3321,35.22,35.44645690917969,4.98,0.0,0
46806,130.456,48.945,-2.0,0.0,447.444,0.0,0.0,0.0,5.737,0,5.0,0.05,309.915,3.9589000000000003,36.660000000000004,35.44645690917969,4.98,0.0,0
46806,131.138,48.926,-2.0,0.0,447.746,0.0,0.0,0.0,5.737,0,1.0,0.04,309.825,0.5279,36.96,35.44645690917969,4.98,0.0,0
46806,131.138,48.916000000000004,-1.5,0.0,447.746,0.0,0.0,0.2,5.737,0,2.0,0.05,309.825,0.5279,36.18,35.44645690917969,4.98,0.0,0
46806,130.456,48.896,-1.5,0.0,447.685,0.0,0.0,0.0,5.737,0,4.0,0.04,309.825,-4.9487000000000005,35.88,35.44645690917969,4.98,0.0,0
46806,130.967,48.877,-1.5,0.0,447.383,0.0,0.0,0.0,5.737,0,2.0,0.035,309.6,-4.6188,35.64,35.44645690917969,4.98,0.0,0
46806,131.138,48.857,-2.0,0.0,447.444,0.0,0.0,0.0,5.737,0,3.0,0.04,309.825,2.6393,35.31,35.44645690917969,4.98,0.0,0
46806,130.626,48.848,-1.0,0.0,447.504,0.0,0.0,0.0,5.737,0,3.0,0.045,309.825,0.6598,34.59,35.44645690917969,4.98,0.0,0
46806,130.967,48.828,-2.0,0.0,447.444,0.0,0.0,0.2,5.737,0,2.0,0.035,309.825,0.8908,34.2,35.44645690917969,4.98,0.0,0
46806,131.308,48.809000000000005,-1.5,0.0,447.504,0.0,0.0,0.0,5.737,0,3.0,0.04,309.915,0.2639,34.410000000000004,35.44645690917969,4.98,0.0,0
46806,131.138,48.799,-1.5,0.0,447.746,0.0,0.0,0.0,5.737,0,5.0,0.035,309.825,-2.6393,34.5,35.44645690917969,4.98,0.0,0
46806,130.967,48.779,-1.0,0.0,447.444,0.0,0.0,0.0,5.737,0,2.0,0.035,309.825,2.2434000000000003,34.53,35.44645690917969,4.98,0.0,0
46806,131.308,48.760000000000005,-1.0,0.0,447.444,0.0,0.0,0.0,5.737,0,3.0,0.04,309.825,4.024900000000001,34.5,35.44645690917969,4.98,0.0,0
46806,130.967,48.75,-2.0,0.0,447.383,0.0,0.0,0.0,5.737,0,5.0,0.045,309.69,-4.0909,35.52,35.44645690917969,4.98,0.0,0
46806,131.308,48.730000000000004,-2.0,0.0,447.444,0.0,0.0,0.0,5.737,0,3.0,0.04,309.825,-2.3754,36.6,35.44645690917969,4.98,0.0,0
46806,131.308,48.711000000000006,-2.5,0.0,447.564,0.0,0.0,0.0,5.737,0,4.0,0.05,309.825,1.5836000000000001,37.29,35.44645690917969,4.98,0.0,0
46806,131.138,48.701,-2.5,0.0,447.746,0.0,0.0,0.0,5.737,0,4.0,0.085,309.915,4.8497,37.71,35.44645690917969,4.98,0.0,0
46806,131.138,48.682,-1.5,0.0,447.867,0.0,0.0,0.0,5.737,0,5.0,0.055,309.825,0.7918000000000001,36.72,35.44645690917969,4.98,0.0,0
46806,131.138,48.662,-2.0,0.0,447.625,0.0,0.0,0.2,5.737,0,3.0,0.035,309.915,-1.1217000000000001,35.97,35.44645690917969,4.98,0.0,0
46806,131.649,48.652,-1.5,0.0,447.927,0.0,0.0,0.0,5.737,0,4.0,0.05,309.825,-0.6598,35.58,35.44645690917969,4.98,0.0,0
46806,131.138,48.633,-1.5,0.0,447.806,0.0,0.0,0.0,5.737,0,4.0,0.06,310.005,3.8270000000000004,35.52,35.44645690917969,4.98,0.0,0
46806,131.308,48.613,-2.0,0.0,447.625,0.0,0.0,0.0,5.737,0,3.0,0.045,309.69,-3.0352,34.92,35.44645690917969,4.98,0.0,0
46806,131.308,48.604,-1.0,0.0,447.32300000000004,0.0,0.0,0.0,5.737,0,4.0,0.06,309.825,-1.8475000000000001,34.74,35.44645690917969,4.98,0.0,0
46806,131.308,48.584,-2.0,0.0,447.504,0.0,0.0,0.0,5.737,0,4.0,0.055,309.69,-3.9589000000000003,34.77,35.44645690917969,4.98,0.0,0
46806,131.308,48.564,-2.0,0.0,447.746,0.0,0.0,0.0,5.737,0,3.0,0.05,309.915,3.2661000000000002,34.89,35.44645690917969,4.98,0.0,0
46806,131.308,48.564,-2.0,0.0,447.746,0.0,0.0,-0.2,5.737,0,1.0,0.065,309.915,2.928,34.92,35.44645690917969,4.98,0.0,0
46806,131.308,48.545,-2.0,0.0,447.444,0.0,0.0,0.0,5.737,0,2.0,0.045,309.69,-0.0412,35.28,35.44645690917969,4.98,0.0,0
46806,131.479,48.535000000000004,-1.5,0.0,447.32300000000004,0.0,0.0,0.0,5.737,0,4.0,0.07,309.915,-1.0310000000000001,36.54,35.44645690917969,4.98,0.0,0
46806,131.479,48.516000000000005,-1.0,0.0,447.685,0.0,0.0,0.2,5.737,0,2.0,0.1,309.825,1.0062,36.93,35.44645690917969,4.98,0.0,0
46806,131.308,48.496,-2.0,0.0,447.625,0.0,0.0,0.0,5.737,0,3.0,0.09,309.825,1.7815,37.14,35.44645690917969,4.98,0.0,0
46806,131.308,48.486000000000004,-1.0,0.0,447.262,0.0,0.0,0.0,5.737,0,2.0,0.085,309.915,-0.6598,36.81,35.44645690917969,4.98,0.0,0
46806,131.82,48.467000000000006,-1.0,0.0,447.444,0.0,0.0,0.0,5.737,0,4.0,0.075,309.825,1.3196,36.21,35.44645690917969,4.98,0.0,0
46806,131.308,48.447,-2.5,0.0,447.444,0.0,0.0,0.0,5.737,0,2.0,0.07,309.915,-0.8083,35.97,35.44645690917969,4.98,0.0,0
46806,131.649,48.438,-1.5,0.0,447.564,0.0,0.0,0.0,5.737,0,2.0,0.07,309.915,0.132,36.15,35.44645690917969,4.98,0.0,0
46806,131.82,48.418,-2.0,0.0,447.564,0.0,0.0,0.0,5.737,0,4.0,0.095,309.825,-2.3094,35.85,35.44645690917969,4.98,0.0,0
46806,131.649,48.398,-1.5,0.0,447.262,0.0,0.0,0.0,5.737,0,4.0,0.06,309.825,-1.5176,35.7,35.44645690917969,4.98,0.0,0
46806,131.479,48.379000000000005,-2.0,0.0,447.564,0.0,0.0,0.0,5.737,0,2.0,0.075,309.825,1.798,34.53,35.44645690917969,4.98,0.0,0
46806,131.649,48.369,-1.5,0.0,447.867,0.0,0.0,0.0,5.737,0,3.0,0.07,309.825,-0.0247,34.47,35.44645690917969,4.98,0.0,0
46806,131.82,48.35,-2.0,0.0,447.806,0.0,0.0,0.0,5.737,0,3.0,0.065,309.825,-5.2786,34.26,35.44645690917969,4.98,0.0,0
46806,131.649,48.330000000000005,-1.0,0.0,447.746,0.0,0.0,0.2,5.737,0,3.0,0.065,309.825,-0.9073,34.92,35.44645690917969,4.98,0.0,0
46806,131.649,48.32,-1.5,0.0,447.746,0.0,0.0,0.0,5.737,0,2.0,0.065,309.825,0.9897,35.88,35.44645690917969,4.98,0.0,0
46806,131.649,48.301,-2.0,0.0,447.746,0.0,0.0,-0.2,5.737,0,4.0,0.055,309.69,-1.9795,37.14,35.44645690917969,4.98,0.0,0
46806,131.99,48.281,-1.0,0.0,447.564,0.0,0.0,0.0,5.737,0,2.0,0.085,309.915,0.9073,37.38,35.44645690917969,4.98,0.0,0
46806,131.99,48.271,-1.5,0.0,447.564,0.0,0.0,0.0,5.737,0,4.0,0.065,309.825,4.1321,36.18,35.44645690917969,4.98,0.0,0
46806,131.649,48.252,-1.5,0.0,447.625,0.0,0.0,0.0,5.737,0,3.0,0.07,309.825,1.8228000000000002,35.88,35.44645690917969,4.98,0.0,0
46806,131.82,48.232,-1.5,0.0,447.504,0.0,0.0,0.0,5.737,0,3.0,0.09,309.69,-4.4621,36.24,35.44645690917969,4.98,0.0,0
46806,131.82,48.223,-1.5,0.0,447.746,0.0,0.0,-0.2,5.737,0,3.0,0.065,309.915,-0.6103000000000001,36.03,35.44645690917969,4.98,0.0,0
46806,131.99,48.203,-1.5,0.0,447.685,0.0,0.0,0.2,5.737,0,5.0,0.15,309.915,2.1114,35.28,35.44645690917969,4.98,0.0,0
46806,131.82,48.184000000000005,-2.0,0.0,447.383,0.0,0.0,0.0,5.737,0,3.0,0.12,309.825,-0.2227,34.92,35.44645690917969,4.98,0.0,0
46806,131.99,48.174,-1.5,0.0,447.202,0.0,0.0,0.0,5.737,0,2.0,0.155,309.69,-4.3548,34.2,35.44645690917969,4.98,0.0,0
46806,131.99,48.164,-1.0,0.0,447.202,0.0,0.0,-0.2,5.737,0,2.0,0.02,309.69,-5.806500000000001,34.08,35.44645690917969,4.98,0.0,0
46806,131.99,48.154,-1.5,0.0,447.444,0.0,0.0,0.0,5.737,0,3.0,0.09,309.69,-1.6826,34.05,35.44645690917969,4.98,0.0,0
46806,131.99,48.135000000000005,-1.5,0.0,447.444,0.0,0.0,0.0,5.737,0,4.0,0.075,309.69,-2.7713,34.35,35.44645690917969,4.98,0.0,0
46806,131.99,48.115,-1.5,0.0,447.383,0.0,0.0,0.0,5.737,0,3.0,0.095,309.915,4.0579,35.49,35.44645690917969,4.98,0.0,0
46806,132.161,48.105000000000004,-1.5,0.0,447.383,0.0,0.0,0.0,5.737,0,3.0,0.095,309.825,3.0352,36.96,35.44645690917969,4.98,0.0,0
46806,131.99,48.086000000000006,-1.0,0.0,447.081,0.0,0.0,-0.2,5.737,0,3.0,0.075,309.69,-0.5279,37.38,35.44645690917969,4.98,0.0,0
46806,131.99,48.066,-1.5,0.0,447.262,0.0,0.0,0.0,5.737,0,2.0,0.085,309.825,-3.2991,36.69,35.44645690917969,4.98,0.0,0
46806,132.331,48.057,-1.5,0.0,447.625,0.0,0.0,0.0,5.737,0,2.0,0.095,309.69,-2.2764,36.21,35.44645690917969,4.98,0.0,0
46806,131.99,48.037,-1.5,0.0,447.625,0.0,0.0,0.0,5.737,0,4.0,0.09,309.825,3.563,35.43,35.44645690917969,4.98,0.0,0
46806,131.99,48.018,-2.0,0.0,447.444,0.0,0.0,0.0,5.737,0,3.0,0.09,309.825,0.7918000000000001,35.550000000000004,35.44645690917969,4.98,0.0,0
46806,131.99,48.018,-1.0,0.0,447.444,0.0,0.0,0.0,5.737,0,3.0,0.115,309.825,0.9897,35.61,35.44645690917969,4.98,0.0,0
46806,132.331,47.998000000000005,-1.0,0.0,447.746,0.0,0.0,0.2,5.737,0,3.0,0.085,309.915,0.8825000000000001,36.27,35.44645690917969,4.98,0.0,0
46806,132.161,47.988,-2.0,0.0,447.988,0.0,0.0,0.0,5.737,0,3.0,0.085,309.825,-1.0557,35.79,35.44645690917969,4.98,0.0,0
46806,131.99,47.969,-1.5,0.0,447.564,0.0,0.0,0.0,5.737,0,4.0,0.12,310.005,0.033,35.25,35.44645690917969,4.98,0.0,0
46806,132.331,47.949000000000005,-2.0,0.0,447.504,0.0,0.0,0.0,5.737,0,5.0,0.08,309.915,2.7548,34.59,35.44645690917969,4.98,0.0,0
46806,131.99,47.939,-2.0,0.0,447.444,0.0,0.0,0.0,5.737,0,2.0,0.115,309.825,1.2537,34.05,35.44645690917969,4.98,0.0,0
46806,131.99,47.92,-2.0,0.0,447.383,0.0,0.0,0.0,5.737,0,5.0,0.1,309.69,-5.476500000000001,34.68,35.44645690917969,4.98,0.0,0
46806,132.331,47.900000000000006,-1.0,0.0,447.746,0.0,0.0,0.0,5.737,0,3.0,0.095,309.825,-1.2372,35.94,35.44645690917969,4.98,0.0,0
46806,132.331,47.891000000000005,-1.5,0.0,447.685,0.0,0.0,0.0,5.737,0,5.0,0.095,309.825,-1.3196,36.75,35.44645690917969,4.98,0.0,0
46806,132.331,47.871,-1.5,0.0,447.564,0.0,0.0,0.0,5.737,0,4.0,0.14,309.825,-1.2784,37.56,35.44645690917969,4.98,0.0,0
46806,132.502,47.852000000000004,-1.5,0.0,447.625,0.0,0.0,0.0,5.737,0,4.0,0.13,309.825,3.4311000000000003,36.9,35.44645690917969,4.98,0.0,0
46806,132.331,47.842,-2.0,0.0,447.444,0.0,0.0,0.0,5.737,0,1.0,0.105,309.915,4.5363,35.67,35.44645690917969,4.98,0.0,0
46806,132.161,47.822,-2.0,0.0,446.899,0.0,0.0,0.0,5.737,0,3.0,0.065,309.915,1.5671000000000002,35.58,35.44645690917969,4.98,0.0,0
46806,132.672,47.803000000000004,-2.0,0.0,447.081,0.0,0.0,0.0,5.737,0,4.0,0.1,309.825,1.0557,35.730000000000004,35.44645690917969,4.98,0.0,0
46806,132.502,47.783,-1.5,0.0,447.383,0.0,0.0,0.0,5.737,0,3.0,0.115,309.69,-4.6435,36.63,35.44645690917969,4.98,0.0,0
46806,132.331,47.773,-1.5,0.0,447.262,0.0,0.0,0.0,5.737,0,5.0,0.135,309.825,-1.6331,36.300000000000004,35.44645690917969,4.98,0.0,0
46806,132.672,47.754000000000005,-1.0,0.0,447.32300000000004,0.0,0.0,-0.2,5.737,0,4.0,0.105,309.69,0.17320000000000002,35.04,35.44645690917969,4.98,0.0,0
46806,132.502,47.734,-2.0,0.0,448.10900000000004,0.0,0.0,0.0,5.737,0,5.0,0.125,309.915,0.8825000000000001,33.9,35.44645690917969,4.98,0.0,0
46806,132.502,47.725,-1.5,0.0,447.867,0.0,0.0,0.0,5.737,0,2.0,0.15,309.825,0.2144,33.480000000000004,35.44645690917969,4.98,0.0,0
46806,132.331,47.705000000000005,-1.5,0.0,447.564,0.0,0.0,0.0,5.737,0,3.0,0.125,309.825,1.7568000000000001,33.78,35.44645690917969,4.98,0.0,0
46806,132.672,47.686,-1.0,0.0,447.625,0.0,0.0,0.0,5.737,0,4.0,0.105,309.6,-5.3033,35.22,35.44645690917969,4.98,0.0,0
46806,132.672,47.676,-2.0,0.0,447.746,0.0,0.0,0.0,5.737,0,3.0,0.075,309.825,-1.6496000000000002,36.42,35.44645690917969,4.98,0.0,0
46806,132.672,47.676,-1.5,0.0,447.746,0.0,0.0,0.0,5.737,0,3.0,0.11,309.825,-1.3196,36.57,35.44645690917969,4.98,0.0,0
46806,132.331,47.656,-2.0,0.0,447.806,0.0,0.0,0.0,5.737,0,4.0,0.115,309.825,1.9795,37.56,35.44645690917969,4.98,0.0,0
46806,132.843,47.637,-1.0,0.0,447.625,0.0,0.0,0.0,5.737,0,4.0,0.145,309.69,0.9897,36.93,35.44645690917969,4.98,0.0,0
46806,132.502,47.617000000000004,-1.5,0.0,447.806,0.0,0.0,0.0,5.737,0,3.0,0.125,309.69,-3.9589000000000003,36.24,35.44645690917969,4.98,0.0,0
46806,132.672,47.607,-1.5,0.0,447.564,0.0,0.0,0.0,5.737,0,2.0,0.135,309.825,1.5836000000000001,35.85,35.44645690917969,4.98,0.0,0
46806,132.502,47.588,-1.5,0.0,447.262,0.0,0.0,0.0,5.737,0,3.0,0.115,309.825,4.2229,34.89,35.44645690917969,4.98,0.0,0
46806,132.672,47.568000000000005,-2.0,0.0,447.444,0.0,0.0,0.0,5.737,0,1.0,0.125,309.69,-1.0557,34.29,35.44645690917969,4.98,0.0,0
46806,132.672,47.559000000000005,-1.5,0.0,447.625,0.0,0.0,0.0,5.737,0,2.0,0.125,309.825,-1.1877,34.35,35.44645690917969,4.98,0.0,0
46806,132.672,47.539,-1.5,0.0,447.625,0.0,0.0,0.2,5.737,0,5.0,0.125,309.825,0.7918000000000001,35.01,35.44645690917969,4.98,0.0,0
46806,132.672,47.52,-1.0,0.0,447.625,0.0,0.0,-0.2,5.737,0,2.0,0.115,309.915,5.938400000000001,34.83,35.44645690917969,4.98,0.0,0
46806,132.672,47.510000000000005,-1.5,0.0,447.564,0.0,0.0,0.0,5.737,0,3.0,0.13,309.915,2.5733,33.33,35.44645690917969,4.98,0.0,0
46806,132.672,47.49,-1.5,0.0,447.32300000000004,0.0,0.0,0.0,5.737,0,2.0,0.145,309.825,-1.5836000000000001,33.15,35.44645690917969,4.98,0.0,0
46806,132.672,47.471000000000004,-1.5,0.0,447.444,0.0,0.0,0.0,5.737,0,2.0,0.135,309.825,-3.1012,34.5,35.44645690917969,4.98,0.0,0
46806,133.184,47.461000000000006,-2.0,0.0,447.383,0.0,0.0,0.0,5.737,0,5.0,0.13,309.915,0.6598,35.46,35.44645690917969,4.98,0.0,0
46806,132.672,47.441,-1.5,0.0,447.444,0.0,0.0,0.2,5.737,0,2.0,0.145,309.915,3.8930000000000002,36.24,35.44645690917969,4.98,0.0,0
46806,132.672,47.422000000000004,-2.0,0.0,447.625,0.0,0.0,0.0,5.737,0,2.0,0.145,309.69,-3.0352,36.660000000000004,35.44645690917969,4.98,0.0,0
46806,132.672,47.412,-1.0,0.0,447.685,0.0,0.0,0.0,5.737,0,3.0,0.14,309.825,-2.8372,35.910000000000004,35.44645690917969,4.98,0.0,0
46806,132.672,47.393,-2.0,0.0,447.625,0.0,0.0,0.0,5.737,0,4.0,0.13,309.915,0.9238000000000001,35.58,35.44645690917969,4.98,0.0,0
46806,132.672,47.373000000000005,-1.5,0.0,447.444,0.0,0.0,0.2,5.737,0,2.0,0.125,309.825,-3.5301,35.07,35.44645690917969,4.98,0.0,0
46806,133.184,47.363,-1.5,0.0,447.564,0.0,0.0,0.0,5.737,0,5.0,0.115,309.69,-3.563,34.83,35.44645690917969,4.98,0.0,0
46806,133.184,47.344,-1.5,0.0,447.564,0.0,0.0,0.0,5.737,0,3.0,0.15,309.825,3.2331000000000003,33.9,35.44645690917969,4.98,0.0,0
46806,133.184,47.324000000000005,-2.0,0.0,447.746,0.0,0.0,0.0,5.737,0,2.0,0.12,309.825,-1.0557,34.32,35.44645690917969,4.98,0.0,0
46806,133.184,47.305,-2.0,0.0,447.867,0.0,0.0,0.0,5.737,0,3.0,0.125,309.915,2.4743,33.69,35.44645690917969,4.98,0.0,0
46806,133.184,47.295,-1.5,0.0,447.685,0.0,0.0,0.0,5.737,0,4.0,0.14,309.915,2.9032,33.69,35.44645690917969,4.98,0.0,0
46806,132.843,47.275000000000006,-1.5,0.0,447.746,0.0,0.0,0.0,5.737,0,3.0,0.165,309.915,-2.4413,33.69,35.44645690917969,4.98,0.0,0
46806,132.843,47.256,-1.5,0.0,447.806,0.0,0.0,0.2,5.737,0,2.0,0.15,309.825,-0.2639,35.25,35.44645690917969,4.98,0.0,0
46806,133.013,47.246,-1.5,0.0,447.927,0.0,0.0,0.0,5.737,0,4.0,0.145,309.825,1.6496000000000002,35.82,35.44645690917969,4.98,0.0,0
46806,133.355,47.227000000000004,-1.5,0.0,447.867,0.0,0.0,0.0,5.737,0,3.0,0.105,309.825,-1.5836000000000001,36.12,35.44645690917969,4.98,0.0,0
46806,133.355,47.227000000000004,-1.5,0.0,447.625,0.0,0.0,0.0,5.737,0,3.0,0.095,309.825,-1.3032000000000001,36.0,35.44645690917969,4.98,0.0,0
46806,133.184,47.207,-2.0,0.0,447.746,0.0,0.0,0.0,5.737,0,4.0,0.12,309.915,-1.9300000000000002,35.910000000000004,35.44645690917969,4.98,0.0,0
46806,133.355,47.197,-1.0,0.0,447.625,0.0,0.0,0.0,5.737,0,3.0,0.13,309.69,-2.0867,35.550000000000004,35.44645690917969,4.98,0.0,0
46806,133.013,47.178000000000004,-1.5,0.0,447.806,0.0,0.0,0.0,5.737,0,3.0,0.16,309.69,-2.2187,35.730000000000004,35.44645690917969,4.98,0.0,0
46806,133.355,47.158,-1.5,0.0,447.927,0.0,0.0,0.2,5.737,0,2.0,0.13,309.69,-0.42060000000000003,35.85,35.44645690917969,4.98,0.0,0
46806,133.696,47.139,-1.5,0.0,448.169,0.0,0.0,0.0,5.737,0,2.0,0.17500000000000002,309.915,1.4351,34.95,35.44645690917969,4.98,0.0,0
46806,133.355,47.129000000000005,-2.0,0.0,447.988,0.0,0.0,0.0,5.737,0,3.0,0.165,309.825,3.2084,34.44,35.44645690917969,4.98,0.0,0
46806,133.355,47.109,-1.5,0.0,447.867,0.0,0.0,0.0,5.737,0,4.0,0.165,309.69,-0.6351,33.81,35.44645690917969,4.98,0.0,0
46806,133.355,47.09,-1.5,0.0,447.564,0.0,0.0,-0.2,5.737,0,2.0,0.155,309.825,-1.4351,33.81,35.44645690917969,4.98,0.0,0
46806,133.355,47.080000000000005,-1.5,0.0,447.625,0.0,0.0,0.0,5.737,0,1.0,0.16,309.69,1.9382000000000001,33.480000000000004,35.44645690917969,4.98,0.0,0
46806,133.355,47.061,-1.5,0.0,447.625,0.0,0.0,-0.2,5.737,0,3.0,0.155,309.825,-0.1567,34.08,35.44645690917969,4.98,0.0,0
46806,133.355,47.041000000000004,-1.0,0.0,447.746,0.0,0.0,0.0,5.737,0,3.0,0.16,309.825,-0.19790000000000002,34.83,35.44645690917969,4.98,0.0,0
46806,133.355,47.031,-1.5,0.0,447.625,0.0,0.0,0.0,5.737,0,6.0,0.165,309.825,2.1527000000000003,35.88,35.44645690917969,4.98,0.0,0
46806,133.355,47.012,-1.5,0.0,447.746,0.0,0.0,0.2,5.737,0,4.0,0.15,309.915,1.4351,35.94,35.44645690917969,4.98,0.0,0
46806,133.355,46.992000000000004,-1.5,0.0,448.351,0.0,0.0,0.0,5.737,0,2.0,0.16,309.69,1.6083,35.79,35.44645690917969,4.98,0.0,0
46806,133.525,46.982,-1.0,0.0,448.048,0.0,0.0,0.0,5.737,0,4.0,0.17,309.825,-1.6496000000000002,35.7,35.44645690917969,4.98,0.0,0
46806,133.355,46.963,-1.5,0.0,447.625,0.0,0.0,0.0,5.737,0,1.0,0.17500000000000002,309.825,-3.5466,35.25,35.44645690917969,4.98,0.0,0
46806,133.866,46.943000000000005,-2.0,0.0,447.685,0.0,0.0,-0.2,5.737,0,2.0,0.135,309.825,0.0825,34.65,35.44645690917969,4.98,0.0,0
46806,133.866,46.934000000000005,-1.5,0.0,447.806,0.0,0.0,0.0,5.737,0,3.0,0.17,309.825,-0.5938,34.65,35.44645690917969,4.98,0.0,0
46806,133.355,46.914,-1.5,0.0,447.867,0.0,0.0,-0.2,5.737,0,4.0,0.155,309.69,-0.9650000000000001,35.31,35.44645690917969,4.98,0.0,0
46806,133.866,46.895,-1.5,0.0,447.746,0.0,0.0,0.0,5.737,0,2.0,0.165,309.825,-1.3856000000000002,34.5,35.44645690917969,4.98,0.0,0
46806,133.696,46.875,-2.0,0.0,447.625,0.0,0.0,0.0,5.737,0,3.0,0.145,309.825,1.9547,33.660000000000004,35.44645690917969,4.98,0.0,0
46806,133.866,46.865,-2.0,0.0,447.746,0.0,0.0,0.0,5.737,0,4.0,0.165,309.825,4.3301,33.24,35.44645690917969,4.98,0.0,0
46806,133.866,46.846000000000004,-1.0,0.0,447.867,0.0,0.0,0.0,5.737,0,3.0,0.16,309.825,0.0,33.63,35.44645690917969,4.98,0.0,0
46806,133.696,46.826,-2.5,0.0,447.625,0.0,0.0,0.0,5.737,0,3.0,0.15,309.915,0.5114000000000001,34.230000000000004,35.44645690917969,4.98,0.0,0
46806,133.355,46.826,-2.0,0.0,447.625,0.0,0.0,0.0,5.737,0,3.0,0.14,309.915,0.9897,34.35,35.44645690917969,4.98,0.0,0
46806,134.037,46.816,-1.5,0.0,447.625,0.0,0.0,0.0,5.737,0,4.0,0.21,309.825,-2.5073000000000003,35.49,35.44645690917969,4.98,0.0,0
46806,133.866,46.797000000000004,-1.0,0.0,447.685,0.0,0.0,0.0,5.737,0,1.0,0.155,309.825,-2.9032,35.64,35.44645690917969,4.98,0.0,0
46806,133.866,46.777,-1.5,0.0,447.746,0.0,0.0,-0.2,5.737,0,2.0,0.165,309.915,0.9238000000000001,35.7,35.44645690917969,4.98,0.0,0
46806,133.866,46.768,-1.0,0.0,447.625,0.0,0.0,0.0,5.737,0,4.0,0.18,309.69,0.6268,35.37,35.44645690917969,4.98,0.0,0
46806,134.037,46.748000000000005,-1.5,0.0,447.262,0.0,0.0,0.0,5.737,0,4.0,0.195,309.69,-2.7713,35.49,35.44645690917969,4.98,0.0,0
46806,134.037,46.729,-1.0,0.0,447.202,0.0,0.0,0.0,5.737,0,2.0,0.19,309.915,-2.3754,35.58,35.44645690917969,4.98,0.0,0
46806,134.037,46.709,-2.0,0.0,447.806,0.0,0.0,0.0,5.737,0,4.0,0.17,309.825,2.3754,35.46,35.44645690917969,4.98,0.0,0
46806,134.037,46.699000000000005,-1.5,0.0,447.927,0.0,0.0,0.0,5.737,0,4.0,0.165,309.825,2.5403000000000002,34.89,35.44645690917969,4.98,0.0,0
46806,134.037,46.68,-1.5,0.0,447.927,0.0,0.0,-0.2,5.737,0,3.0,0.18,309.915,1.9795,34.47,35.44645690917969,4.98,0.0,0
46806,133.866,46.660000000000004,-2.0,0.0,447.927,0.0,0.0,0.0,5.737,0,2.0,0.195,309.825,-1.8475000000000001,34.2,35.44645690917969,4.98,0.0,0
46806,134.037,46.650000000000006,-2.0,0.0,447.746,0.0,0.0,0.0,5.737,0,3.0,0.2,309.825,-1.1877,33.42,35.44645690917969,4.98,0.0,0
46806,133.866,46.631,-1.5,0.0,447.746,0.0,0.0,0.0,5.737,0,3.0,0.18,309.915,3.1672000000000002,33.54,35.44645690917969,4.98,0.0,0
46806,134.037,46.611000000000004,-1.5,0.0,447.444,0.0,0.0,0.2,5.737,0,2.0,0.195,309.915,0.9238000000000001,34.980000000000004,35.44645690917969,4.98,0.0,0
46806,134.037,46.602000000000004,-1.5,0.0,447.564,0.0,0.0,0.0,5.737,0,4.0,0.18,309.69,-3.8600000000000003,36.54,35.44645690917969,4.98,0.0,0
46806,134.037,46.582,-1.5,0.0,447.685,0.0,0.0,0.0,5.737,0,2.0,0.21,309.69,-7.258100000000001,36.81,35.44645690917969,4.98,0.0,0
46806,134.207,46.563,-1.5,0.0,447.867,0.0,0.0,0.0,5.737,0,3.0,0.21,309.69,-0.8908,36.480000000000004,35.44645690917969,4.98,0.0,0
46806,134.037,46.553000000000004,-1.5,0.0,447.564,0.0,0.0,0.0,5.737,0,4.0,0.185,309.915,6.8622000000000005,35.94,35.44645690917969,4.98,0.0,0
46806,134.207,46.533,-1.5,0.0,447.685,0.0,0.0,0.0,5.737,0,3.0,0.17,309.825,-0.6268,35.160000000000004,35.44645690917969,4.98,0.0,0
46806,134.037,46.514,-1.5,0.0,447.746,0.0,0.0,0.0,5.737,0,3.0,0.17500000000000002,309.825,-0.39590000000000003,35.4,35.44645690917969,4.98,0.0,0
46806,134.037,46.504000000000005,-2.0,0.0,447.988,0.0,0.0,0.0,5.737,0,4.0,0.185,309.825,0.5938,35.94,35.44645690917969,4.98,0.0,0
46806,134.037,46.484,-1.5,0.0,447.685,0.0,0.0,-0.2,5.737,0,4.0,0.19,309.825,0.0,36.09,35.44645690917969,4.98,0.0,0
46806,134.037,46.465,-2.0,0.0,447.625,0.0,0.0,0.0,5.737,0,1.0,0.2,309.69,-1.4846000000000001,35.79,35.44645690917969,4.98,0.0,0
46806,134.037,46.445,-1.5,0.0,447.625,0.0,0.0,0.0,5.737,0,3.0,0.23,309.825,0.7918000000000001,34.89,35.44645690917969,4.98,0.0,0
46806,133.866,46.436,-1.5,0.0,447.746,0.0,0.0,0.0,5.737,0,2.0,0.225,309.69,-3.0682,33.87,35.44645690917969,4.98,0.0,0
46806,134.207,46.416000000000004,-1.5,0.0,447.625,0.0,0.0,0.0,5.737,0,3.0,0.21,309.69,-1.5836000000000001,33.660000000000004,35.44645690917969,4.98,0.0,0
46806,134.37800000000001,46.396,-2.0,0.0,447.444,0.0,0.0,0.0,5.737,0,3.0,0.2,309.915,1.2537,34.74,35.44645690917969,4.98,0.0,0
46806,134.548,46.387,-1.5,0.0,447.32300000000004,0.0,0.0,0.2,5.737,0,3.0,0.185,309.915,5.938400000000001,36.63,35.44645690917969,4.98,0.0,0
46806,134.548,46.367000000000004,-1.5,0.0,447.625,0.0,0.0,0.0,5.737,0,5.0,0.20500000000000002,309.69,-1.5836000000000001,37.65,35.44645690917969,4.98,0.0,0
46806,134.719,46.348,-2.0,0.0,447.625,0.0,0.0,0.0,5.737,0,2.0,0.22,309.825,-2.1114,37.800000000000004,35.44645690917969,4.98,0.0,0
46806,134.719,46.338,-1.0,0.0,447.444,0.0,0.0,0.0,5.737,0,5.0,0.245,309.69,2.2764,36.51,35.44645690917969,4.98,0.0,0
46806,134.37800000000001,46.318000000000005,-2.0,0.0,447.564,0.0,0.0,0.0,5.737,0,4.0,0.195,309.825,0.5279,34.89,35.44645690917969,4.98,0.0,0
46806,134.719,46.299,-1.5,0.0,447.504,0.0,0.0,0.0,5.737,0,4.0,0.225,309.69,-3.3321,34.95,35.44645690917969,4.98,0.0,0
46806,134.207,46.289,-1.5,0.0,447.444,0.0,0.0,0.0,5.737,0,3.0,0.245,309.69,-0.7918000000000001,35.31,35.44645690917969,4.98,0.0,0
46806,134.719,46.279,-1.5,0.0,447.444,0.0,0.0,0.0,5.737,0,3.0,0.20500000000000002,309.825,-0.8165,35.31,35.44645690917969,4.98,0.0,0
46806,134.548,46.27,-1.5,0.0,447.504,0.0,0.0,0.0,5.737,0,4.0,0.23,309.69,-1.3609,35.31,35.44645690917969,4.98,0.0,0
46806,134.37800000000001,46.25,-2.0,0.0,447.444,0.0,0.0,0.2,5.737,0,3.0,0.245,309.825,4.0662,35.1,35.44645690917969,4.98,0.0,0
46806,134.719,46.230000000000004,-1.5,0.0,447.081,0.0,0.0,0.0,5.737,0,2.0,0.225,309.825,3.9342,34.89,35.44645690917969,4.98,0.0,0
46806,134.548,46.221000000000004,-2.0,0.0,447.383,0.0,0.0,0.0,5.737,0,4.0,0.24,309.825,-1.3444,34.38,35.44645690917969,4.98,0.0,0
46806,134.548,46.201,-1.5,0.0,447.625,0.0,0.0,0.0,5.737,0,4.0,0.24,309.69,-1.8063,34.68,35.44645690917969,4.98,0.0,0
46806,134.548,46.182,-1.5,0.0,447.504,0.0,0.0,0.0,5.737,0,4.0,0.225,309.69,1.4764000000000002,34.980000000000004,35.44645690917969,4.98,0.0,0
46806,134.719,46.172000000000004,-1.5,0.0,447.383,0.0,0.0,0.0,5.737,0,2.0,0.24,309.825,-0.42060000000000003,36.06,35.44645690917969,4.98,0.0,0
46806,134.548,46.152,-2.0,0.0,447.262,0.0,0.0,0.0,5.737,0,4.0,0.24,309.825,1.7568000000000001,36.51,35.44645690917969,4.98,0.0,0
46806,134.719,46.133,-2.0,0.0,447.262,0.0,0.0,0.0,5.737,0,4.0,0.245,309.825,2.6558,37.17,35.44645690917969,4.98,0.0,0
46806,134.719,46.123000000000005,-1.5,0.0,447.685,0.0,0.0,0.0,5.737,0,4.0,0.225,309.915,2.9527,36.87,35.44645690917969,4.98,0.0,0
46806,134.37800000000001,46.104,-1.5,0.0,447.383,0.0,0.0,0.2,5.737,0,3.0,0.2,309.825,0.28040000000000004,36.18,35.44645690917969,4.98,0.0,0
46806,134.719,46.084,-1.5,0.0,447.141,0.0,0.0,0.0,5.737,0,5.0,0.22,309.825,-1.8475000000000001,35.49,35.44645690917969,4.98,0.0,0
46806,134.889,46.074000000000005,-1.5,0.0,447.202,0.0,0.0,-0.2,5.737,0,3.0,0.23,309.915,-0.28040000000000004,35.34,35.44645690917969,4.98,0.0,0
46806,134.719,46.055,-1.5,0.0,447.806,0.0,0.0,0.0,5.737,0,3.0,0.2,309.69,-1.8887,35.31,35.44645690917969,4.98,0.0,0
46806,134.719,46.035000000000004,-1.5,0.0,447.746,0.0,0.0,0.2,5.737,0,3.0,0.275,309.69,-2.5486,35.58,35.44645690917969,4.98,0.0,0
46806,134.719,46.025000000000006,-1.5,0.0,447.564,0.0,0.0,0.0,5.737,0,2.0,0.245,309.825,0.47840000000000005,35.22,35.44645690917969,4.98,0.0,0
46806,134.889,46.006,-2.0,0.0,447.504,0.0,0.0,0.0,5.737,0,2.0,0.275,309.915,3.8105,34.83,35.44645690917969,4.98,0.0,0
46806,134.719,45.986000000000004,-1.5,0.0,447.262,0.0,0.0,0.0,5.737,0,3.0,0.225,309.825,4.5280000000000005,34.65,35.44645690917969,4.98,0.0,0
46806,134.889,45.986000000000004,-2.0,0.0,447.262,0.0,0.0,-0.2,5.737,0,3.0,0.225,309.825,3.596,34.68,35.44645690917969,4.98,0.0,0
46806,135.06,45.967,-2.0,0.0,447.504,0.0,0.0,0.0,5.737,0,3.0,0.25,309.915,1.3196,34.800000000000004,35.44645690917969,4.98,0.0,0
46806,134.719,45.957,-1.5,0.0,447.625,0.0,0.0,0.0,5.737,0,2.0,0.25,309.825,-1.5176,35.94,35.44645690917969,4.98,0.0,0
46806,135.06,45.938,-1.5,0.0,447.504,0.0,0.0,0.0,5.737,0,3.0,0.26,309.69,-2.2434000000000003,36.99,35.44645690917969,4.98,0.0,0
46806,135.23,45.918,-1.5,0.0,447.625,0.0,0.0,0.0,5.737,0,3.0,0.29,309.69,-2.2104,37.410000000000004,35.44645690917969,4.98,0.0,0
46806,135.06,45.908,-2.0,0.0,447.625,0.0,0.0,0.0,5.737,0,2.0,0.27,309.825,-0.2639,37.35,35.44645690917969,4.98,0.0,0
46806,135.401,45.889,-1.5,0.0,447.625,0.0,0.0,-0.2,5.737,0,3.0,0.255,309.69,-0.7918000000000001,36.87,35.44645690917969,4.98,0.0,0
46806,135.23,45.869,-1.5,0.0,447.564,0.0,0.0,0.0,5.737,0,3.0,0.27,309.825,0.9238000000000001,36.300000000000004,35.44645690917969,4.98,0.0,0
46806,135.401,45.859,-1.5,0.0,447.32300000000004,0.0,0.0,0.0,5.737,0,3.0,0.28500000000000003,309.825,-0.2639,34.95,35.44645690917969,4.98,0.0,0
46806,135.06,45.84,-1.5,0.0,447.564,0.0,0.0,0.2,5.737,0,2.0,0.24,309.825,2.3754,34.5,35.44645690917969,4.98,0.0,0
46806,135.401,45.82,-1.5,0.0,447.625,0.0,0.0,0.2,5.737,0,4.0,0.21,309.825,1.5836000000000001,34.980000000000004,35.44645690917969,4.98,0.0,0
46806,135.401,45.801,-1.5,0.0,447.746,0.0,0.0,0.0,5.737,0,2.0,0.28500000000000003,309.825,-1.9795,35.28,35.44645690917969,4.98,0.0,0
46806,135.06,45.791000000000004,-2.0,0.0,447.625,0.0,0.0,0.0,5.737,0,2.0,0.255,309.825,-1.5836000000000001,35.550000000000004,35.44645690917969,4.98,0.0,0
46806,135.401,45.791000000000004,-2.0,0.0,447.625,0.0,0.0,0.0,5.737,0,3.0,0.28,309.825,-1.1877,35.61,35.44645690917969,4.98,0.0,0
46806,135.23,45.771,-1.0,0.0,447.625,0.0,0.0,0.0,5.737,0,3.0,0.26,309.825,0.19790000000000002,35.85,35.44645690917969,4.98,0.0,0
46806,135.06,45.752,-2.0,0.0,447.746,0.0,0.0,0.0,5.737,0,2.0,0.26,309.915,3.4146,35.88,35.44645690917969,4.98,0.0,0
46806,135.401,45.742000000000004,-1.5,0.0,447.625,0.0,0.0,0.0,5.737,0,2.0,0.245,309.69,2.4661,36.480000000000004,35.44645690917969,4.98,0.0,0
46806,135.401,45.723,-1.5,0.0,447.685,0.0,0.0,0.0,5.737,0,5.0,0.26,309.69,-3.563,36.27,35.44645690917969,4.98,0.0,0
46806,135.401,45.703,-1.5,0.0,447.444,0.0,0.0,0.0,5.737,0,3.0,0.23500000000000001,309.915,-2.7713,36.660000000000004,35.44645690917969,4.98,0.0,0
46806,135.401,45.693000000000005,-2.0,0.0,447.444,0.0,0.0,0.0,5.737,0,2.0,0.28,309.825,4.486800000000001,37.2,35.44645690917969,4.98,0.0,0
46806,135.401,45.674,-1.5,0.0,447.444,0.0,0.0,0.0,5.737,0,3.0,0.295,309.915,2.2681,37.08,35.44645690917969,4.98,0.0,0
46806,135.401,45.654,-1.5,0.0,447.262,0.0,0.0,0.0,5.737,0,3.0,0.315,309.825,-0.7918000000000001,36.51,35.44645690917969,4.98,0.0,0
46806,135.742,45.635000000000005,-1.0,0.0,447.262,0.0,0.0,0.0,5.737,0,3.0,0.31,309.825,0.7918000000000001,35.7,35.44645690917969,4.98,0.0,0
46806,135.401,45.625,-1.5,0.0,447.444,0.0,0.0,0.0,5.737,0,3.0,0.245,309.825,-1.8475000000000001,34.77,35.44645690917969,4.98,0.0,0
46806,135.401,45.605000000000004,-1.5,0.0,447.867,0.0,0.0,0.0,5.737,0,4.0,0.245,309.825,-1.4516,34.02,35.44645690917969,4.98,0.0,0
46806,135.401,45.586000000000006,-1.5,0.0,447.685,0.0,0.0,0.0,5.737,0,1.0,0.295,309.825,0.0,34.32,35.44645690917969,4.98,0.0,0
46806,135.571,45.576,-2.0,0.0,447.988,0.0,0.0,0.0,5.737,0,3.0,0.255,309.825,0.0,34.89,35.44645690917969,4.98,0.0,0
46806,135.401,45.557,-1.5,0.0,447.746,0.0,0.0,0.0,5.737,0,3.0,0.295,309.825,-2.1774,35.85,35.44645690917969,4.98,0.0,0
46806,135.742,45.537,-1.5,0.0,447.564,0.0,0.0,0.0,5.737,0,3.0,0.28,309.69,0.2227,36.39,35.44645690917969,4.98,0.0,0
46806,135.912,45.527,-1.5,0.0,447.867,0.0,0.0,0.0,5.737,0,2.0,0.29,309.915,1.699,36.93,35.44645690917969,4.98,0.0,0
46806,135.912,45.508,-1.5,0.0,447.746,0.0,0.0,0.0,5.737,0,1.0,0.295,309.825,-0.2639,36.660000000000004,35.44645690917969,4.98,0.0,0
46806,135.742,45.488,-1.5,0.0,447.685,0.0,0.0,0.0,5.737,0,3.0,0.275,309.915,5.3941,36.51,35.44645690917969,4.98,0.0,0
46806,135.571,45.479,-1.5,0.0,447.444,0.0,0.0,0.0,5.737,0,3.0,0.28,309.825,-1.1712,35.94,35.44645690917969,4.98,0.0,0
46806,136.083,45.459,-1.0,0.0,447.685,0.0,0.0,0.0,5.737,0,2.0,0.275,309.825,-2.1609000000000003,36.21,35.44645690917969,4.98,0.0,0
46806,135.571,45.439,-1.5,0.0,447.625,0.0,0.0,0.0,5.737,0,3.0,0.295,309.915,1.2537,36.15,35.44645690917969,4.98,0.0,0
46806,135.912,45.43,-2.0,0.0,447.564,0.0,0.0,0.0,5.737,0,4.0,0.275,309.825,2.3754,35.43,35.44645690917969,4.98,0.0,0
46806,135.912,45.410000000000004,-1.5,0.0,447.564,0.0,0.0,0.0,5.737,0,2.0,0.305,309.825,1.4516,34.29,35.44645690917969,4.98,0.0,0
46806,136.083,45.391000000000005,-1.5,0.0,447.746,0.0,0.0,0.0,5.737,0,3.0,0.325,309.915,-1.0722,33.39,35.44645690917969,4.98,0.0,0
46806,135.912,45.381,-1.5,0.0,447.444,0.0,0.0,0.0,5.737,0,4.0,0.305,309.69,-2.8125,33.75,35.44645690917969,4.98,0.0,0
46806,136.083,45.361000000000004,-1.0,0.0,447.141,0.0,0.0,0.0,5.737,0,2.0,0.26,309.915,-3.1012,33.9,35.44645690917969,4.98,0.0,0
46806,136.083,45.342,-1.5,0.0,447.746,0.0,0.0,0.0,5.737,0,3.0,0.295,309.915,2.2434000000000003,35.04,35.44645690917969,4.98,0.0,0
46806,135.912,45.322,-1.5,0.0,447.746,0.0,0.0,0.0,5.737,0,3.0,0.28,309.825,6.6642,36.81,35.44645690917969,4.98,0.0,0
46806,135.742,45.313,-2.0,0.0,447.746,0.0,0.0,0.2,5.737,0,3.0,0.31,309.825,-0.4454,37.17,35.44645690917969,4.98,0.0,0
46806,135.912,45.293,-2.0,0.0,447.927,0.0,0.0,0.0,5.737,0,2.0,0.29,309.825,-5.5920000000000005,37.11,35.44645690917969,4.98,0.0,0
46806,136.083,45.293,-1.5,0.0,447.927,0.0,0.0,0.0,5.737,0,2.0,0.305,309.825,-5.1466,36.93,35.44645690917969,4.98,0.0,0
46806,135.912,45.273,-2.5,0.0,447.867,0.0,0.0,0.0,5.737,0,3.0,0.295,309.825,-1.3196,36.03,35.44645690917969,4.98,0.0,0
46806,135.912,45.264,-2.0,0.0,447.927,0.0,0.0,0.0,5.737,0,4.0,0.28,309.915,3.1672000000000002,36.15,35.44645690917969,4.98,0.0,0
46806,136.083,45.244,-1.5,0.0,447.746,0.0,0.0,0.0,5.737,0,2.0,0.315,309.69,-0.9567,35.61,35.44645690917969,4.98,0.0,0
46806,135.912,45.225,-1.5,0.0,448.048,0.0,0.0,0.0,5.737,0,2.0,0.32,309.69,-4.0909,36.33,35.44645690917969,4.98,0.0,0
46806,135.912,45.205000000000005,-2.0,0.0,447.746,0.0,0.0,0.0,5.737,0,4.0,0.295,309.915,2.9032,35.46,35.44645690917969,4.98,0.0,0
46806,136.254,45.195,-2.5,0.0,447.806,0.0,0.0,0.0,5.737,0,3.0,0.28500000000000003,309.825,3.0352,34.77,35.44645690917969,4.98,0.0,0
46806,136.083,45.176,-1.5,0.0,448.048,0.0,0.0,-0.2,5.737,0,2.0,0.28500000000000003,309.825,0.9567,34.230000000000004,35.44645690917969,4.98,0.0,0
46806,136.083,45.156,-1.5,0.0,447.746,0.0,0.0,-0.2,5.737,0,3.0,0.3,309.915,1.7155,33.87,35.44645690917969,4.98,0.0,0
46806,136.083,45.146,-1.5,0.0,447.927,0.0,0.0,0.0,5.737,0,3.0,0.28500000000000003,309.915,-0.066,34.230000000000004,35.44645690917969,4.98,0.0,0
46806,136.083,45.127,-1.5,0.0,448.10900000000004,0.0,0.0,0.0,5.737,0,2.0,0.295,309.825,-1.9795,35.07,35.44645690917969,4.98,0.0,0
46806,136.76500000000001,45.107,-1.5,0.0,448.048,0.0,0.0,-0.2,5.737,0,4.0,0.265,309.69,-1.9465000000000001,36.480000000000004,35.44645690917969,4.98,0.0,0
46806,136.254,45.098,-1.5,0.0,448.10900000000004,0.0,0.0,0.0,5.737,0,4.0,0.315,309.825,-1.3196,36.75,35.44645690917969,4.98,0.0,0
46806,136.595,45.078,-1.0,0.0,448.10900000000004,0.0,0.0,0.0,5.737,0,3.0,0.36,309.69,-1.2207000000000001,36.69,35.44645690917969,4.98,0.0,0
46806,136.083,45.059000000000005,-1.5,0.0,447.625,0.0,0.0,0.0,5.737,0,3.0,0.28500000000000003,309.915,3.1672000000000002,35.7,35.44645690917969,4.98,0.0,0
46806,136.595,45.049,-1.5,0.0,447.685,0.0,0.0,0.0,5.737,0,3.0,0.305,309.915,2.3094,35.52,35.44645690917969,4.98,0.0,0
46806,136.424,45.029,-1.5,0.0,447.927,0.0,0.0,0.2,5.737,0,3.0,0.32,309.69,0.2639,35.76,35.44645690917969,4.98,0.0,0
46806,136.254,45.010000000000005,-2.0,0.0,447.988,0.0,0.0,0.2,5.737,0,2.0,0.315,309.915,-1.3196,36.09,35.44645690917969,4.98,0.0,0
46806,136.595,45.0,-2.0,0.0,447.988,0.0,0.0,0.2,5.737,0,2.0,0.335,309.825,-0.132,36.57,35.44645690917969,4.98,0.0,0
46806,136.76500000000001,44.980000000000004,-2.0,0.0,447.927,0.0,0.0,0.0,5.737,0,4.0,0.305,309.69,-4.486800000000001,36.39,35.44645690917969,4.98,0.0,0
46806,136.595,44.961000000000006,-2.0,0.0,447.927,0.0,0.0,0.0,5.737,0,3.0,0.315,309.825,-3.4311000000000003,35.31,35.44645690917969,4.98,0.0,0
46806,136.76500000000001,44.951,-2.0,0.0,447.685,0.0,0.0,0.0,5.737,0,3.0,0.315,309.69,-0.6928000000000001,33.63,35.44645690917969,4.98,0.0,0
46806,136.76500000000001,44.932,-1.5,0.0,447.927,0.0,0.0,0.0,5.737,0,4.0,0.34500000000000003,309.825,1.9795,32.97,35.44645690917969,4.98,0.0,0
46806,136.424,44.912,-1.5,0.0,447.806,0.0,0.0,0.0,5.737,0,4.0,0.31,309.825,3.1672000000000002,33.72,35.44645690917969,4.98,0.0,0
46806,136.595,44.893,-1.5,0.0,447.746,0.0,0.0,0.0,5.737,0,3.0,0.325,309.825,3.4311000000000003,34.38,35.44645690917969,4.98,0.0,0
46806,136.595,44.893,-1.5,0.0,447.746,0.0,0.0,0.0,5.737,0,2.0,0.325,309.915,3.3898,34.53,35.44645690917969,4.98,0.0,0
46806,136.76500000000001,44.883,-1.5,0.0,447.927,0.0,0.0,0.0,5.737,0,3.0,0.38,309.915,3.7445000000000004,36.27,35.44645690917969,4.98,0.0,0
46806,136.424,44.863,-2.5,0.0,448.291,0.0,0.0,0.0,5.737,0,4.0,0.305,309.915,-1.798,37.17,35.44645690917969,4.98,0.0,0
46806,136.936,44.844,-2.0,0.0,448.10900000000004,0.0,0.0,0.0,5.737,0,3.0,0.325,309.825,-0.5938,36.78,35.44645690917969,4.98,0.0,0
46806,136.936,44.834,-2.0,0.0,447.685,0.0,0.0,0.0,5.737,0,4.0,0.355,309.915,-2.3754,35.64,35.44645690917969,4.98,0.0,0
46806,136.76500000000001,44.814,-1.5,0.0,447.625,0.0,0.0,0.0,5.737,0,2.0,0.34,309.825,-1.8063,35.04,35.44645690917969,4.98,0.0,0
46806,137.27700000000002,44.795,-1.5,0.0,447.504,0.0,0.0,0.0,5.737,0,2.0,0.355,309.825,0.9897,34.53,35.44645690917969,4.98,0.0,0
46806,136.76500000000001,44.775000000000006,-1.5,0.0,447.625,0.0,0.0,0.0,5.737,0,3.0,0.33,309.69,-3.1012,34.05,35.44645690917969,4.98,0.0,0
46806,136.76500000000001,44.766000000000005,-1.5,0.0,447.867,0.0,0.0,0.0,5.737,0,3.0,0.35000000000000003,309.825,0.7258,34.410000000000004,35.44645690917969,4.98,0.0,0
46806,136.76500000000001,44.746,-1.5,0.0,448.10900000000004,0.0,0.0,0.0,5.737,0,2.0,0.33,309.825,1.3856000000000002,34.11,35.44645690917969,4.98,0.0,0
46806,136.76500000000001,44.727000000000004,-1.5,0.0,448.291,0.0,0.0,0.0,5.737,0,2.0,0.335,309.69,0.46190000000000003,34.38,35.44645690917969,4.98,0.0,0
46806,136.76500000000001,44.717,-2.0,0.0,448.10900000000004,0.0,0.0,0.0,5.737,0,3.0,0.325,309.915,0.9897,33.93,35.44645690917969,4.98,0.0,0
46806,136.936,44.697,-1.5,0.0,448.41200000000003,0.0,0.0,0.2,5.737,0,4.0,0.335,309.825,2.5733,34.62,35.44645690917969,4.98,0.0,0
46806,137.106,44.678000000000004,-1.0,0.0,448.291,0.0,0.0,0.0,5.737,0,2.0,0.315,309.69,-1.5588000000000002,35.37,35.44645690917969,4.98,0.0,0
46806,137.106,44.668,-2.0,0.0,447.867,0.0,0.0,0.0,5.737,0,3.0,0.33,309.69,-6.029100000000001,36.6,35.44645690917969,4.98,0.0,0
46806,137.27700000000002,44.648,-1.5,0.0,447.564,0.0,0.0,0.2,5.737,0,3.0,0.34500000000000003,309.825,0.3299,36.99,35.44645690917969,4.98,0.0,0
46806,136.936,44.629000000000005,-1.5,0.0,447.746,0.0,0.0,0.2,5.737,0,2.0,0.315,309.825,1.0310000000000001,36.45,35.44645690917969,4.98,0.0,0
46806,136.936,44.619,-1.5,0.0,447.746,0.0,0.0,0.0,5.737,0,2.0,0.32,309.825,3.8022,36.09,35.44645690917969,4.98,0.0,0
46806,137.106,44.6,-1.5,0.0,448.048,0.0,0.0,0.0,5.737,0,3.0,0.325,309.915,1.0392000000000001,35.04,35.44645690917969,4.98,0.0,0
46806,136.936,44.580000000000005,-2.0,0.0,448.10900000000004,0.0,0.0,0.0,5.737,0,4.0,0.325,309.69,-2.2187,35.07,35.44645690917969,4.98,0.0,0
46806,137.27700000000002,44.57,-1.5,0.0,447.867,0.0,0.0,0.0,5.737,0,2.0,0.335,309.69,2.928,35.07,35.44645690917969,4.98,0.0,0
46806,136.936,44.551,-2.0,0.0,448.23,0.0,0.0,0.0,5.737,0,2.0,0.325,309.825,-1.8475000000000001,34.71,35.44645690917969,4.98,0.0,0
46806,137.106,44.531,-2.0,0.0,448.10900000000004,0.0,0.0,0.0,5.737,0,4.0,0.33,309.69,-0.39590000000000003,34.56,35.44645690917969,4.98,0.0,0
46806,137.27700000000002,44.521,-1.5,0.0,447.927,0.0,0.0,0.0,5.737,0,4.0,0.335,309.69,-1.4764000000000002,35.04,35.44645690917969,4.98,0.0,0
46806,136.76500000000001,44.502,-1.0,0.0,447.746,0.0,0.0,0.0,5.737,0,2.0,0.34500000000000003,309.825,-2.1774,35.31,35.44645690917969,4.98,0.0,0
46806,137.27700000000002,44.482,-1.5,0.0,447.625,0.0,0.0,0.0,5.737,0,3.0,0.385,309.915,5.1961,35.82,35.44645690917969,4.98,0.0,0
46806,137.447,44.463,-1.5,0.0,447.444,0.0,0.0,0.0,5.737,0,4.0,0.35000000000000003,309.825,6.705500000000001,35.94,35.44645690917969,4.98,0.0,0
46806,137.27700000000002,44.453,-2.0,0.0,447.806,0.0,0.0,0.0,5.737,0,3.0,0.34500000000000003,309.69,-2.4166000000000003,36.6,35.44645690917969,4.98,0.0,0
46806,137.447,44.453,-1.5,0.0,447.867,0.0,0.0,0.2,5.737,0,3.0,0.34500000000000003,309.69,-3.2991,36.63,35.44645690917969,4.98,0.0,0
46806,137.447,44.434000000000005,-1.5,0.0,447.867,0.0,0.0,-0.2,5.737,0,2.0,0.34,309.825,-1.7815,36.9,35.44645690917969,4.98,0.0,0
46806,137.447,44.414,-1.5,0.0,448.10900000000004,0.0,0.0,0.0,5.737,0,4.0,0.34500000000000003,309.915,2.7713,37.26,35.44645690917969,4.98,0.0,0
46806,137.447,44.404,-1.5,0.0,447.927,0.0,0.0,0.0,5.737,0,3.0,0.39,309.825,-1.9465000000000001,36.42,35.44645690917969,4.98,0.0,0
46806,137.447,44.385000000000005,-2.0,0.0,447.806,0.0,0.0,0.0,5.737,0,2.0,0.37,309.915,1.9795,36.480000000000004,35.44645690917969,4.98,0.0,0
46806,137.447,44.365,-1.5,0.0,447.685,0.0,0.0,0.0,5.737,0,4.0,0.37,309.69,-1.9465000000000001,35.58,35.44645690917969,4.98,0.0,0
46806,137.447,44.346000000000004,-1.5,0.0,447.806,0.0,0.0,0.0,5.737,0,3.0,0.36,309.915,-1.0557,34.83,35.44645690917969,4.98,0.0,0
46806,137.447,44.336000000000006,-2.0,0.0,447.927,0.0,0.0,0.0,5.737,0,2.0,0.34500000000000003,309.69,-0.3629,33.99,35.44645690917969,4.98,0.0,0
46806,137.959,44.316,-1.5,0.0,447.927,0.0,0.0,0.0,5.737,0,2.0,0.38,309.825,1.1877,34.68,35.44645690917969,4.98,0.0,0
46806,137.447,44.297000000000004,-1.5,0.0,447.746,0.0,0.0,0.0,5.737,0,4.0,0.355,309.825,2.1774,35.64,35.44645690917969,4.98,0.0,0
46806,137.618,44.287,-2.0,0.0,447.867,0.0,0.0,0.0,5.737,0,4.0,0.365,309.915,4.6188,36.09,35.44645690917969,4.98,0.0,0
46806,137.618,44.268,-1.5,0.0,447.685,0.0,0.0,0.0,5.737,0,2.0,0.35000000000000003,309.915,1.5176,36.18,35.44645690917969,4.98,0.0,0
46806,138.129,44.248000000000005,-1.5,0.0,447.564,0.0,0.0,0.0,5.737,0,3.0,0.38,309.825,-1.9795,36.09,35.44645690917969,4.98,0.0,0
46806,138.129,44.238,-1.0,0.0,447.444,0.0,0.0,0.0,5.737,0,3.0,0.39,309.69,-4.3218000000000005,36.45,35.44645690917969,4.98,0.0,0
46806,137.959,44.219,-1.5,0.0,447.383,0.0,0.0,0.0,5.737,0,2.0,0.4,309.825,-0.39590000000000003,36.42,35.44645690917969,4.98,0.0,0
46806,137.959,44.199000000000005,-1.5,0.0,447.564,0.0,0.0,0.0,5.737,0,3.0,0.34500000000000003,309.915,-0.5938,36.42,35.44645690917969,4.98,0.0,0
46806,137.788,44.189,-1.5,0.0,447.746,0.0,0.0,0.0,5.737,0,4.0,0.365,309.915,3.6950000000000003,36.660000000000004,35.44645690917969,4.98,0.0,0
46806,137.959,44.17,-1.5,0.0,447.746,0.0,0.0,0.0,5.737,0,4.0,0.385,309.825,-0.7918000000000001,36.42,35.44645690917969,4.98,0.0,0
46806,137.788,44.15,-2.0,0.0,447.564,0.0,0.0,0.0,5.737,0,2.0,0.365,309.915,-1.1877,36.0,35.44645690917969,4.98,0.0,0
46806,137.959,44.141000000000005,-1.5,0.0,447.867,0.0,0.0,0.0,5.737,0,4.0,0.355,309.825,-0.19790000000000002,35.97,35.44645690917969,4.98,0.0,0
46806,138.129,44.121,-1.5,0.0,447.746,0.0,0.0,0.0,5.737,0,3.0,0.365,309.825,-1.4516,35.19,35.44645690917969,4.98,0.0,0
46806,137.618,44.102000000000004,-2.0,0.0,447.746,0.0,0.0,0.0,5.737,0,2.0,0.365,309.915,0.0,33.9,35.44645690917969,4.98,0.0,0
46806,137.959,44.102000000000004,-2.0,0.0,447.746,0.0,0.0,0.0,5.737,0,2.0,0.36,309.915,0.9897,33.84,35.44645690917969,4.98,0.0,0
46806,138.129,44.082,-2.0,0.0,447.625,0.0,0.0,0.0,5.737,0,4.0,0.365,309.825,-1.9135000000000002,34.08,35.44645690917969,4.98,0.0,0
46806,137.959,44.072,-2.0,0.0,447.625,0.0,0.0,0.0,5.737,0,4.0,0.365,309.825,-4.8827,34.95,35.44645690917969,4.98,0.0,0
46806,137.959,44.053000000000004,-1.5,0.0,447.927,0.0,0.0,0.0,5.737,0,2.0,0.355,309.825,-2.1609000000000003,36.24,35.44645690917969,4.98,0.0,0
46806,137.959,44.033,-1.5,0.0,447.927,0.0,0.0,0.2,5.737,0,3.0,0.36,309.825,3.9342,37.11,35.44645690917969,4.98,0.0,0
46806,138.129,44.023,-1.5,0.0,447.746,0.0,0.0,-0.2,5.737,0,4.0,0.365,309.915,2.6888,36.54,35.44645690917969,4.98,0.0,0
46806,137.959,44.004000000000005,-1.5,0.0,447.806,0.0,0.0,0.0,5.737,0,4.0,0.395,309.915,2.3589,35.88,35.44645690917969,4.98,0.0,0
46806,138.3,43.984,-1.5,0.0,447.685,0.0,0.0,0.0,5.737,0,3.0,0.37,309.825,0.2639,35.31,35.44645690917969,4.98,0.0,0
46806,138.129,43.975,-1.5,0.0,447.746,0.0,0.0,0.0,5.737,0,4.0,0.35000000000000003,309.825,-0.9238000000000001,35.43,35.44645690917969,4.98,0.0,0
46806,138.641,43.955000000000005,-1.5,0.0,447.988,0.0,0.0,0.0,5.737,0,3.0,0.38,309.825,-1.3032000000000001,36.27,35.44645690917969,4.98,0.0,0
46806,138.129,43.936,-0.5,0.0,447.746,0.0,0.0,0.0,5.737,0,2.0,0.39,309.69,-5.5178,36.45,35.44645690917969,4.98,0.0,0
46806,138.3,43.916000000000004,-1.5,0.0,448.10900000000004,0.0,0.0,0.0,5.737,0,3.0,0.405,309.825,-1.1877,36.0,35.44645690917969,4.98,0.0,0
46806,138.129,43.906,-1.5,0.0,448.291,0.0,0.0,-0.2,5.737,0,3.0,0.365,309.825,2.7713,34.980000000000004,35.44645690917969,4.98,0.0,0
46806,138.129,43.887,-1.5,0.0,447.988,0.0,0.0,0.0,5.737,0,4.0,0.39,309.825,0.37120000000000003,34.65,35.44645690917969,4.98,0.0,0
46806,138.129,43.867000000000004,-1.5,0.0,447.988,0.0,0.0,0.0,5.737,0,2.0,0.37,309.825,-1.9795,34.47,35.44645690917969,4.98,0.0,0
46806,138.129,43.857,-1.0,0.0,448.10900000000004,0.0,0.0,-0.2,5.737,0,3.0,0.39,309.825,3.6950000000000003,34.68,35.44645690917969,4.98,0.0,0
46806,138.3,43.838,-2.0,0.0,448.10900000000004,0.0,0.0,0.0,5.737,0,4.0,0.37,309.825,0.0,36.6,35.44645690917969,4.98,0.0,0
46806,138.811,43.818000000000005,-1.0,0.0,447.867,0.0,0.0,0.0,5.737,0,3.0,0.4,309.69,-1.8887,37.14,35.44645690917969,4.98,0.0,0
46806,138.47,43.809000000000005,-1.5,0.0,447.685,0.0,0.0,0.0,5.737,0,3.0,0.39,309.825,-2.2929,37.29,35.44645690917969,4.98,0.0,0
46806,138.47,43.809000000000005,-1.5,0.0,447.867,0.0,0.0,0.0,5.737,0,2.0,0.37,309.825,-1.1877,37.17,35.44645690917969,4.98,0.0,0
46806,138.811,43.789,-1.5,0.0,447.746,0.0,0.0,-0.2,5.737,0,3.0,0.375,309.825,1.8475000000000001,36.42,35.44645690917969,4.98,0.0,0
46806,138.47,43.77,-1.5,0.0,447.988,0.0,0.0,0.0,5.737,0,4.0,0.38,309.69,3.0352,35.58,35.44645690917969,4.98,0.0,0
46806,138.47,43.760000000000005,-1.5,0.0,447.927,0.0,0.0,0.2,5.737,0,3.0,0.375,309.825,-0.7918000000000001,35.28,35.44645690917969,4.98,0.0,0
46806,138.3,43.74,-1.5,0.0,447.806,0.0,0.0,0.0,5.737,0,2.0,0.37,309.69,-1.3196,35.67,35.44645690917969,4.98,0.0,0
46806,138.641,43.721000000000004,-1.5,0.0,447.625,0.0,0.0,0.0,5.737,0,3.0,0.32,309.69,-1.8475000000000001,36.57,35.44645690917969,4.98,0.0,0
46806,138.811,43.701,-2.0,0.0,447.867,0.0,0.0,0.0,5.737,0,3.0,0.41500000000000004,309.69,-2.7713,36.480000000000004,35.44645690917969,4.98,0.0,0
46806,138.811,43.691,-1.5,0.0,447.746,0.0,0.0,-0.2,5.737,0,2.0,0.38,309.825,3.0682,35.52,35.44645690917969,4.98,0.0,0
46806,138.641,43.672000000000004,-1.0,0.0,447.927,0.0,0.0,0.0,5.737,0,4.0,0.39,309.825,4.2229,33.9,35.44645690917969,4.98,0.0,0
46806,138.47,43.652,-2.0,0.0,448.048,0.0,0.0,0.0,5.737,0,4.0,0.335,309.825,2.0125,33.54,35.44645690917969,4.98,0.0,0
46806,138.811,43.643,-1.0,0.0,447.927,0.0,0.0,0.0,5.737,0,3.0,0.395,309.825,-3.0352,34.35,35.44645690917969,4.98,0.0,0
46806,138.811,43.623000000000005,-2.0,0.0,448.291,0.0,0.0,0.0,5.737,0,2.0,0.41500000000000004,309.915,0.9897,35.61,35.44645690917969,4.98,0.0,0
46806,138.811,43.604,-2.0,0.0,448.169,0.0,0.0,0.0,5.737,0,4.0,0.385,309.825,0.5279,37.47,35.44645690917969,4.98,0.0,0
46806,138.811,43.594,-2.0,0.0,447.927,0.0,0.0,0.0,5.737,0,2.0,0.395,309.915,-3.4971,38.19,35.44645690917969,4.98,0.0,0
46806,138.811,43.574000000000005,-1.0,0.0,447.504,0.0,0.0,0.0,5.737,0,3.0,0.385,309.825,0.5279,37.53,35.44645690917969,4.98,0.0,0
46806,139.153,43.555,-1.5,0.0,447.867,0.0,0.0,0.0,5.737,0,2.0,0.385,309.69,-0.4289,36.6,35.44645690917969,4.98,0.0,0
46806,138.811,43.545,-2.0,0.0,448.41200000000003,0.0,0.0,0.0,5.737,0,3.0,0.4,309.69,-5.806500000000001,35.07,35.44645690917969,4.98,0.0,0
46806,138.982,43.525,-1.5,0.0,448.169,0.0,0.0,0.0,5.737,0,4.0,0.39,309.825,-1.5836000000000001,35.31,35.44645690917969,4.98,0.0,0
46806,139.153,43.506,-2.0,0.0,447.746,0.0,0.0,0.0,5.737,0,2.0,0.385,309.915,7.522,35.25,35.44645690917969,4.98,0.0,0
46806,139.153,43.506,-1.5,0.0,447.746,0.0,0.0,0.0,5.737,0,3.0,0.395,309.825,7.0354,35.22,35.44645690917969,4.98,0.0,0
46806,139.153,43.486000000000004,-1.0,0.0,447.746,0.0,0.0,0.0,5.737,0,3.0,0.385,309.825,1.4269,34.5,35.44645690917969,4.98,0.0,0
46806,139.153,43.477000000000004,-2.0,0.0,448.048,0.0,0.0,0.0,5.737,0,3.0,0.375,309.825,0.3299,34.05,35.44645690917969,4.98,0.0,0
46806,139.153,43.457,-1.5,0.0,447.867,0.0,0.0,0.0,5.737,0,3.0,0.4,309.915,0.7918000000000001,33.87,35.44645690917969,4.98,0.0,0
46806,139.323,43.438,-1.5,0.0,448.10900000000004,0.0,0.0,0.0,5.737,0,2.0,0.4,309.825,-4.486800000000001,34.14,35.44645690917969,4.98,0.0,0
46806,139.323,43.428000000000004,-1.5,0.0,447.806,0.0,0.0,0.0,5.737,0,3.0,0.38,309.825,0.0165,35.07,35.44645690917969,4.98,0.0,0
46806,139.494,43.408,-1.5,0.0,447.685,0.0,0.0,0.0,5.737,0,4.0,0.395,309.915,-1.3196,35.88,35.44645690917969,4.98,0.0,0
46806,139.323,43.389,-1.5,0.0,447.927,0.0,0.0,0.0,5.737,0,2.0,0.405,309.915,3.3239,36.51,35.44645690917969,4.98,0.0,0
46806,139.153,43.379000000000005,-1.5,0.0,447.988,0.0,0.0,0.0,5.737,0,2.0,0.39,309.69,3.3898,36.42,35.44645690917969,4.98,0.0,0
46806,139.323,43.359,-2.0,0.0,447.988,0.0,0.0,0.0,5.737,0,2.0,0.39,309.825,-3.3651,35.67,35.44645690917969,4.98,0.0,0
46806,139.494,43.34,-2.0,0.0,447.867,0.0,0.0,0.0,5.737,0,4.0,0.385,309.825,-0.5773,35.04,35.44645690917969,4.98,0.0,0
46806,139.323,43.330000000000005,-1.5,0.0,447.746,0.0,0.0,0.0,5.737,0,3.0,0.405,309.825,3.3816,35.19,35.44645690917969,4.98,0.0,0
46806,139.494,43.311,-1.5,0.0,447.685,0.0,0.0,0.0,5.737,0,3.0,0.42,309.825,0.39590000000000003,34.800000000000004,35.44645690917969,4.98,0.0,0
46806,139.494,43.291000000000004,-2.0,0.0,447.927,0.0,0.0,0.0,5.737,0,4.0,0.38,309.825,0.6598,34.44,35.44645690917969,4.98,0.0,0
46806,139.494,43.281,-2.0,0.0,447.867,0.0,0.0,-0.2,5.737,0,3.0,0.37,309.825,-0.7918000000000001,34.65,35.44645690917969,4.98,0.0,0
46806,139.323,43.262,-1.5,0.0,447.625,0.0,0.0,0.0,5.737,0,3.0,0.35000000000000003,309.915,1.1877,34.02,35.44645690917969,4.98,0.0,0
46806,139.494,43.242000000000004,-1.5,0.0,447.927,0.0,0.0,0.0,5.737,0,2.0,0.41000000000000003,309.69,1.7403000000000002,34.02,35.44645690917969,4.98,0.0,0
46806,139.494,43.223,-1.5,0.0,448.10900000000004,0.0,0.0,0.0,5.737,0,5.0,0.41500000000000004,309.69,-3.5383,33.87,35.44645690917969,4.98,0.0,0
46806,139.494,43.213,-1.5,0.0,447.867,0.0,0.0,0.0,5.737,0,2.0,0.44,309.825,-2.6228000000000002,34.230000000000004,35.44645690917969,4.98,0.0,0
46806,139.494,43.213,-1.0,0.0,447.867,0.0,0.0,0.2,5.737,0,2.0,0.43,309.825,-2.0455,34.29,35.44645690917969,4.98,0.0,0
46806,139.835,43.193000000000005,-1.5,0.0,448.048,0.0,0.0,0.2,5.737,0,2.0,0.45,309.825,3.9589000000000003,35.1,35.44645690917969,4.98,0.0,0
46806,139.66400000000002,43.174,-1.5,0.0,448.23,0.0,0.0,0.0,5.737,0,4.0,0.38,309.69,-2.3754,36.300000000000004,35.44645690917969,4.98,0.0,0
46806,140.005,43.164,-2.0,0.0,447.746,0.0,0.0,0.0,5.737,0,3.0,0.36,309.825,-4.8827,36.39,35.44645690917969,4.98,0.0,0
46806,139.835,43.145,-1.0,0.0,447.685,0.0,0.0,-0.2,5.737,0,2.0,0.41500000000000004,309.825,2.3754,35.94,35.44645690917969,4.98,0.0,0
46806,139.494,43.125,-1.5,0.0,447.625,0.0,0.0,0.0,5.737,0,3.0,0.455,309.825,4.7507,35.550000000000004,35.44645690917969,4.98,0.0,0
46806,139.835,43.105000000000004,-1.5,0.0,447.685,0.0,0.0,0.0,5.737,0,4.0,0.39,309.825,-1.5836000000000001,35.43,35.44645690917969,4.98,0.0,0
46806,139.494,43.096000000000004,-1.5,0.0,447.625,0.0,0.0,0.0,5.737,0,2.0,0.405,309.825,0.39590000000000003,35.34,35.44645690917969,4.98,0.0,0
46806,140.17600000000002,43.076,-1.5,0.0,447.444,0.0,0.0,0.0,5.737,0,3.0,0.4,309.825,2.3754,35.01,35.44645690917969,4.98,0.0,0
46806,140.17600000000002,43.057,-1.5,0.0,447.564,0.0,0.0,0.0,5.737,0,3.0,0.42,309.825,0.6598,34.95,35.44645690917969,4.98,0.0,0
46806,139.66400000000002,43.047000000000004,-2.0,0.0,448.048,0.0,0.0,0.0,5.737,0,4.0,0.39,309.825,-2.6393,34.11,35.44645690917969,4.98,0.0,0
46806,139.835,43.027,-1.5,0.0,447.746,0.0,0.0,-0.2,5.737,0,2.0,0.4,309.69,-1.4516,33.72,35.44645690917969,4.98,0.0,0
46806,139.66400000000002,43.008,-2.0,0.0,447.746,0.0,0.0,0.0,5.737,0,3.0,0.41500000000000004,309.825,3.1672000000000002,33.27,35.44645690917969,4.98,0.0,0
46806,140.005,42.998000000000005,-1.5,0.0,447.685,0.0,0.0,0.0,5.737,0,3.0,0.445,309.825,-0.132,34.26,35.44645690917969,4.98,0.0,0
46806,140.17600000000002,42.979,-1.5,0.0,447.625,0.0,0.0,0.0,5.737,0,3.0,0.405,309.825,-0.8908,34.800000000000004,35.44645690917969,4.98,0.0,0
46806,140.17600000000002,42.959,-1.0,0.0,447.444,0.0,0.0,0.0,5.737,0,2.0,0.41000000000000003,309.825,0.9238000000000001,35.43,35.44645690917969,4.98,0.0,0
46806,140.005,42.949000000000005,-1.5,0.0,447.262,0.0,0.0,0.0,5.737,0,3.0,0.425,309.825,3.1672000000000002,35.76,35.44645690917969,4.98,0.0,0
46806,139.835,42.93,-1.0,0.0,447.927,0.0,0.0,0.0,5.737,0,4.0,0.4,309.825,-1.0557,35.94,35.44645690917969,4.98,0.0,0
46806,140.005,42.910000000000004,-1.5,0.0,447.806,0.0,0.0,0.0,5.737,0,2.0,0.435,309.915,-1.6496000000000002,36.39,35.44645690917969,4.98,0.0,0
46806,140.005,42.9,-1.0,0.0,447.625,0.0,0.0,0.0,5.737,0,3.0,0.41500000000000004,309.825,-0.7918000000000001,36.24,35.44645690917969,4.98,0.0,0
46806,140.17600000000002,42.881,-2.0,0.0,447.32300000000004,0.0,0.0,0.0,5.737,0,4.0,0.41500000000000004,309.69,3.0022,35.82,35.44645690917969,4.98,0.0,0
46806,140.17600000000002,42.861000000000004,-2.5,0.0,447.504,0.0,0.0,0.0,5.737,0,3.0,0.4,309.915,0.7918000000000001,34.410000000000004,35.44645690917969,4.98,0.0,0
46806,140.17600000000002,42.852000000000004,-2.0,0.0,447.806,0.0,0.0,0.0,5.737,0,2.0,0.42,309.825,-1.3196,33.27,35.44645690917969,4.98,0.0,0
46806,140.17600000000002,42.832,-1.5,0.0,447.927,0.0,0.0,-0.2,5.737,0,2.0,0.42,309.825,1.9795,32.4,35.44645690917969,4.98,0.0,0
46806,140.687,42.813,-1.0,0.0,447.746,0.0,0.0,0.2,5.737,0,4.0,0.405,309.825,-3.3651,32.22,35.44645690917969,4.98,0.0,0
46806,140.17600000000002,42.793,-2.0,0.0,447.746,0.0,0.0,0.0,5.737,0,4.0,0.44,309.825,0.9238000000000001,33.63,35.44645690917969,4.98,0.0,0
46806,140.17600000000002,42.783,-2.0,0.0,447.564,0.0,0.0,0.0,5.737,0,2.0,0.405,309.915,2.5733,34.86,35.44645690917969,4.98,0.0,0
46806,140.687,42.764,-2.0,0.0,447.625,0.0,0.0,0.0,5.737,0,3.0,0.395,309.69,-3.2991,35.550000000000004,35.44645690917969,4.98,0.0,0
46806,140.517,42.744,-1.5,0.0,447.746,0.0,0.0,0.0,5.737,0,4.0,0.39,309.825,-1.3196,35.550000000000004,35.44645690917969,4.98,0.0,0
46806,140.517,42.734,-2.0,0.0,447.806,0.0,0.0,0.2,5.737,0,3.0,0.4,309.825,-0.6598,35.64,35.44645690917969,4.98,0.0,0
46806,140.346,42.715,-1.5,0.0,447.564,0.0,0.0,0.0,5.737,0,2.0,0.42,309.825,1.4846000000000001,34.86,35.44645690917969,4.98,0.0,0
46806,140.517,42.695,-2.0,0.0,447.746,0.0,0.0,0.0,5.737,0,4.0,0.425,309.825,-1.9795,34.86,35.44645690917969,4.98,0.0,0
46806,140.346,42.686,-1.5,0.0,447.806,0.0,0.0,0.0,5.737,0,4.0,0.445,309.915,-0.5938,34.59,35.44645690917969,4.98,0.0,0
46806,140.517,42.666000000000004,-1.5,0.0,447.927,0.0,0.0,0.0,5.737,0,3.0,0.4,310.005,4.8827,35.01,35.44645690917969,4.98,0.0,0
46806,140.346,42.666000000000004,-1.5,0.0,447.927,0.0,0.0,0.0,5.737,0,3.0,0.395,309.825,5.0806000000000004,35.07,35.44645690917969,4.98,0.0,0
46806,140.687,42.646,-1.5,0.0,447.927,0.0,0.0,0.0,5.737,0,3.0,0.405,309.915,4.3383,34.56,35.44645690917969,4.98,0.0,0
46806,140.858,42.627,-2.0,0.0,447.685,0.0,0.0,0.0,5.737,0,3.0,0.41500000000000004,309.825,-0.4454,34.83,35.44645690917969,4.98,0.0,0
46806,140.346,42.617000000000004,-1.0,0.0,447.746,0.0,0.0,0.0,5.737,0,4.0,0.4,309.825,-0.23090000000000002,34.53,35.44645690917969,4.98,0.0,0
46806,140.858,42.598,-1.5,0.0,447.867,0.0,0.0,0.0,5.737,0,3.0,0.41000000000000003,309.825,-1.3032000000000001,34.08,35.44645690917969,4.98,0.0,0
46806,140.858,42.578,-1.5,0.0,447.625,0.0,0.0,-0.2,5.737,0,2.0,0.42,309.825,-1.1877,33.480000000000004,35.44645690917969,4.98,0.0,0
46806,141.028,42.568000000000005,-1.5,0.0,447.625,0.0,0.0,0.0,5.737,0,4.0,0.41000000000000003,309.69,-2.5486,34.14,35.44645690917969,4.98,0.0,0
46806,140.858,42.549,-1.0,0.0,447.867,0.0,0.0,0.0,5.737,0,3.0,0.425,309.825,-3.3651,35.07,35.44645690917969,4.98,0.0,0
46806,140.858,42.529,-1.5,0.0,447.927,0.0,0.0,0.0,5.737,0,3.0,0.41000000000000003,309.825,3.761,35.52,35.44645690917969,4.98,0.0,0
46806,140.858,42.52,-1.0,0.0,447.746,0.0,0.0,0.0,5.737,0,3.0,0.405,309.825,5.6745,35.37,35.44645690917969,4.98,0.0,0
46806,141.199,42.5,-1.5,0.0,448.291,0.0,0.0,0.0,5.737,0,4.0,0.43,309.825,-1.3196,36.09,35.44645690917969,4.98,0.0,0
46806,140.858,42.480000000000004,-1.5,0.0,448.291,0.0,0.0,0.2,5.737,0,3.0,0.405,309.915,0.2474,36.24,35.44645690917969,4.98,0.0,0
46806,141.199,42.471000000000004,-1.5,0.0,448.10900000000004,0.0,0.0,0.0,5.737,0,2.0,0.44,309.825,-3.6950000000000003,35.67,35.44645690917969,4.98,0.0,0
46806,140.858,42.451,-1.0,0.0,447.927,0.0,0.0,0.0,5.737,0,4.0,0.405,309.915,0.3794,36.06,35.44645690917969,4.98,0.0,0
46806,141.54,42.432,-2.0,0.0,447.806,0.0,0.0,0.0,5.737,0,4.0,0.42,309.825,0.2144,35.79,35.44645690917969,4.98,0.0,0
46806,140.858,42.422000000000004,-2.0,0.0,447.988,0.0,0.0,0.0,5.737,0,2.0,0.39,309.825,-2.664,35.28,35.44645690917969,4.98,0.0,0
46806,141.54,42.402,-1.0,0.0,448.169,0.0,0.0,0.0,5.737,0,3.0,0.4,309.825,-0.2474,34.08,35.44645690917969,4.98,0.0,0
46806,141.54,42.383,-1.5,0.0,448.048,0.0,0.0,0.0,5.737,0,4.0,0.41500000000000004,309.915,3.9837000000000002,33.63,35.44645690917969,4.98,0.0,0
46806,141.199,42.373000000000005,-2.0,0.0,447.806,0.0,0.0,0.0,5.737,0,3.0,0.435,309.825,0.6598,33.33,35.44645690917969,4.98,0.0,0
46806,141.199,42.363,-2.0,0.0,447.806,0.0,0.0,0.0,5.737,0,4.0,0.41000000000000003,309.825,0.5279,33.3,35.44645690917969,4.98,0.0,0
46806,141.369,42.354,-2.0,0.0,447.867,0.0,0.0,0.0,5.737,0,2.0,0.435,309.915,-0.9238000000000001,33.93,35.44645690917969,4.98,0.0,0
46806,141.199,42.334,-1.5,0.0,448.10900000000004,0.0,0.0,0.0,5.737,0,2.0,0.44,309.69,-4.3218000000000005,35.13,35.44645690917969,4.98,0.0,0
46806,141.369,42.314,-2.0,0.0,447.685,0.0,0.0,0.0,5.737,0,4.0,0.36,309.825,0.9238000000000001,36.27,35.44645690917969,4.98,0.0,0
46806,141.711,42.305,-2.0,0.0,447.625,0.0,0.0,0.0,5.737,0,4.0,0.445,309.69,-0.099,37.47,35.44645690917969,4.98,0.0,0
46806,141.54,42.285000000000004,-1.5,0.0,447.867,0.0,0.0,0.0,5.737,0,3.0,0.44,309.825,2.2434000000000003,36.99,35.44645690917969,4.98,0.0,0
46806,141.369,42.266000000000005,-1.0,0.0,448.10900000000004,0.0,0.0,0.0,5.737,0,2.0,0.46,309.825,2.1114,36.18,35.44645690917969,4.98,0.0,0
46806,141.54,42.246,-1.5,0.0,447.988,0.0,0.0,0.0,5.737,0,4.0,0.435,309.915,1.3196,35.160000000000004,35.44645690917969,4.98,0.0,0
46806,141.199,42.236000000000004,-1.5,0.0,447.746,0.0,0.0,0.0,5.737,0,3.0,0.455,309.915,1.5176,34.980000000000004,35.44645690917969,4.98,0.0,0
46806,141.54,42.217,-1.5,0.0,447.927,0.0,0.0,0.0,5.737,0,2.0,0.48,309.69,-2.7713,35.67,35.44645690917969,4.98,0.0,0
46806,141.54,42.197,-2.0,0.0,448.048,0.0,0.0,0.0,5.737,0,4.0,0.43,309.915,0.7918000000000001,36.09,35.44645690917969,4.98,0.0,0
46806,141.54,42.188,-1.5,0.0,448.048,0.0,0.0,0.0,5.737,0,3.0,0.485,309.915,1.4516,35.64,35.44645690917969,4.98,0.0,0
46806,141.54,42.168,-2.0,0.0,447.927,0.0,0.0,-0.2,5.737,0,3.0,0.44,309.69,-4.7507,34.68,35.44645690917969,4.98,0.0,0
46806,141.54,42.148,-1.5,0.0,448.048,0.0,0.0,0.0,5.737,0,3.0,0.435,309.915,0.39590000000000003,34.14,35.44645690917969,4.98,0.0,0
46806,141.54,42.139,-1.5,0.0,447.685,0.0,0.0,0.2,5.737,0,4.0,0.43,309.825,2.7053000000000003,34.17,35.44645690917969,4.98,0.0,0
46806,141.54,42.119,-1.5,0.0,447.746,0.0,0.0,0.0,5.737,0,3.0,0.44,309.69,-0.132,35.25,35.44645690917969,4.98,0.0,0
46806,141.54,42.1,-1.0,0.0,447.927,0.0,0.0,0.0,5.737,0,2.0,0.45,309.915,-1.8475000000000001,35.97,35.44645690917969,4.98,0.0,0
46806,141.54,42.09,-2.0,0.0,448.10900000000004,0.0,0.0,0.0,5.737,0,3.0,0.44,309.825,1.5836000000000001,36.84,35.44645690917969,4.98,0.0,0
46806,141.54,42.07,-1.5,0.0,447.988,0.0,0.0,0.0,5.737,0,4.0,0.435,309.825,0.165,37.11,35.44645690917969,4.98,0.0,0
46806,141.881,42.051,-2.0,0.0,447.806,0.0,0.0,0.2,5.737,0,3.0,0.43,309.825,-2.2434000000000003,36.84,35.44645690917969,4.98,0.0,0
46806,141.711,42.041000000000004,-2.0,0.0,447.685,0.0,0.0,0.0,5.737,0,2.0,0.445,309.825,1.5836000000000001,35.76,35.44645690917969,4.98,0.0,0
46806,141.711,42.021,-1.5,0.0,447.746,0.0,0.0,0.0,5.737,0,4.0,0.425,309.825,1.3196,35.61,35.44645690917969,4.98,0.0,0
46806,141.881,42.002,-2.0,0.0,447.867,0.0,0.0,0.0,5.737,0,4.0,0.435,309.69,0.099,35.07,35.44645690917969,4.98,0.0,0
46806,141.54,41.992000000000004,-2.0,0.0,448.23,0.0,0.0,-0.2,5.737,0,3.0,0.41000000000000003,309.915,-0.39590000000000003,35.04,35.44645690917969,4.98,0.0,0
46806,142.052,41.973,-1.5,0.0,448.10900000000004,0.0,0.0,0.0,5.737,0,2.0,0.435,309.825,2.9032,35.13,35.44645690917969,4.98,0.0,0
46806,142.052,41.973,-1.5,0.0,448.10900000000004,0.0,0.0,0.0,5.737,0,3.0,0.44,309.825,2.5733,35.160000000000004,35.44645690917969,4.98,0.0,0
46806,141.881,41.953,-1.5,0.0,448.23,0.0,0.0,0.0,5.737,0,4.0,0.425,309.69,0.19790000000000002,34.83,35.44645690917969,4.98,0.0,0
46806,142.052,41.934000000000005,-2.0,0.0,448.23,0.0,0.0,0.0,5.737,0,3.0,0.45,309.825,-3.3486000000000002,34.02,35.44645690917969,4.98,0.0,0
46806,142.222,41.924,-1.5,0.0,448.10900000000004,0.0,0.0,0.0,5.737,0,3.0,0.41000000000000003,309.825,-1.8475000000000001,34.410000000000004,35.44645690917969,4.98,0.0,0
46806,142.222,41.904,-1.5,0.0,447.988,0.0,0.0,0.0,5.737,0,4.0,0.445,309.915,2.2269,35.04,35.44645690917969,4.98,0.0,0
46806,142.222,41.885000000000005,-2.0,0.0,447.988,0.0,0.0,0.0,5.737,0,3.0,0.44,309.825,0.2639,35.76,35.44645690917969,4.98,0.0,0
46806,142.222,41.875,-1.5,0.0,448.351,0.0,0.0,0.0,5.737,0,2.0,0.44,309.825,-1.8723,36.51,35.44645690917969,4.98,0.0,0
46806,142.052,41.855000000000004,-1.5,0.0,448.23,0.0,0.0,0.0,5.737,0,3.0,0.47500000000000003,309.825,-1.2372,36.9,35.44645690917969,4.98,0.0,0
46806,142.222,41.836,-1.5,0.0,448.048,0.0,0.0,0.2,5.737,0,4.0,0.43,309.69,-0.17320000000000002,37.08,35.44645690917969,4.98,0.0,0
46806,142.222,41.816,-2.0,0.0,448.169,0.0,0.0,0.0,5.737,0,3.0,0.46,309.825,1.1877,36.63,35.44645690917969,4.98,0.0,0
46806,142.222,41.807,-2.0,0.0,448.048,0.0,0.0,0.0,5.737,0,2.0,0.435,309.69,-1.1629,36.21,35.44645690917969,4.98,0.0,0
46806,142.222,41.787,-1.5,0.0,448.10900000000004,0.0,0.0,0.0,5.737,0,3.0,0.43,309.825,-1.4104,35.730000000000004,35.44645690917969,4.98,0.0,0
46806,142.222,41.768,-1.0,0.0,448.10900000000004,0.0,0.0,0.0,5.737,0,4.0,0.41000000000000003,309.69,-1.7568000000000001,35.4,35.44645690917969,4.98,0.0,0
46806,142.56300000000002,41.758,-1.0,0.0,448.10900000000004,0.0,0.0,0.0,5.737,0,3.0,0.41000000000000003,309.825,0.767,34.980000000000004,35.44645690917969,4.98,0.0,0
46806,142.222,41.738,-1.5,0.0,447.988,0.0,0.0,0.0,5.737,0,2.0,0.47000000000000003,309.69,-0.19790000000000002,34.83,35.44645690917969,4.98,0.0,0
46806,142.222,41.719,-1.5,0.0,447.746,0.0,0.0,0.0,5.737,0,2.0,0.455,309.825,0.767,34.53,35.44645690917969,4.98,0.0,0
46806,142.734,41.709,-1.0,0.0,447.927,0.0,0.0,0.0,5.737,0,4.0,0.48,309.825,0.39590000000000003,35.37,35.44645690917969,4.98,0.0,0
46806,142.222,41.689,-1.5,0.0,447.867,0.0,0.0,0.0,5.737,0,4.0,0.425,309.825,1.7568000000000001,35.97,35.44645690917969,4.98,0.0,0
46806,142.904,41.67,-1.0,0.0,447.927,0.0,0.0,0.0,5.737,0,2.0,0.45,309.915,3.8517,36.6,35.44645690917969,4.98,0.0,0
46806,142.56300000000002,41.660000000000004,-1.5,0.0,448.23,0.0,0.0,0.0,5.737,0,3.0,0.46,309.69,-2.1527000000000003,37.230000000000004,35.44645690917969,4.98,0.0,0
46806,142.734,41.641000000000005,-1.0,0.0,447.927,0.0,0.0,0.0,5.737,0,4.0,0.49,309.825,-3.629,37.35,35.44645690917969,4.98,0.0,0
46806,142.734,41.621,-1.5,0.0,447.625,0.0,0.0,0.0,5.737,0,3.0,0.445,309.825,2.7218,37.53,35.44645690917969,4.98,0.0,0
46806,142.56300000000002,41.611000000000004,-2.0,0.0,447.806,0.0,0.0,0.0,5.737,0,2.0,0.49,309.825,1.1629,36.93,35.44645690917969,4.98,0.0,0
46806,142.56300000000002,41.592,-1.5,0.0,447.625,0.0,0.0,0.0,5.737,0,3.0,0.455,309.825,0.9897,35.82,35.44645690917969,4.98,0.0,0
46806,142.393,41.572,-2.0,0.0,447.444,0.0,0.0,0.0,5.737,0,4.0,0.47000000000000003,309.825,1.6496000000000002,34.95,35.44645690917969,4.98,0.0,0
46806,142.734,41.572,-1.0,0.0,447.625,0.0,0.0,0.0,5.737,0,4.0,0.49,309.825,1.7155,34.980000000000004,35.44645690917969,4.98,0.0,0
46806,142.904,41.553000000000004,-2.0,0.0,447.746,0.0,0.0,0.0,5.737,0,3.0,0.465,309.825,-1.5836000000000001,34.44,35.44645690917969,4.98,0.0,0
46806,142.904,41.543,-2.0,0.0,447.746,0.0,0.0,0.0,5.737,0,3.0,0.47500000000000003,309.825,1.3196,34.29,35.44645690917969,4.98,0.0,0
46806,142.904,41.523,-2.0,0.0,447.504,0.0,0.0,0.0,5.737,0,3.0,0.47000000000000003,309.825,0.0,34.86,35.44645690917969,4.98,0.0,0
46806,142.393,41.504000000000005,-1.5,0.0,447.625,0.0,0.0,0.0,5.737,0,4.0,0.47000000000000003,309.825,-1.3196,35.67,35.44645690917969,4.98,0.0,0
46806,142.393,41.494,-1.5,0.0,447.927,0.0,0.0,0.0,5.737,0,4.0,0.465,309.915,2.0455,35.88,35.44645690917969,4.98,0.0,0
46806,142.734,41.475,-1.5,0.0,447.927,0.0,0.0,0.0,5.737,0,3.0,0.46,309.69,-2.2434000000000003,36.63,35.44645690917969,4.98,0.0,0
46806,142.904,41.455000000000005,-1.5,0.0,447.867,0.0,0.0,0.0,5.737,0,4.0,0.45,309.915,-5.8724,36.9,35.44645690917969,4.98,0.0,0
46806,142.904,41.445,-2.0,0.0,448.048,0.0,0.0,0.0,5.737,0,4.0,0.49,309.915,3.2991,36.96,35.44645690917969,4.98,0.0,0
46806,143.07500000000002,41.426,-1.5,0.0,448.048,0.0,0.0,0.0,5.737,0,3.0,0.47000000000000003,309.825,3.8600000000000003,36.54,35.44645690917969,4.98,0.0,0
46806,142.904,41.406,-2.0,0.0,447.927,0.0,0.0,0.0,5.737,0,3.0,0.49,309.825,-2.2434000000000003,36.99,35.44645690917969,4.98,0.0,0
46806,142.904,41.396,-2.0,0.0,447.746,0.0,0.0,0.0,5.737,0,3.0,0.445,309.825,4.024900000000001,36.54,35.44645690917969,4.98,0.0,0
46806,143.245,41.377,-1.5,0.0,447.625,0.0,0.0,0.0,5.737,0,3.0,0.495,309.825,-1.3196,36.06,35.44645690917969,4.98,0.0,0
46806,143.07500000000002,41.357,-1.5,0.0,448.291,0.0,0.0,0.0,5.737,0,2.0,0.47000000000000003,309.825,-4.2229,35.550000000000004,35.44645690917969,4.98,0.0,0
46806,143.07500000000002,41.348,-1.5,0.0,447.927,0.0,0.0,0.0,5.737,0,4.0,0.45,309.825,0.39590000000000003,34.29,35.44645690917969,4.98,0.0,0
46806,143.07500000000002,41.328,-1.5,0.0,447.746,0.0,0.0,0.0,5.737,0,4.0,0.455,309.825,2.3754,33.99,35.44645690917969,4.98,0.0,0
46806,143.07500000000002,41.309000000000005,-1.5,0.0,447.988,0.0,0.0,0.0,5.737,0,3.0,0.47500000000000003,309.825,0.0,34.02,35.44645690917969,4.98,0.0,0
46806,143.07500000000002,41.289,-2.0,0.0,447.927,0.0,0.0,0.0,5.737,0,4.0,0.445,309.69,0.099,35.34,35.44645690917969,4.98,0.0,0
46806,142.904,41.279,-2.0,0.0,448.10900000000004,0.0,0.0,-0.2,5.737,0,3.0,0.49,309.825,-0.9238000000000001,36.06,35.44645690917969,4.98,0.0,0
46806,142.904,41.260000000000005,-1.5,0.0,448.10900000000004,0.0,0.0,0.0,5.737,0,3.0,0.465,309.69,-1.7485000000000002,36.57,35.44645690917969,4.98,0.0,0
46806,143.245,41.24,-1.5,0.0,448.048,0.0,0.0,0.0,5.737,0,2.0,0.47500000000000003,309.69,-1.1877,36.78,35.44645690917969,4.98,0.0,0
46806,143.07500000000002,41.230000000000004,-1.5,0.0,447.988,0.0,0.0,0.0,5.737,0,3.0,0.485,309.915,2.5733,36.57,35.44645690917969,4.98,0.0,0
46806,143.245,41.230000000000004,-1.5,0.0,447.988,0.0,0.0,0.0,5.737,0,3.0,0.465,309.915,3.2826,36.45,35.44645690917969,4.98,0.0,0
46806,143.586,41.211,-2.0,0.0,447.625,0.0,0.0,0.0,5.737,0,4.0,0.45,309.825,4.3301,36.15,35.44645690917969,4.98,0.0,0
46806,143.586,41.191,-1.5,0.0,447.746,0.0,0.0,0.0,5.737,0,2.0,0.485,309.825,0.37120000000000003,36.39,35.44645690917969,4.98,0.0,0
46806,143.586,41.182,-1.5,0.0,447.988,0.0,0.0,0.0,5.737,0,3.0,0.44,309.825,-3.0847,35.97,35.44645690917969,4.98,0.0,0
46806,143.586,41.162,-1.5,0.0,447.806,0.0,0.0,0.0,5.737,0,4.0,0.46,309.825,-0.9897,36.12,35.44645690917969,4.98,0.0,0
46806,143.416,41.143,-1.5,0.0,448.10900000000004,0.0,0.0,0.0,5.737,0,4.0,0.48,309.915,3.8765,34.59,35.44645690917969,4.98,0.0,0
46806,143.586,41.123000000000005,-1.5,0.0,448.23,0.0,0.0,0.0,5.737,0,3.0,0.455,309.915,3.6785,34.47,35.44645690917969,4.98,0.0,0
46806,143.416,41.113,-1.5,0.0,448.048,0.0,0.0,0.0,5.737,0,3.0,0.465,309.915,1.1712,34.17,35.44645690917969,4.98,0.0,0
46806,143.416,41.094,-1.5,0.0,448.169,0.0,0.0,-0.2,5.737,0,5.0,0.465,309.825,-2.2434000000000003,34.02,35.44645690917969,4.98,0.0,0
46806,143.586,41.074000000000005,-1.5,0.0,448.10900000000004,0.0,0.0,0.0,5.737,0,3.0,0.48,309.69,-3.5218000000000003,34.230000000000004,35.44645690917969,4.98,0.0,0
46806,143.586,41.064,-2.0,0.0,447.746,0.0,0.0,0.2,5.737,0,3.0,0.495,309.825,-3.6125000000000003,35.61,35.44645690917969,4.98,0.0,0
46806,143.586,41.045,-1.5,0.0,447.867,0.0,0.0,0.0,5.737,0,3.0,0.47000000000000003,309.69,2.73,36.96,35.44645690917969,4.98,0.0,0
46806,143.416,41.025,-1.0,0.0,447.867,0.0,0.0,0.0,5.737,0,4.0,0.44,309.825,1.4516,37.050000000000004,35.44645690917969,4.98,0.0,0
46806,143.416,41.016000000000005,-1.5,0.0,448.23,0.0,0.0,0.0,5.737,0,3.0,0.455,309.915,-1.2702,36.39,35.44645690917969,4.98,0.0,0
46806,143.927,40.996,-1.5,0.0,448.169,0.0,0.0,0.0,5.737,0,3.0,0.49,309.825,2.9857,36.03,35.44645690917969,4.98,0.0,0
46806,143.586,40.977000000000004,-2.0,0.0,447.685,0.0,0.0,0.0,5.737,0,4.0,0.46,309.825,-2.1774,35.97,35.44645690917969,4.98,0.0,0
46806,143.927,40.967,-2.0,0.0,447.867,0.0,0.0,0.2,5.737,0,3.0,0.47500000000000003,309.825,-3.6950000000000003,36.03,35.44645690917969,4.98,0.0,0
46806,144.268,40.947,-1.5,0.0,448.10900000000004,0.0,0.0,0.0,5.737,0,2.0,0.485,309.825,1.9795,35.79,35.44645690917969,4.98,0.0,0
46806,143.927,40.928000000000004,-1.5,0.0,447.927,0.0,0.0,-0.2,5.737,0,4.0,0.455,309.825,1.7815,35.34,35.44645690917969,4.98,0.0,0
46806,144.268,40.918,-1.5,0.0,447.746,0.0,0.0,0.0,5.737,0,3.0,0.5,309.825,0.0,34.95,35.44645690917969,4.98,0.0,0
46806,144.098,40.898,-1.5,0.0,447.685,0.0,0.0,0.0,5.737,0,3.0,0.46,309.915,1.4351,34.56,35.44645690917969,4.98,0.0,0
46806,144.098,40.879000000000005,-2.5,0.0,447.564,0.0,0.0,0.0,5.737,0,3.0,0.49,309.825,1.8475000000000001,33.63,35.44645690917969,4.98,0.0,0
46806,143.757,40.859,-1.5,0.0,447.685,0.0,0.0,0.0,5.737,0,4.0,0.465,309.825,0.6598,34.08,35.44645690917969,4.98,0.0,0
46806,144.268,40.85,-1.5,0.0,447.927,0.0,0.0,0.0,5.737,0,3.0,0.47500000000000003,309.915,-2.2434000000000003,34.68,35.44645690917969,4.98,0.0,0
46806,144.61,40.830000000000005,-1.5,0.0,448.048,0.0,0.0,-0.2,5.737,0,3.0,0.485,309.825,1.1877,35.88,35.44645690917969,4.98,0.0,0
46806,143.927,40.830000000000005,-1.5,0.0,447.927,0.0,0.0,0.0,5.737,0,4.0,0.44,309.825,0.7918000000000001,36.03,35.44645690917969,4.98,0.0,0
46806,143.927,40.811,-2.0,0.0,447.746,0.0,0.0,0.0,5.737,0,4.0,0.51,309.915,0.46190000000000003,37.59,35.44645690917969,4.98,0.0,0
46806,144.78,40.801,-1.5,0.0,448.23,0.0,0.0,0.2,5.737,0,3.0,0.47500000000000003,309.825,-1.0557,36.84,35.44645690917969,4.98,0.0,0
46806,144.098,40.781,-1.0,0.0,448.10900000000004,0.0,0.0,0.0,5.737,0,2.0,0.49,309.915,2.0455,35.22,35.44645690917969,4.98,0.0,0
46806,144.61,40.762,-2.0,0.0,447.988,0.0,0.0,0.0,5.737,0,3.0,0.48,309.825,-2.1114,34.89,35.44645690917969,4.98,0.0,0
46806,144.61,40.752,-1.5,0.0,448.23,0.0,0.0,0.0,5.737,0,4.0,0.47000000000000003,309.825,-3.1672000000000002,35.28,35.44645690917969,4.98,0.0,0
46806,144.78,40.732,-1.5,0.0,448.10900000000004,0.0,0.0,-0.2,5.737,0,2.0,0.5,309.825,-3.4311000000000003,36.24,35.44645690917969,4.98,0.0,0
46806,144.439,40.713,-1.0,0.0,447.927,0.0,0.0,0.0,5.737,0,3.0,0.49,309.915,0.9897,36.12,35.44645690917969,4.98,0.0,0
46806,144.268,40.693000000000005,-2.0,0.0,447.625,0.0,0.0,0.0,5.737,0,5.0,0.455,309.825,2.3754,35.13,35.44645690917969,4.98,0.0,0
46806,144.951,40.684000000000005,-1.5,0.0,448.10900000000004,0.0,0.0,0.0,5.737,0,3.0,0.46,309.825,1.0557,34.2,35.44645690917969,4.98,0.0,0
46806,144.951,40.664,-1.5,0.0,447.867,0.0,0.0,0.0,5.737,0,2.0,0.48,309.915,-1.9795,33.6,35.44645690917969,4.98,0.0,0
46806,144.78,40.645,-2.0,0.0,448.23,0.0,0.0,0.2,5.737,0,4.0,0.485,309.825,2.1114,33.57,35.44645690917969,4.98,0.0,0
46806,144.78,40.635000000000005,-2.0,0.0,448.169,0.0,0.0,-0.2,5.737,0,4.0,0.47000000000000003,309.825,1.4516,34.05,35.44645690917969,4.98,0.0,0
46806,144.951,40.615,-1.0,0.0,448.10900000000004,0.0,0.0,0.2,5.737,0,3.0,0.46,309.69,-5.1136,35.46,35.44645690917969,4.98,0.0,0
46806,144.951,40.596000000000004,-1.5,0.0,447.806,0.0,0.0,0.0,5.737,0,2.0,0.455,309.69,-2.2434000000000003,36.39,35.44645690917969,4.98,0.0,0
46806,144.951,40.586,-1.5,0.0,447.625,0.0,0.0,0.2,5.737,0,4.0,0.495,309.825,3.9589000000000003,36.9,35.44645690917969,4.98,0.0,0
46806,144.951,40.566,-1.5,0.0,447.927,0.0,0.0,-0.2,5.737,0,3.0,0.495,309.825,2.9032,36.15,35.44645690917969,4.98,0.0,0
46806,144.951,40.547000000000004,-1.5,0.0,447.927,0.0,0.0,0.0,5.737,0,2.0,0.47000000000000003,309.915,1.4186,35.25,35.44645690917969,4.98,0.0,0
46806,144.951,40.537,-1.5,0.0,447.867,0.0,0.0,0.0,5.737,0,3.0,0.485,309.825,0.7918000000000001,34.89,35.44645690917969,4.98,0.0,0
46806,144.951,40.518,-1.5,0.0,448.169,0.0,0.0,0.0,5.737,0,4.0,0.49,309.825,-2.1114,34.71,35.44645690917969,4.98,0.0,0
46806,145.121,40.498000000000005,-2.5,0.0,448.048,0.0,0.0,0.0,5.737,0,3.0,0.53,309.69,-4.2229,34.44,35.44645690917969,4.98,0.0,0
46806,145.633,40.488,-1.5,0.0,447.867,0.0,0.0,0.0,5.737,0,2.0,0.535,309.69,0.099,34.14,35.44645690917969,4.98,0.0,0
46806,145.292,40.469,-1.5,0.0,447.806,0.0,0.0,0.0,5.737,0,3.0,0.49,309.825,1.3196,33.78,35.44645690917969,4.98,0.0,0
46806,144.951,40.449000000000005,-1.5,0.0,448.048,0.0,0.0,0.0,5.737,0,4.0,0.49,309.825,2.2764,33.72,35.44645690917969,4.98,0.0,0
46806,145.633,40.439,-1.5,0.0,448.10900000000004,0.0,0.0,0.0,5.737,0,3.0,0.47500000000000003,309.915,3.2991,33.69,35.44645690917969,4.98,0.0,0
46806,144.951,40.42,-2.0,0.0,447.927,0.0,0.0,0.2,5.737,0,3.0,0.515,309.825,1.5836000000000001,34.29,35.44645690917969,4.98,0.0,0
46806,144.951,40.4,-1.0,0.0,447.746,0.0,0.0,0.0,5.737,0,4.0,0.52,309.825,-3.0352,35.550000000000004,35.44645690917969,4.98,0.0,0
46806,145.462,40.381,-1.5,0.0,447.988,0.0,0.0,0.0,5.737,0,3.0,0.47500000000000003,309.915,-3.1672000000000002,36.6,35.44645690917969,4.98,0.0,0
46806,144.951,40.371,-2.0,0.0,447.927,0.0,0.0,0.0,5.737,0,3.0,0.49,309.825,3.1672000000000002,36.96,35.44645690917969,4.98,0.0,0
46806,145.121,40.352000000000004,-1.0,0.0,447.927,0.0,0.0,0.0,5.737,0,3.0,0.515,309.915,-1.1217000000000001,37.050000000000004,35.44645690917969,4.98,0.0,0
46806,145.633,40.332,-2.0,0.0,447.867,0.0,0.0,0.0,5.737,0,4.0,0.485,309.825,-3.0352,36.81,35.44645690917969,4.98,0.0,0
46806,145.462,40.332,-2.0,0.0,447.867,0.0,0.0,0.0,5.737,0,4.0,0.505,309.825,-2.1609000000000003,36.75,35.44645690917969,4.98,0.0,0
46806,145.633,40.322,-2.0,0.0,447.867,0.0,0.0,0.0,5.737,0,3.0,0.49,309.825,3.8930000000000002,36.09,35.44645690917969,4.98,0.0,0
46806,145.292,40.303000000000004,-1.5,0.0,448.048,0.0,0.0,0.0,5.737,0,2.0,0.51,309.825,0.7423000000000001,35.37,35.44645690917969,4.98,0.0,0
46806,145.633,40.283,-2.0,0.0,447.927,0.0,0.0,0.2,5.737,0,3.0,0.515,309.825,-2.1774,34.62,35.44645690917969,4.98,0.0,0
46806,145.633,40.273,-2.0,0.0,447.564,0.0,0.0,0.0,5.737,0,3.0,0.49,309.69,-0.9650000000000001,34.38,35.44645690917969,4.98,0.0,0
46806,145.633,40.254000000000005,-1.5,0.0,447.746,0.0,0.0,0.0,5.737,0,2.0,0.53,309.825,1.8475000000000001,34.05,35.44645690917969,4.98,0.0,0
46806,145.633,40.234,-1.5,0.0,448.23,0.0,0.0,0.0,5.737,0,4.0,0.465,309.915,-1.3361,34.62,35.44645690917969,4.98,0.0,0
46806,145.633,40.215,-2.5,0.0,448.10900000000004,0.0,0.0,0.0,5.737,0,2.0,0.495,309.825,1.7155,34.92,35.44645690917969,4.98,0.0,0
46806,146.144,40.205000000000005,-1.5,0.0,448.291,0.0,0.0,-0.2,5.737,0,3.0,0.485,309.825,0.9238000000000001,35.97,35.44645690917969,4.98,0.0,0
46806,145.803,40.186,-2.0,0.0,448.10900000000004,0.0,0.0,0.0,5.737,0,2.0,0.49,309.825,-0.3547,36.78,35.44645690917969,4.98,0.0,0
46806,145.803,40.166000000000004,-1.0,0.0,447.867,0.0,0.0,0.0,5.737,0,3.0,0.49,309.825,1.1877,36.51,35.44645690917969,4.98,0.0,0
46806,145.633,40.156,-1.5,0.0,448.048,0.0,0.0,0.0,5.737,0,2.0,0.495,309.69,-0.6186,36.51,35.44645690917969,4.98,0.0,0
46806,145.974,40.137,-1.5,0.0,447.988,0.0,0.0,0.0,5.737,0,2.0,0.495,309.825,0.39590000000000003,36.39,35.44645690917969,4.98,0.0,0
46806,146.144,40.117000000000004,-1.5,0.0,447.927,0.0,0.0,0.0,5.737,0,3.0,0.43,309.825,-0.7093,36.51,35.44645690917969,4.98,0.0,0
46806,145.633,40.107,-2.0,0.0,448.048,0.0,0.0,0.0,5.737,0,4.0,0.47500000000000003,309.825,0.37120000000000003,36.660000000000004,35.44645690917969,4.98,0.0,0
46806,146.144,40.088,-1.5,0.0,447.806,0.0,0.0,0.0,5.737,0,3.0,0.48,309.825,0.19790000000000002,35.4,35.44645690917969,4.98,0.0,0
46806,146.144,40.088,-2.0,0.0,447.988,0.0,0.0,0.0,5.737,0,2.0,0.55,309.825,0.39590000000000003,35.28,35.44645690917969,4.98,0.0,0
46806,146.315,40.068000000000005,-1.5,0.0,447.927,0.0,0.0,0.0,5.737,0,3.0,0.47500000000000003,309.825,0.0,34.92,35.44645690917969,4.98,0.0,0
46806,145.974,40.049,-1.0,0.0,447.625,0.0,0.0,-0.2,5.737,0,3.0,0.48,309.69,-1.8475000000000001,34.83,35.44645690917969,4.98,0.0,0
46806,146.315,40.039,-2.0,0.0,447.444,0.0,0.0,0.0,5.737,0,2.0,0.48,309.825,0.7918000000000001,34.5,35.44645690917969,4.98,0.0,0
46806,146.315,40.02,-1.5,0.0,447.564,0.0,0.0,0.0,5.737,0,3.0,0.485,309.915,1.7155,34.77,35.44645690917969,4.98,0.0,0
46806,145.974,40.0,-2.0,0.0,447.685,0.0,0.0,0.0,5.737,0,3.0,0.515,309.915,3.0022,35.01,35.44645690917969,4.98,0.0,0
46806,145.974,39.99,-1.5,0.0,447.746,0.0,0.0,0.0,5.737,0,4.0,0.49,309.915,-0.132,35.94,35.44645690917969,4.98,0.0,0
46806,146.144,39.971000000000004,-1.5,0.0,447.625,0.0,0.0,0.0,5.737,0,3.0,0.55,309.825,-2.5733,36.18,35.44645690917969,4.98,0.0,0
46806,146.485,39.951,-1.0,0.0,447.927,0.0,0.0,-0.2,5.737,0,2.0,0.51,309.825,1.0557,36.36,35.44645690917969,4.98,0.0,0
46806,146.315,39.941,-2.0,0.0,448.169,0.0,0.0,0.0,5.737,0,3.0,0.52,309.825,2.9692000000000003,36.78,35.44645690917969,4.98,0.0,0
46806,146.315,39.922000000000004,-1.0,0.0,447.927,0.0,0.0,0.0,5.737,0,3.0,0.555,309.825,-1.0557,35.85,35.44645690917969,4.98,0.0,0
46806,146.315,39.902,-1.5,0.0,447.685,0.0,0.0,0.0,5.737,0,3.0,0.53,309.825,-2.3754,35.94,35.44645690917969,4.98,0.0,0
46806,146.144,39.893,-1.5,0.0,448.048,0.0,0.0,-0.2,5.737,0,2.0,0.535,309.825,0.6598,36.0,35.44645690917969,4.98,0.0,0
46806,146.315,39.873000000000005,-1.5,0.0,447.988,0.0,0.0,0.0,5.737,0,2.0,0.53,309.69,-3.0682,36.81,35.44645690917969,4.98,0.0,0
46806,146.315,39.854,-1.5,0.0,447.746,0.0,0.0,0.0,5.737,0,4.0,0.53,309.825,-2.1114,36.03,35.44645690917969,4.98,0.0,0
46806,146.485,39.844,-2.0,0.0,448.23,0.0,0.0,0.0,5.737,0,3.0,0.52,309.69,2.7383,34.95,35.44645690917969,4.98,0.0,0
46806,146.485,39.834,-1.5,0.0,448.23,0.0,0.0,0.0,5.737,0,3.0,0.52,309.69,2.3341000000000003,34.89,35.44645690917969,4.98,0.0,0
46806,146.826,39.824000000000005,-1.5,0.0,448.23,0.0,0.0,0.0,5.737,0,3.0,0.535,309.825,0.767,34.35,35.44645690917969,4.98,0.0,0
46806,146.656,39.805,-1.5,0.0,447.927,0.0,0.0,0.2,5.737,0,3.0,0.495,309.69,-2.8785000000000003,33.93,35.44645690917969,4.98,0.0,0
46806,146.826,39.785000000000004,-1.5,0.0,447.927,0.0,0.0,0.2,5.737,0,3.0,0.515,309.825,2.8785000000000003,34.410000000000004,35.44645690917969,4.98,0.0,0
46806,146.826,39.775,-1.0,0.0,447.746,0.0,0.0,0.0,5.737,0,3.0,0.495,309.915,0.6433,35.49,35.44645690917969,4.98,0.0,0
46806,146.997,39.756,-1.5,0.0,447.927,0.0,0.0,0.0,5.737,0,2.0,0.545,309.825,1.6908,36.54,35.44645690917969,4.98,0.0,0
46806,146.997,39.736000000000004,-1.5,0.0,447.867,0.0,0.0,0.0,5.737,0,3.0,0.52,309.825,2.0620000000000003,37.02,35.44645690917969,4.98,0.0,0
46806,146.997,39.727000000000004,-1.5,0.0,448.10900000000004,0.0,0.0,0.0,5.737,0,2.0,0.535,309.825,-1.3032000000000001,36.87,35.44645690917969,4.98,0.0,0
46806,146.997,39.707,-2.0,0.0,448.23,0.0,0.0,0.0,5.737,0,2.0,0.49,309.915,0.2474,36.69,35.44645690917969,4.98,0.0,0
46806,146.656,39.688,-1.5,0.0,448.10900000000004,0.0,0.0,0.0,5.737,0,3.0,0.515,309.825,2.3754,36.51,35.44645690917969,4.98,0.0,0
46806,146.826,39.678000000000004,-2.0,0.0,447.867,0.0,0.0,0.0,5.737,0,3.0,0.525,309.69,-2.4166000000000003,36.63,35.44645690917969,4.98,0.0,0
46806,146.997,39.658,-1.5,0.0,447.625,0.0,0.0,0.0,5.737,0,3.0,0.52,309.915,-2.8372,36.57,35.44645690917969,4.98,0.0,0
46806,146.997,39.639,-2.0,0.0,447.685,0.0,0.0,0.0,5.737,0,4.0,0.535,309.825,1.4021000000000001,35.37,35.44645690917969,4.98,0.0,0
46806,147.167,39.629000000000005,-2.0,0.0,447.625,0.0,0.0,0.0,5.737,0,3.0,0.53,309.69,0.9897,34.65,35.44645690917969,4.98,0.0,0
46806,146.997,39.609,-1.5,0.0,447.806,0.0,0.0,0.0,5.737,0,3.0,0.53,309.825,-3.1012,34.02,35.44645690917969,4.98,0.0,0
46806,146.997,39.59,-1.5,0.0,448.10900000000004,0.0,0.0,0.0,5.737,0,3.0,0.54,309.825,2.3094,34.26,35.44645690917969,4.98,0.0,0
46806,146.997,39.57,-2.0,0.0,447.927,0.0,0.0,0.0,5.737,0,3.0,0.52,309.915,5.8559,34.86,35.44645690917969,4.98,0.0,0
46806,146.997,39.561,-1.5,0.0,448.048,0.0,0.0,0.0,5.737,0,3.0,0.53,309.69,0.8165,35.79,35.44645690917969,4.98,0.0,0
46806,147.338,39.541000000000004,-1.5,0.0,447.806,0.0,0.0,0.0,5.737,0,3.0,0.54,309.825,-3.3486000000000002,37.47,35.44645690917969,4.98,0.0,0
46806,147.50900000000001,39.521,-1.5,0.0,447.867,0.0,0.0,0.0,5.737,0,3.0,0.52,310.005,-3.3156000000000003,38.28,35.44645690917969,4.98,0.0,0
46806,147.167,39.512,-1.5,0.0,448.048,0.0,0.0,0.0,5.737,0,2.0,0.505,309.825,3.3156000000000003,37.56,35.44645690917969,4.98,0.0,0
46806,147.338,39.492000000000004,-1.5,0.0,448.291,0.0,0.0,0.0,5.737,0,3.0,0.515,309.69,-1.5588000000000002,36.9,35.44645690917969,4.98,0.0,0
46806,147.50900000000001,39.473,-2.0,0.0,448.291,0.0,0.0,0.0,5.737,0,3.0,0.515,309.825,-4.7755,36.18,35.44645690917969,4.98,0.0,0
46806,147.338,39.463,-1.5,0.0,448.291,0.0,0.0,0.2,5.737,0,3.0,0.54,309.825,0.5279,35.85,35.44645690917969,4.98,0.0,0
46806,147.679,39.443000000000005,-1.5,0.0,448.291,0.0,0.0,0.0,5.737,0,3.0,0.51,309.915,4.7755,35.58,35.44645690917969,4.98,0.0,0
46806,147.679,39.424,-1.0,0.0,447.988,0.0,0.0,0.0,5.737,0,4.0,0.525,309.915,1.1712,35.160000000000004,35.44645690917969,4.98,0.0,0
46806,147.679,39.414,-2.0,0.0,447.746,0.0,0.0,0.0,5.737,0,3.0,0.515,309.825,0.2639,34.62,35.44645690917969,4.98,0.0,0
46806,147.50900000000001,39.395,-1.5,0.0,448.23,0.0,0.0,0.0,5.737,0,3.0,0.515,309.69,0.3052,34.14,35.44645690917969,4.98,0.0,0
46806,147.679,39.375,-1.5,0.0,448.291,0.0,0.0,0.0,5.737,0,2.0,0.51,309.825,-1.3856000000000002,34.26,35.44645690917969,4.98,0.0,0
46806,147.50900000000001,39.365,-2.0,0.0,448.169,0.0,0.0,0.0,5.737,0,3.0,0.535,309.825,0.066,35.13,35.44645690917969,4.98,0.0,0
46806,148.02,39.346000000000004,-2.0,0.0,448.351,0.0,0.0,0.0,5.737,0,4.0,0.545,309.915,2.7053000000000003,35.85,35.44645690917969,4.98,0.0,0
46806,147.50900000000001,39.346000000000004,-1.0,0.0,448.351,0.0,0.0,-0.2,5.737,0,4.0,0.55,309.915,3.563,35.94,35.44645690917969,4.98,0.0,0
46806,148.02,39.326,-1.5,0.0,448.10900000000004,0.0,0.0,0.0,5.737,0,3.0,0.555,309.825,-4.486800000000001,36.63,35.44645690917969,4.98,0.0,0
46806,148.02,39.307,-1.5,0.0,448.10900000000004,0.0,0.0,0.0,5.737,0,3.0,0.53,309.825,-0.7918000000000001,36.96,35.44645690917969,4.98,0.0,0
46806,147.679,39.297000000000004,-1.5,0.0,448.351,0.0,0.0,0.0,5.737,0,3.0,0.51,309.825,4.024900000000001,36.72,35.44645690917969,4.98,0.0,0
46806,147.85,39.277,-2.0,0.0,447.927,0.0,0.0,0.0,5.737,0,3.0,0.53,309.69,-3.0352,36.57,35.44645690917969,4.98,0.0,0
46806,148.02,39.258,-1.5,0.0,447.927,0.0,0.0,0.0,5.737,0,2.0,0.505,309.915,-1.3856000000000002,35.61,35.44645690917969,4.98,0.0,0
46806,148.361,39.248000000000005,-1.5,0.0,448.10900000000004,0.0,0.0,0.0,5.737,0,3.0,0.495,309.825,-1.3196,35.79,35.44645690917969,4.98,0.0,0
46806,148.02,39.229,-1.5,0.0,448.10900000000004,0.0,0.0,0.0,5.737,0,3.0,0.53,309.825,2.5403000000000002,35.79,35.44645690917969,4.98,0.0,0
46806,148.02,39.209,-2.0,0.0,448.47200000000004,0.0,0.0,0.0,5.737,0,3.0,0.54,309.915,4.8827,35.04,35.44645690917969,4.98,0.0,0
46806,148.191,39.199000000000005,-1.5,0.0,448.47200000000004,0.0,0.0,0.0,5.737,0,2.0,0.54,309.915,-1.1217000000000001,34.14,35.44645690917969,4.98,0.0,0
46806,148.02,39.18,-1.5,0.0,448.593,0.0,0.0,0.0,5.737,0,3.0,0.495,309.69,-2.3754,34.29,35.44645690917969,4.98,0.0,0
46806,148.361,39.160000000000004,-1.5,0.0,448.593,0.0,0.0,0.0,5.737,0,3.0,0.515,309.69,0.165,33.84,35.44645690917969,4.98,0.0,0
46806,147.85,39.141000000000005,-2.0,0.0,448.41200000000003,0.0,0.0,0.0,5.737,0,3.0,0.53,310.005,0.7918000000000001,34.38,35.44645690917969,4.98,0.0,0
46806,148.191,39.131,-2.0,0.0,448.351,0.0,0.0,0.0,5.737,0,2.0,0.545,309.825,0.6928000000000001,35.7,35.44645690917969,4.98,0.0,0
46806,148.361,39.111000000000004,-1.5,0.0,448.351,0.0,0.0,-0.2,5.737,0,3.0,0.53,309.825,-0.39590000000000003,36.72,35.44645690917969,4.98,0.0,0
46806,148.191,39.092,-1.0,0.0,448.351,0.0,0.0,0.0,5.737,0,3.0,0.505,309.825,-0.9238000000000001,36.27,35.44645690917969,4.98,0.0,0
46806,148.191,39.082,-1.5,0.0,448.291,0.0,0.0,0.0,5.737,0,2.0,0.5,309.69,-1.4516,35.97,35.44645690917969,4.98,0.0,0
46806,148.361,39.063,-1.5,0.0,448.169,0.0,0.0,0.0,5.737,0,4.0,0.505,309.69,-2.2764,35.79,35.44645690917969,4.98,0.0,0
46806,148.361,39.043,-2.0,0.0,448.291,0.0,0.0,0.0,5.737,0,3.0,0.545,309.825,1.3196,35.46,35.44645690917969,4.98,0.0,0
46806,148.361,39.033,-1.5,0.0,448.41200000000003,0.0,0.0,-0.2,5.737,0,2.0,0.525,309.825,3.8600000000000003,35.19,35.44645690917969,4.98,0.0,0
46806,148.702,39.014,-1.5,0.0,448.41200000000003,0.0,0.0,-0.2,5.737,0,4.0,0.5,309.69,0.2639,34.83,35.44645690917969,4.98,0.0,0
46806,148.702,38.994,-1.5,0.0,447.988,0.0,0.0,0.0,5.737,0,3.0,0.445,309.825,-0.7918000000000001,35.01,35.44645690917969,4.98,0.0,0
46806,148.702,38.984,-2.0,0.0,448.048,0.0,0.0,0.0,5.737,0,3.0,0.5700000000000001,309.825,-0.39590000000000003,34.5,35.44645690917969,4.98,0.0,0
46806,148.361,38.965,-1.5,0.0,448.291,0.0,0.0,-0.2,5.737,0,3.0,0.585,309.915,-0.6928000000000001,34.38,35.44645690917969,4.98,0.0,0
46806,148.361,38.945,-1.5,0.0,448.654,0.0,0.0,0.0,5.737,0,3.0,0.5700000000000001,309.825,1.1877,34.53,35.44645690917969,4.98,0.0,0
46806,148.702,38.936,-1.5,0.0,448.41200000000003,0.0,0.0,0.0,5.737,0,3.0,0.53,309.69,0.3629,34.38,35.44645690917969,4.98,0.0,0
46806,148.361,38.916000000000004,-1.5,0.0,448.169,0.0,0.0,0.0,5.737,0,3.0,0.52,309.69,-4.486800000000001,35.25,35.44645690917969,4.98,0.0,0
46806,149.38400000000001,38.896,-2.0,0.0,448.41200000000003,0.0,0.0,0.0,5.737,0,2.0,0.515,309.825,-1.5836000000000001,35.46,35.44645690917969,4.98,0.0,0
46806,148.532,38.896,-1.5,0.0,448.41200000000003,0.0,0.0,0.0,5.737,0,2.0,0.525,309.825,-1.1217000000000001,35.52,35.44645690917969,4.98,0.0,0
46806,148.873,38.877,-1.5,0.0,448.41200000000003,0.0,0.0,0.0,5.737,0,3.0,0.55,309.825,5.5838,35.82,35.44645690917969,4.98,0.0,0
46806,148.361,38.867000000000004,-2.0,0.0,448.47200000000004,0.0,0.0,0.0,5.737,0,3.0,0.54,309.825,5.0559,35.82,35.44645690917969,4.98,0.0,0
46806,148.873,38.848,-1.5,0.0,448.10900000000004,0.0,0.0,0.0,5.737,0,3.0,0.55,309.825,-1.0557,36.69,35.44645690917969,4.98,0.0,0
46806,149.043,38.828,-1.5,0.0,447.685,0.0,0.0,0.0,5.737,0,3.0,0.535,309.825,-4.0084,36.33,35.44645690917969,4.98,0.0,0
46806,149.043,38.818000000000005,-1.5,0.0,448.10900000000004,0.0,0.0,0.0,5.737,0,3.0,0.555,309.915,-2.9197,35.730000000000004,35.44645690917969,4.98,0.0,0
46806,148.702,38.799,-1.5,0.0,448.10900000000004,0.0,0.0,0.0,5.737,0,3.0,0.56,309.825,4.3548,34.65,35.44645690917969,4.98,0.0,0
46806,149.043,38.779,-2.0,0.0,447.867,0.0,0.0,0.0,5.737,0,3.0,0.515,309.69,2.3341000000000003,34.08,35.44645690917969,4.98,0.0,0
46806,149.043,38.77,-1.5,0.0,448.10900000000004,0.0,0.0,0.0,5.737,0,3.0,0.535,309.825,-6.5982,33.39,35.44645690917969,4.98,0.0,0
46806,149.555,38.75,-2.0,0.0,448.10900000000004,0.0,0.0,0.0,5.737,0,3.0,0.505,309.825,0.132,33.39,35.44645690917969,4.98,0.0,0
46806,149.214,38.730000000000004,-1.5,0.0,448.23,0.0,0.0,0.0,5.737,0,3.0,0.555,309.825,5.6745,33.63,35.44645690917969,4.98,0.0,0
46806,149.043,38.721000000000004,-1.5,0.0,448.351,0.0,0.0,0.0,5.737,0,4.0,0.545,309.915,-0.8083,35.25,35.44645690917969,4.98,0.0,0
46806,149.043,38.701,-1.5,0.0,448.714,0.0,0.0,-0.2,5.737,0,3.0,0.525,309.69,-2.4166000000000003,36.660000000000004,35.44645690917969,4.98,0.0,0
46806,149.214,38.682,-1.5,0.0,448.351,0.0,0.0,-0.2,5.737,0,3.0,0.545,309.825,-1.3856000000000002,36.660000000000004,35.44645690917969,4.98,0.0,0
46806,149.043,38.662,-2.0,0.0,448.291,0.0,0.0,0.0,5.737,0,2.0,0.53,309.69,-5.0559,36.09,35.44645690917969,4.98,0.0,0
46806,149.38400000000001,38.652,-2.0,0.0,447.746,0.0,0.0,0.0,5.737,0,3.0,0.53,309.825,2.1527000000000003,35.1,35.44645690917969,4.98,0.0,0
46806,149.725,38.633,-1.5,0.0,447.927,0.0,0.0,0.0,5.737,0,3.0,0.555,309.915,1.897,34.95,35.44645690917969,4.98,0.0,0
46806,149.555,38.613,-1.5,0.0,448.048,0.0,0.0,-0.2,5.737,0,2.0,0.52,309.825,1.1629,34.89,35.44645690917969,4.98,0.0,0
46806,149.725,38.604,-1.5,0.0,448.47200000000004,0.0,0.0,0.0,5.737,0,3.0,0.55,309.825,2.5733,33.84,35.44645690917969,4.98,0.0,0
46806,149.555,38.584,-1.5,0.0,448.10900000000004,0.0,0.0,0.0,5.737,0,4.0,0.5650000000000001,309.825,-1.3032000000000001,33.24,35.44645690917969,4.98,0.0,0
46806,150.066,38.564,-1.0,0.0,448.169,0.0,0.0,0.0,5.737,0,3.0,0.52,310.005,3.1342000000000003,33.480000000000004,35.44645690917969,4.98,0.0,0
46806,149.555,38.555,-2.0,0.0,448.10900000000004,0.0,0.0,0.0,5.737,0,2.0,0.535,309.69,0.6186,33.72,35.44645690917969,4.98,0.0,0
46806,149.725,38.535000000000004,-2.0,0.0,448.291,0.0,0.0,0.0,5.737,0,2.0,0.51,309.69,-7.6292,33.78,35.44645690917969,4.98,0.0,0
46806,149.725,38.516000000000005,-2.5,0.0,448.048,0.0,0.0,0.2,5.737,0,4.0,0.51,309.825,-0.4949,33.87,35.44645690917969,4.98,0.0,0
46806,149.89600000000002,38.506,-2.0,0.0,448.10900000000004,0.0,0.0,0.0,5.737,0,3.0,0.56,309.915,6.6642,34.2,35.44645690917969,4.98,0.0,0
46806,150.066,38.486000000000004,-2.0,0.0,447.927,0.0,0.0,0.0,5.737,0,3.0,0.52,309.915,5.8312,35.4,35.44645690917969,4.98,0.0,0
46806,149.725,38.467,-0.5,0.0,448.169,0.0,0.0,0.0,5.737,0,2.0,0.535,309.825,0.5444,36.0,35.44645690917969,4.98,0.0,0
46806,149.725,38.457,-1.5,0.0,448.41200000000003,0.0,0.0,0.0,5.737,0,3.0,0.515,309.915,-0.7918000000000001,35.61,35.44645690917969,4.98,0.0,0
46806,149.725,38.438,-2.0,0.0,448.10900000000004,0.0,0.0,-0.2,5.737,0,3.0,0.5650000000000001,309.915,-2.8207,34.77,35.44645690917969,4.98,0.0,0
46806,150.237,38.418,-2.0,0.0,448.41200000000003,0.0,0.0,-0.2,5.737,0,4.0,0.555,309.825,-1.1217000000000001,34.59,35.44645690917969,4.98,0.0,0
46806,150.066,38.408,-1.0,0.0,448.291,0.0,0.0,-0.2,5.737,0,2.0,0.56,309.825,-2.3754,35.04,35.44645690917969,4.98,0.0,0
46806,150.237,38.398,-2.5,0.0,448.23,0.0,0.0,0.0,5.737,0,4.0,0.535,309.825,-2.3754,35.1,35.44645690917969,4.98,0.0,0
46806,150.066,38.389,-2.0,0.0,448.169,0.0,0.0,0.0,5.737,0,5.0,0.55,309.825,-3.629,35.49,35.44645690917969,4.98,0.0,0
46806,150.40800000000002,38.369,-1.0,0.0,448.23,0.0,0.0,0.2,5.737,0,3.0,0.59,309.6,-2.2434000000000003,35.79,35.44645690917969,4.98,0.0,0
46806,150.066,38.35,-2.0,0.0,448.10900000000004,0.0,0.0,0.0,5.737,0,3.0,0.555,309.825,3.6950000000000003,34.95,35.44645690917969,4.98,0.0,0
46806,150.237,38.34,-1.5,0.0,447.927,0.0,0.0,0.0,5.737,0,3.0,0.54,309.825,1.9795,34.05,35.44645690917969,4.98,0.0,0
46806,150.237,38.32,-1.5,0.0,448.291,0.0,0.0,0.0,5.737,0,3.0,0.56,309.825,-0.165,33.18,35.44645690917969,4.98,0.0,0
46806,150.40800000000002,38.301,-2.0,0.0,447.927,0.0,0.0,0.0,5.737,0,3.0,0.5650000000000001,309.825,1.3196,33.42,35.44645690917969,4.98,0.0,0
46806,150.40800000000002,38.291000000000004,-1.5,0.0,447.806,0.0,0.0,0.0,5.737,0,3.0,0.515,309.915,-0.3299,33.84,35.44645690917969,4.98,0.0,0
46806,150.40800000000002,38.271,-1.5,0.0,448.23,0.0,0.0,0.0,5.737,0,3.0,0.555,309.69,-3.9589000000000003,35.19,35.44645690917969,4.98,0.0,0
46806,150.40800000000002,38.252,-1.5,0.0,448.10900000000004,0.0,0.0,0.0,5.737,0,3.0,0.56,309.915,-0.3299,36.39,35.44645690917969,4.98,0.0,0
46806,150.40800000000002,38.242000000000004,-1.5,0.0,447.746,0.0,0.0,0.0,5.737,0,3.0,0.585,309.69,-1.9795,36.69,35.44645690917969,4.98,0.0,0
46806,150.40800000000002,38.223,-1.5,0.0,447.444,0.0,0.0,0.0,5.737,0,2.0,0.52,309.825,1.4846000000000001,36.42,35.44645690917969,4.98,0.0,0
46806,150.578,38.203,-2.0,0.0,447.988,0.0,0.0,0.0,5.737,0,3.0,0.5750000000000001,309.915,1.1877,35.31,35.44645690917969,4.98,0.0,0
46806,150.578,38.184000000000005,-2.0,0.0,447.988,0.0,0.0,0.0,5.737,0,3.0,0.5700000000000001,309.69,1.5836000000000001,34.86,35.44645690917969,4.98,0.0,0
46806,150.40800000000002,38.174,-2.0,0.0,448.048,0.0,0.0,0.0,5.737,0,3.0,0.55,309.69,-5.0147,35.28,35.44645690917969,4.98,0.0,0
46806,150.919,38.154,-1.5,0.0,448.048,0.0,0.0,0.0,5.737,0,2.0,0.56,309.69,-3.0022,35.7,35.44645690917969,4.98,0.0,0
46806,150.578,38.135000000000005,-1.5,0.0,447.867,0.0,0.0,-0.2,5.737,0,4.0,0.55,309.825,2.5073000000000003,35.46,35.44645690917969,4.98,0.0,0
46806,150.578,38.125,-1.5,0.0,447.927,0.0,0.0,0.0,5.737,0,2.0,0.51,309.825,0.6928000000000001,34.59,35.44645690917969,4.98,0.0,0
46806,150.578,38.105000000000004,-1.0,0.0,448.23,0.0,0.0,0.0,5.737,0,3.0,0.55,309.915,4.6188,33.81,35.44645690917969,4.98,0.0,0
46806,150.919,38.086,-1.5,0.0,448.048,0.0,0.0,0.0,5.737,0,3.0,0.535,309.915,1.5176,33.63,35.44645690917969,4.98,0.0,0
46806,151.09,38.076,-1.0,0.0,447.867,0.0,0.0,0.0,5.737,0,4.0,0.535,309.825,-1.9795,34.14,35.44645690917969,4.98,0.0,0
46806,151.09,38.057,-1.0,0.0,447.988,0.0,0.0,-0.2,5.737,0,4.0,0.555,309.825,-0.46190000000000003,35.28,35.44645690917969,4.98,0.0,0
46806,150.749,38.037,-2.0,0.0,448.291,0.0,0.0,0.2,5.737,0,3.0,0.54,309.915,1.7155,36.78,35.44645690917969,4.98,0.0,0
46806,150.919,38.027,-2.0,0.0,448.10900000000004,0.0,0.0,0.0,5.737,0,3.0,0.555,309.825,-1.0557,37.74,35.44645690917969,4.98,0.0,0
46806,151.09,38.008,-1.5,0.0,447.746,0.0,0.0,0.0,5.737,0,3.0,0.58,309.69,-4.8827,36.06,35.44645690917969,4.98,0.0,0
46806,151.09,37.988,-2.0,0.0,447.988,0.0,0.0,0.2,5.737,0,4.0,0.59,309.825,-2.8372,34.71,35.44645690917969,4.98,0.0,0
46806,151.09,37.979,-1.5,0.0,447.988,0.0,0.0,0.0,5.737,0,4.0,0.55,309.69,0.0,35.01,35.44645690917969,4.98,0.0,0
46806,151.09,37.959,-1.5,0.0,447.927,0.0,0.0,0.0,5.737,0,2.0,0.5650000000000001,309.825,2.2764,35.22,35.44645690917969,4.98,0.0,0
46806,151.09,37.939,-1.5,0.0,447.867,0.0,0.0,0.0,5.737,0,2.0,0.56,309.915,3.0352,36.09,35.44645690917969,4.98,0.0,0
46806,151.09,37.93,-1.5,0.0,447.806,0.0,0.0,0.0,5.737,0,3.0,0.58,309.825,2.0125,36.09,35.44645690917969,4.98,0.0,0
46806,151.09,37.910000000000004,-1.5,0.0,447.988,0.0,0.0,0.0,5.737,0,2.0,0.58,309.825,-0.7918000000000001,35.19,35.44645690917969,4.98,0.0,0
46806,151.26,37.891000000000005,-1.5,0.0,447.927,0.0,0.0,-0.2,5.737,0,2.0,0.55,309.825,-4.9487000000000005,34.53,35.44645690917969,4.98,0.0,0
46806,151.431,37.871,-1.5,0.0,447.927,0.0,0.0,0.0,5.737,0,3.0,0.58,309.825,0.0,33.96,35.44645690917969,4.98,0.0,0
46806,151.26,37.861000000000004,-2.0,0.0,447.927,0.0,0.0,0.2,5.737,0,3.0,0.56,309.825,5.5425,34.05,35.44645690917969,4.98,0.0,0
46806,151.601,37.861000000000004,-1.5,0.0,447.927,0.0,0.0,0.0,5.737,0,3.0,0.56,309.825,5.806500000000001,34.08,35.44645690917969,4.98,0.0,0
46806,151.431,37.842,-1.5,0.0,448.10900000000004,0.0,0.0,0.0,5.737,0,4.0,0.56,309.915,1.8310000000000002,34.92,35.44645690917969,4.98,0.0,0
46806,151.26,37.822,-2.5,0.0,448.10900000000004,0.0,0.0,0.0,5.737,0,3.0,0.53,309.825,1.0557,36.36,35.44645690917969,4.98,0.0,0
46806,151.26,37.813,-2.0,0.0,447.867,0.0,0.0,0.2,5.737,0,3.0,0.58,309.825,-1.7155,36.78,35.44645690917969,4.98,0.0,0
46806,151.772,37.793,-1.5,0.0,447.927,0.0,0.0,0.0,5.737,0,3.0,0.54,309.825,-2.9032,36.75,35.44645690917969,4.98,0.0,0
46806,151.431,37.773,-1.5,0.0,447.746,0.0,0.0,0.0,5.737,0,4.0,0.5700000000000001,309.825,1.7155,36.09,35.44645690917969,4.98,0.0,0
46806,151.601,37.764,-1.5,0.0,447.806,0.0,0.0,0.0,5.737,0,4.0,0.555,309.915,3.2826,35.76,35.44645690917969,4.98,0.0,0
46806,151.772,37.744,-1.5,0.0,448.169,0.0,0.0,0.0,5.737,0,4.0,0.555,309.915,0.3794,35.01,35.44645690917969,4.98,0.0,0
46806,151.772,37.725,-1.5,0.0,448.169,0.0,0.0,0.0,5.737,0,2.0,0.55,309.825,0.0165,35.160000000000004,35.44645690917969,4.98,0.0,0
46806,151.772,37.705,-2.0,0.0,447.746,0.0,0.0,0.0,5.737,0,4.0,0.58,309.915,-2.9692000000000003,34.86,35.44645690917969,4.98,0.0,0
46806,151.772,37.695,-1.5,0.0,447.806,0.0,0.0,0.0,5.737,0,3.0,0.5650000000000001,309.825,-1.7815,34.77,35.44645690917969,4.98,0.0,0
46806,151.772,37.676,-2.0,0.0,447.625,0.0,0.0,0.0,5.737,0,3.0,0.56,309.825,3.4311000000000003,35.07,35.44645690917969,4.98,0.0,0
46806,152.113,37.656,-1.0,0.0,447.625,0.0,0.0,0.0,5.737,0,3.0,0.555,309.915,0.7093,34.83,35.44645690917969,4.98,0.0,0
46806,151.942,37.646,-2.0,0.0,447.685,0.0,0.0,-0.2,5.737,0,3.0,0.55,309.825,2.7053000000000003,34.71,35.44645690917969,4.98,0.0,0
46806,151.772,37.627,-1.5,0.0,447.746,0.0,0.0,0.0,5.737,0,3.0,0.59,309.825,0.165,35.550000000000004,35.44645690917969,4.98,0.0,0
46806,151.772,37.607,-1.0,0.0,447.746,0.0,0.0,0.0,5.737,0,3.0,0.61,309.825,-1.0392000000000001,36.6,35.44645690917969,4.98,0.0,0
46806,151.942,37.607,-1.5,0.0,447.746,0.0,0.0,-0.2,5.737,0,2.0,0.5750000000000001,309.825,-0.9897,36.69,35.44645690917969,4.98,0.0,0
46806,151.942,37.588,-1.0,0.0,447.685,0.0,0.0,0.0,5.737,0,3.0,0.585,309.825,-1.5836000000000001,36.69,35.44645690917969,4.98,0.0,0
46806,152.454,37.578,-1.5,0.0,447.625,0.0,0.0,0.0,5.737,0,4.0,0.58,309.825,-1.5836000000000001,36.78,35.44645690917969,4.98,0.0,0
46806,152.113,37.559000000000005,-1.5,0.0,447.988,0.0,0.0,0.0,5.737,0,2.0,0.5750000000000001,309.825,0.6598,36.18,35.44645690917969,4.98,0.0,0
46806,152.28300000000002,37.539,-1.5,0.0,448.048,0.0,0.0,0.0,5.737,0,4.0,0.555,309.825,2.3754,35.85,35.44645690917969,4.98,0.0,0
46806,152.28300000000002,37.529,-1.0,0.0,448.10900000000004,0.0,0.0,0.0,5.737,0,4.0,0.5750000000000001,309.915,1.5836000000000001,35.730000000000004,35.44645690917969,4.98,0.0,0
46806,152.28300000000002,37.510000000000005,-1.0,0.0,447.867,0.0,0.0,0.0,5.737,0,3.0,0.6,309.825,-2.6393,36.06,35.44645690917969,4.98,0.0,0
46806,152.28300000000002,37.510000000000005,-2.0,0.0,447.867,0.0,0.0,0.0,5.737,0,3.0,0.59,309.825,-2.7053000000000003,36.06,35.44645690917969,4.98,0.0,0
46806,152.454,37.49,-2.5,0.0,448.169,0.0,0.0,-0.2,5.737,0,3.0,0.5650000000000001,309.825,0.8578,36.21,35.44645690917969,4.98,0.0,0
46806,152.454,37.480000000000004,-1.5,0.0,448.10900000000004,0.0,0.0,0.0,5.737,0,3.0,0.525,309.825,3.3816,35.43,35.44645690917969,4.98,0.0,0
46806,152.454,37.461,-1.5,0.0,447.927,0.0,0.0,0.0,5.737,0,3.0,0.555,309.825,-0.132,35.37,35.44645690917969,4.98,0.0,0
46806,152.28300000000002,37.441,-1.5,0.0,448.10900000000004,0.0,0.0,-0.2,5.737,0,3.0,0.61,309.825,0.132,35.25,35.44645690917969,4.98,0.0,0
46806,152.28300000000002,37.432,-1.5,0.0,448.47200000000004,0.0,0.0,0.0,5.737,0,4.0,0.585,309.825,-1.3196,35.67,35.44645690917969,4.98,0.0,0
46806,152.454,37.412,-1.0,0.0,447.988,0.0,0.0,0.0,5.737,0,3.0,0.5650000000000001,309.825,-1.1877,35.58,35.44645690917969,4.98,0.0,0
46806,152.454,37.393,-1.5,0.0,448.10900000000004,0.0,0.0,0.2,5.737,0,3.0,0.5700000000000001,309.825,0.0,36.18,35.44645690917969,4.98,0.0,0
46806,152.624,37.373000000000005,-2.0,0.0,448.048,0.0,0.0,0.0,5.737,0,2.0,0.6,309.825,1.4516,36.24,35.44645690917969,4.98,0.0,0
46806,152.79500000000002,37.363,-1.5,0.0,447.927,0.0,0.0,0.0,5.737,0,4.0,0.5700000000000001,309.825,0.132,36.57,35.44645690917969,4.98,0.0,0
46806,152.454,37.344,-1.5,0.0,447.867,0.0,0.0,0.0,5.737,0,3.0,0.5650000000000001,309.825,0.2639,37.02,35.44645690917969,4.98,0.0,0
46806,152.79500000000002,37.324000000000005,-1.5,0.0,447.746,0.0,0.0,-0.2,5.737,0,3.0,0.5750000000000001,309.915,-0.7423000000000001,37.410000000000004,35.44645690917969,4.98,0.0,0
46806,152.965,37.314,-2.0,0.0,447.685,0.0,0.0,0.0,5.737,0,3.0,0.6,309.825,-0.9897,36.63,35.44645690917969,4.98,0.0,0
46806,152.965,37.295,-2.5,0.0,447.32300000000004,0.0,0.0,0.0,5.737,0,3.0,0.61,309.825,1.2537,35.79,35.44645690917969,4.98,0.0,0
46806,152.965,37.275,-1.5,0.0,447.564,0.0,0.0,-0.2,5.737,0,3.0,0.59,309.825,-2.73,34.86,35.44645690917969,4.98,0.0,0
46806,153.136,37.266,-2.0,0.0,447.867,0.0,0.0,0.2,5.737,0,2.0,0.56,309.69,-3.6703,34.74,35.44645690917969,4.98,0.0,0
46806,152.965,37.246,-1.5,0.0,447.625,0.0,0.0,0.0,5.737,0,3.0,0.585,309.825,0.0825,34.53,35.44645690917969,4.98,0.0,0
46806,153.136,37.227000000000004,-1.5,0.0,447.685,0.0,0.0,0.0,5.737,0,3.0,0.61,309.825,2.7713,34.92,35.44645690917969,4.98,0.0,0
46806,153.136,37.217,-1.5,0.0,447.867,0.0,0.0,0.0,5.737,0,3.0,0.585,309.825,2.5733,35.910000000000004,35.44645690917969,4.98,0.0,0
46806,153.136,37.207,-2.0,0.0,448.048,0.0,0.0,0.0,5.737,0,4.0,0.5650000000000001,309.825,2.7713,36.0,35.44645690917969,4.98,0.0,0
46806,153.136,37.197,-1.5,0.0,447.685,0.0,0.0,0.0,5.737,0,3.0,0.585,309.825,0.0,35.97,35.44645690917969,4.98,0.0,0
46806,152.965,37.178000000000004,-2.0,0.0,447.867,0.0,0.0,0.0,5.737,0,3.0,0.58,309.825,-1.9795,36.72,35.44645690917969,4.98,0.0,0
46806,153.136,37.158,-1.0,0.0,448.048,0.0,0.0,0.0,5.737,0,3.0,0.5750000000000001,309.825,0.0,36.93,35.44645690917969,4.98,0.0,0
46806,153.136,37.148,-1.5,0.0,447.927,0.0,0.0,0.0,5.737,0,3.0,0.585,309.69,-0.7918000000000001,36.6,35.44645690917969,4.98,0.0,0
46806,153.477,37.129000000000005,-2.5,0.0,447.867,0.0,0.0,0.0,5.737,0,3.0,0.595,309.825,-0.7918000000000001,36.12,35.44645690917969,4.98,0.0,0
46806,153.648,37.109,-1.5,0.0,447.806,0.0,0.0,-0.2,5.737,0,3.0,0.585,309.825,-0.7918000000000001,36.81,35.44645690917969,4.98,0.0,0
46806,153.648,37.1,-2.0,0.0,447.927,0.0,0.0,0.0,5.737,0,3.0,0.5650000000000001,309.825,1.4846000000000001,36.27,35.44645690917969,4.98,0.0,0
46806,153.136,37.08,-1.5,0.0,447.927,0.0,0.0,0.0,5.737,0,4.0,0.555,309.825,1.9795,35.82,35.44645690917969,4.98,0.0,0
46806,153.136,37.061,-2.5,0.0,448.169,0.0,0.0,0.0,5.737,0,4.0,0.5750000000000001,309.915,2.5733,34.02,35.44645690917969,4.98,0.0,0
46806,153.477,37.051,-1.0,0.0,448.23,0.0,0.0,-0.2,5.737,0,3.0,0.6,309.915,0.9238000000000001,33.09,35.44645690917969,4.98,0.0,0
46806,153.818,37.031,-1.5,0.0,447.685,0.0,0.0,0.0,5.737,0,4.0,0.585,309.69,-0.9567,33.18,35.44645690917969,4.98,0.0,0
46806,153.477,37.012,-1.5,0.0,448.169,0.0,0.0,0.0,5.737,0,3.0,0.585,309.825,-0.2639,33.9,35.44645690917969,4.98,0.0,0
46806,153.818,37.002,-2.0,0.0,447.806,0.0,0.0,0.0,5.737,0,3.0,0.6,309.825,-3.629,36.42,35.44645690917969,4.98,0.0,0
46806,153.477,36.982,-1.5,0.0,447.625,0.0,0.0,0.0,5.737,0,3.0,0.58,309.69,-1.7155,37.5,35.44645690917969,4.98,0.0,0
46806,153.648,36.963,-2.0,0.0,447.685,0.0,0.0,0.0,5.737,0,2.0,0.58,309.825,-3.1672000000000002,37.65,35.44645690917969,4.98,0.0,0
46806,153.818,36.943000000000005,-1.5,0.0,448.10900000000004,0.0,0.0,0.0,5.737,0,2.0,0.5750000000000001,309.69,-1.5836000000000001,37.2,35.44645690917969,4.98,0.0,0
46806,153.818,36.934000000000005,-2.0,0.0,447.806,0.0,0.0,0.0,5.737,0,3.0,0.585,309.69,3.1672000000000002,36.12,35.44645690917969,4.98,0.0,0
46806,153.818,36.914,-1.5,0.0,447.746,0.0,0.0,0.2,5.737,0,3.0,0.615,310.005,3.6950000000000003,36.06,35.44645690917969,4.98,0.0,0
46806,153.818,36.895,-1.5,0.0,447.867,0.0,0.0,0.0,5.737,0,3.0,0.605,309.915,2.7383,36.09,35.44645690917969,4.98,0.0,0
46806,153.818,36.885000000000005,-1.5,0.0,448.10900000000004,0.0,0.0,0.0,5.737,0,3.0,0.59,309.825,2.3754,36.06,35.44645690917969,4.98,0.0,0
46806,153.818,36.865,-1.5,0.0,448.10900000000004,0.0,0.0,0.0,5.737,0,3.0,0.6,309.825,-1.7155,35.07,35.44645690917969,4.98,0.0,0
46806,153.818,36.846000000000004,-1.5,0.0,448.10900000000004,0.0,0.0,0.0,5.737,0,3.0,0.5700000000000001,309.825,-1.4516,34.71,35.44645690917969,4.98,0.0,0
46806,153.989,36.836,-2.0,0.0,447.806,0.0,0.0,0.0,5.737,0,2.0,0.5700000000000001,309.69,0.8908,34.2,35.44645690917969,4.98,0.0,0
46806,154.159,36.816,-2.0,0.0,447.746,0.0,0.0,0.0,5.737,0,3.0,0.5700000000000001,309.825,0.7918000000000001,35.1,35.44645690917969,4.98,0.0,0
46806,154.33,36.797000000000004,-2.0,0.0,448.048,0.0,0.0,0.0,5.737,0,2.0,0.595,309.825,-0.2639,35.07,35.44645690917969,4.98,0.0,0
46806,154.33,36.787,-1.5,0.0,448.048,0.0,0.0,0.0,5.737,0,2.0,0.5750000000000001,309.825,1.0557,35.64,35.44645690917969,4.98,0.0,0
46806,154.5,36.768,-1.5,0.0,447.988,0.0,0.0,0.0,5.737,0,3.0,0.58,309.825,2.6393,37.17,35.44645690917969,4.98,0.0,0
46806,154.5,36.748000000000005,-2.0,0.0,448.10900000000004,0.0,0.0,-0.2,5.737,0,4.0,0.605,309.825,-0.2639,36.84,35.44645690917969,4.98,0.0,0
46806,154.33,36.738,-1.5,0.0,448.048,0.0,0.0,-0.2,5.737,0,3.0,0.62,309.915,-0.5938,36.660000000000004,35.44645690917969,4.98,0.0,0
46806,154.5,36.719,-1.5,0.0,448.23,0.0,0.0,0.0,5.737,0,3.0,0.585,309.915,0.6598,35.85,35.44645690917969,4.98,0.0,0
46806,154.33,36.699000000000005,-2.0,0.0,448.23,0.0,0.0,0.2,5.737,0,3.0,0.655,309.915,3.629,35.97,35.44645690917969,4.98,0.0,0
46806,154.5,36.689,-1.0,0.0,448.291,0.0,0.0,0.0,5.737,0,3.0,0.625,309.825,0.132,36.03,35.44645690917969,4.98,0.0,0
46806,154.5,36.67,-1.0,0.0,448.23,0.0,0.0,0.0,5.737,0,3.0,0.595,309.915,-4.7507,35.61,35.44645690917969,4.98,0.0,0
46806,154.841,36.67,-2.0,0.0,448.23,0.0,0.0,0.0,5.737,0,3.0,0.61,309.915,-4.024900000000001,35.550000000000004,35.44645690917969,4.98,0.0,0
46806,154.841,36.65,-2.0,0.0,448.291,0.0,0.0,0.0,5.737,0,3.0,0.62,309.915,2.0455,35.25,35.44645690917969,4.98,0.0,0
46806,154.5,36.631,-1.0,0.0,448.351,0.0,0.0,0.0,5.737,0,4.0,0.6,309.825,1.0557,35.1,35.44645690917969,4.98,0.0,0
46806,154.841,36.621,-1.5,0.0,448.47200000000004,0.0,0.0,0.0,5.737,0,3.0,0.58,309.69,-3.7198,34.56,35.44645690917969,4.98,0.0,0
46806,154.5,36.602000000000004,-1.0,0.0,448.10900000000004,0.0,0.0,0.0,5.737,0,3.0,0.61,309.825,-1.8310000000000002,33.93,35.44645690917969,4.98,0.0,0
46806,154.671,36.582,-1.5,0.0,448.169,0.0,0.0,-0.2,5.737,0,3.0,0.59,309.825,2.3094,33.96,35.44645690917969,4.98,0.0,0
46806,154.671,36.572,-1.5,0.0,448.048,0.0,0.0,0.0,5.737,0,3.0,0.605,309.825,2.9692000000000003,35.31,35.44645690917969,4.98,0.0,0
46806,154.841,36.553000000000004,-1.5,0.0,448.10900000000004,0.0,0.0,-0.2,5.737,0,2.0,0.6,309.825,0.7918000000000001,35.61,35.44645690917969,4.98,0.0,0
46806,155.012,36.533,-2.0,0.0,447.927,0.0,0.0,0.2,5.737,0,3.0,0.58,309.915,2.7713,36.24,35.44645690917969,4.98,0.0,0
46806,155.18200000000002,36.514,-1.5,0.0,448.048,0.0,0.0,0.0,5.737,0,2.0,0.59,309.825,-0.132,36.21,35.44645690917969,4.98,0.0,0
46806,155.18200000000002,36.504000000000005,-1.5,0.0,447.988,0.0,0.0,0.0,5.737,0,3.0,0.595,309.825,-2.3589,36.06,35.44645690917969,4.98,0.0,0
46806,155.18200000000002,36.484,-1.5,0.0,448.351,0.0,0.0,0.0,5.737,0,4.0,0.585,309.825,-1.4351,35.7,35.44645690917969,4.98,0.0,0
46806,155.18200000000002,36.465,-1.0,0.0,448.23,0.0,0.0,0.0,5.737,0,2.0,0.59,309.825,0.0,35.67,35.44645690917969,4.98,0.0,0
46806,155.18200000000002,36.455,-1.5,0.0,447.988,0.0,0.0,0.2,5.737,0,2.0,0.62,309.915,3.4146,35.13,35.44645690917969,4.98,0.0,0
46806,155.18200000000002,36.436,-1.0,0.0,448.10900000000004,0.0,0.0,0.0,5.737,0,3.0,0.56,309.825,1.1877,34.92,35.44645690917969,4.98,0.0,0
46806,155.18200000000002,36.416000000000004,-1.5,0.0,448.10900000000004,0.0,0.0,0.0,5.737,0,4.0,0.625,309.825,-2.7713,34.83,35.44645690917969,4.98,0.0,0
46806,155.523,36.406,-1.0,0.0,448.10900000000004,0.0,0.0,0.0,5.737,0,3.0,0.585,309.825,-4.4043,34.68,35.44645690917969,4.98,0.0,0
46806,155.353,36.387,-2.0,0.0,448.10900000000004,0.0,0.0,0.0,5.737,0,4.0,0.6,309.825,-0.2639,33.78,35.44645690917969,4.98,0.0,0
46806,155.353,36.367000000000004,-1.5,0.0,447.988,0.0,0.0,0.0,5.737,0,3.0,0.56,309.69,1.6743000000000001,33.9,35.44645690917969,4.98,0.0,0
46806,155.69400000000002,36.357,-1.5,0.0,448.048,0.0,0.0,0.0,5.737,0,3.0,0.59,309.825,0.39590000000000003,34.92,35.44645690917969,4.98,0.0,0
46806,155.353,36.338,-2.0,0.0,448.23,0.0,0.0,0.0,5.737,0,3.0,0.6,309.69,-2.862,35.64,35.44645690917969,4.98,0.0,0
46806,155.69400000000002,36.318000000000005,-2.0,0.0,448.169,0.0,0.0,0.0,5.737,0,2.0,0.605,309.825,2.8785000000000003,36.63,35.44645690917969,4.98,0.0,0
46806,155.523,36.309000000000005,-2.0,0.0,448.10900000000004,0.0,0.0,0.0,5.737,0,3.0,0.5650000000000001,309.69,0.6846,36.480000000000004,35.44645690917969,4.98,0.0,0
46806,155.69400000000002,36.289,-1.5,0.0,448.169,0.0,0.0,0.0,5.737,0,3.0,0.535,309.825,0.37120000000000003,36.03,35.44645690917969,4.98,0.0,0
46806,155.865,36.27,-1.5,0.0,448.23,0.0,0.0,-0.2,5.737,0,2.0,0.5750000000000001,309.825,-0.7093,35.46,35.44645690917969,4.98,0.0,0
46806,155.865,36.260000000000005,-1.0,0.0,448.41200000000003,0.0,0.0,0.0,5.737,0,3.0,0.66,309.825,3.8682000000000003,34.62,35.44645690917969,4.98,0.0,0
46806,155.865,36.24,-1.5,0.0,448.291,0.0,0.0,0.0,5.737,0,4.0,0.62,309.825,0.39590000000000003,34.26,35.44645690917969,4.98,0.0,0
46806,155.69400000000002,36.221000000000004,-1.5,0.0,448.291,0.0,0.0,0.2,5.737,0,4.0,0.665,309.825,-0.9238000000000001,34.59,35.44645690917969,4.98,0.0,0
46806,155.69400000000002,36.221000000000004,-2.0,0.0,448.291,0.0,0.0,-0.2,5.737,0,3.0,0.595,309.825,-1.0557,34.62,35.44645690917969,4.98,0.0,0
46806,155.865,36.201,-1.5,0.0,448.351,0.0,0.0,0.0,5.737,0,3.0,0.625,309.825,1.3196,34.77,35.44645690917969,4.98,0.0,0
46806,155.865,36.191,-1.5,0.0,447.927,0.0,0.0,0.0,5.737,0,2.0,0.615,309.825,-3.9589000000000003,34.56,35.44645690917969,4.98,0.0,0
46806,155.865,36.172000000000004,-2.0,0.0,448.048,0.0,0.0,0.0,5.737,0,4.0,0.61,309.915,-1.4516,34.47,35.44645690917969,4.98,0.0,0
46806,156.035,36.152,-1.5,0.0,448.23,0.0,0.0,0.2,5.737,0,4.0,0.615,309.825,6.0704,35.01,35.44645690917969,4.98,0.0,0
46806,155.865,36.143,-2.0,0.0,448.47200000000004,0.0,0.0,-0.2,5.737,0,3.0,0.61,309.825,1.4516,35.49,35.44645690917969,4.98,0.0,0
46806,156.035,36.123000000000005,-1.5,0.0,448.47200000000004,0.0,0.0,0.0,5.737,0,3.0,0.605,309.825,-4.4208,36.42,35.44645690917969,4.98,0.0,0
46806,155.865,36.104,-1.5,0.0,448.351,0.0,0.0,0.2,5.737,0,4.0,0.595,309.825,-2.3754,37.08,35.44645690917969,4.98,0.0,0
46806,156.035,36.094,-2.0,0.0,448.169,0.0,0.0,0.0,5.737,0,4.0,0.62,309.915,2.5733,36.54,35.44645690917969,4.98,0.0,0
46806,156.547,36.074000000000005,-1.5,0.0,447.746,0.0,0.0,0.0,5.737,0,3.0,0.605,309.825,2.7713,36.39,35.44645690917969,4.98,0.0,0
46806,156.20600000000002,36.055,-1.5,0.0,447.927,0.0,0.0,0.0,5.737,0,4.0,0.6,309.825,0.5279,36.0,35.44645690917969,4.98,0.0,0
46806,156.547,36.035000000000004,-1.5,0.0,448.291,0.0,0.0,0.0,5.737,0,3.0,0.605,309.915,-0.2639,35.49,35.44645690917969,4.98,0.0,0
46806,156.376,36.025,-2.0,0.0,448.10900000000004,0.0,0.0,0.0,5.737,0,3.0,0.6,309.825,-2.6393,35.64,35.44645690917969,4.98,0.0,0
46806,156.888,36.006,-2.0,0.0,447.988,0.0,0.0,-0.2,5.737,0,3.0,0.63,309.825,0.9238000000000001,34.86,35.44645690917969,4.98,0.0,0
46806,156.547,35.986000000000004,-1.0,0.0,448.351,0.0,0.0,0.0,5.737,0,3.0,0.63,309.915,0.0,34.38,35.44645690917969,4.98,0.0,0
46806,156.547,35.977000000000004,-2.0,0.0,448.41200000000003,0.0,0.0,0.0,5.737,0,3.0,0.605,309.915,2.2434000000000003,34.47,35.44645690917969,4.98,0.0,0
46806,156.547,35.977000000000004,-2.0,0.0,448.351,0.0,0.0,0.0,5.737,0,3.0,0.61,309.825,1.9135000000000002,34.5,35.44645690917969,4.98,0.0,0
46806,156.547,35.957,-1.5,0.0,448.351,0.0,0.0,0.0,5.737,0,3.0,0.625,309.915,0.6433,35.13,35.44645690917969,4.98,0.0,0
46806,156.547,35.938,-1.5,0.0,448.048,0.0,0.0,0.0,5.737,0,2.0,0.625,309.69,-4.1157,36.06,35.44645690917969,4.98,0.0,0
46806,156.547,35.928000000000004,-2.0,0.0,448.10900000000004,0.0,0.0,-0.2,5.737,0,3.0,0.585,309.69,-2.928,36.06,35.44645690917969,4.98,0.0,0
46806,156.547,35.908,-1.5,0.0,448.47200000000004,0.0,0.0,0.0,5.737,0,4.0,0.66,309.825,-4.4043,36.51,35.44645690917969,4.98,0.0,0
46806,156.888,35.889,-2.0,0.0,448.83500000000004,0.0,0.0,0.0,5.737,0,3.0,0.62,309.825,4.4208,37.02,35.44645690917969,4.98,0.0,0
46806,156.888,35.869,-1.0,0.0,448.41200000000003,0.0,0.0,0.0,5.737,0,3.0,0.62,309.915,2.4001,36.39,35.44645690917969,4.98,0.0,0
46806,156.888,35.859,-2.0,0.0,448.533,0.0,0.0,0.0,5.737,0,3.0,0.6,309.825,2.1527000000000003,36.54,35.44645690917969,4.98,0.0,0
46806,156.547,35.84,-1.5,0.0,448.593,0.0,0.0,0.0,5.737,0,3.0,0.61,309.69,2.862,36.54,35.44645690917969,4.98,0.0,0
46806,156.888,35.82,-2.0,0.0,448.654,0.0,0.0,0.0,5.737,0,4.0,0.625,309.915,-2.4578,36.18,35.44645690917969,4.98,0.0,0
46806,157.229,35.811,-1.5,0.0,448.291,0.0,0.0,0.0,5.737,0,4.0,0.61,309.825,2.0455,34.5,35.44645690917969,4.98,0.0,0
46806,156.717,35.791000000000004,-2.5,0.0,448.048,0.0,0.0,0.2,5.737,0,3.0,0.62,309.915,3.2331000000000003,34.2,35.44645690917969,4.98,0.0,0
46806,157.399,35.771,-1.5,0.0,447.927,0.0,0.0,0.2,5.737,0,3.0,0.615,309.825,-4.2724,33.9,35.44645690917969,4.98,0.0,0
46806,157.058,35.762,-1.5,0.0,448.169,0.0,0.0,0.0,5.737,0,3.0,0.61,309.825,-0.3134,34.32,35.44645690917969,4.98,0.0,0
46806,157.399,35.742000000000004,-2.0,0.0,447.927,0.0,0.0,0.0,5.737,0,3.0,0.6,309.825,2.9857,35.25,35.44645690917969,4.98,0.0,0
46806,157.229,35.723,-2.0,0.0,448.351,0.0,0.0,0.0,5.737,0,4.0,0.62,309.69,-2.3094,36.27,35.44645690917969,4.98,0.0,0
46806,157.911,35.713,-2.0,0.0,448.351,0.0,0.0,-0.2,5.737,0,3.0,0.6,309.825,-3.3651,36.78,35.44645690917969,4.98,0.0,0
46806,157.911,35.693000000000005,-1.5,0.0,448.291,0.0,0.0,0.0,5.737,0,3.0,0.59,309.825,0.47840000000000005,36.81,35.44645690917969,4.98,0.0,0
46806,157.229,35.674,-2.0,0.0,447.988,0.0,0.0,0.0,5.737,0,3.0,0.63,309.825,2.1527000000000003,36.93,35.44645690917969,4.98,0.0,0
46806,157.57,35.664,-2.0,0.0,448.291,0.0,0.0,0.0,5.737,0,3.0,0.605,309.915,-0.7423000000000001,35.97,35.44645690917969,4.98,0.0,0
46806,157.911,35.645,-1.0,0.0,448.47200000000004,0.0,0.0,0.0,5.737,0,4.0,0.6,309.915,-0.8083,35.49,35.44645690917969,4.98,0.0,0
46806,157.911,35.625,-1.5,0.0,448.291,0.0,0.0,0.0,5.737,0,3.0,0.595,309.69,1.5423,35.19,35.44645690917969,4.98,0.0,0
46806,158.08100000000002,35.605000000000004,-2.0,0.0,448.714,0.0,0.0,0.0,5.737,0,4.0,0.625,309.825,1.2042000000000002,35.31,35.44645690917969,4.98,0.0,0
46806,158.422,35.596000000000004,-1.5,0.0,448.714,0.0,0.0,0.0,5.737,0,5.0,0.58,309.69,-2.2187,35.94,35.44645690917969,4.98,0.0,0
46806,157.911,35.576,-1.0,0.0,448.593,0.0,0.0,0.0,5.737,0,3.0,0.62,309.69,-0.39590000000000003,35.61,35.44645690917969,4.98,0.0,0
46806,158.252,35.576,-1.5,0.0,448.593,0.0,0.0,0.0,5.737,0,4.0,0.615,309.69,-1.8475000000000001,35.49,35.44645690917969,4.98,0.0,0
46806,158.252,35.557,-2.0,0.0,448.23,0.0,0.0,0.2,5.737,0,4.0,0.645,309.825,-3.2991,34.56,35.44645690917969,4.98,0.0,0
46806,158.08100000000002,35.547000000000004,-1.5,0.0,448.23,0.0,0.0,0.0,5.737,0,3.0,0.655,309.825,3.3321,34.11,35.44645690917969,4.98,0.0,0
46806,157.911,35.527,-1.0,0.0,448.41200000000003,0.0,0.0,0.0,5.737,0,2.0,0.625,309.825,4.486800000000001,34.47,35.44645690917969,4.98,0.0,0
46806,158.593,35.508,-1.5,0.0,448.47200000000004,0.0,0.0,0.0,5.737,0,3.0,0.635,309.69,-3.0682,35.58,35.44645690917969,4.98,0.0,0
46806,158.252,35.498000000000005,-1.5,0.0,448.41200000000003,0.0,0.0,0.0,5.737,0,3.0,0.62,309.825,-1.1877,36.6,35.44645690917969,4.98,0.0,0
46806,158.252,35.479,-1.5,0.0,448.10900000000004,0.0,0.0,0.0,5.737,0,3.0,0.675,309.825,2.3754,37.53,35.44645690917969,4.98,0.0,0
46806,158.422,35.459,-2.0,0.0,448.23,0.0,0.0,0.0,5.737,0,3.0,0.64,309.825,1.0557,36.72,35.44645690917969,4.98,0.0,0
46806,158.593,35.439,-1.0,0.0,448.291,0.0,0.0,-0.2,5.737,0,3.0,0.63,309.69,-4.9157,36.87,35.44645690917969,4.98,0.0,0
46806,158.422,35.43,-2.0,0.0,448.41200000000003,0.0,0.0,0.0,5.737,0,3.0,0.615,309.825,0.39590000000000003,36.300000000000004,35.44645690917969,4.98,0.0,0
46806,158.593,35.410000000000004,-2.0,0.0,448.291,0.0,0.0,0.0,5.737,0,3.0,0.645,309.825,2.3754,36.0,35.44645690917969,4.98,0.0,0
46806,158.593,35.391,-1.5,0.0,448.048,0.0,0.0,0.0,5.737,0,3.0,0.635,309.825,3.4311000000000003,35.79,35.44645690917969,4.98,0.0,0
46806,158.593,35.381,-1.5,0.0,448.47200000000004,0.0,0.0,0.0,5.737,0,2.0,0.605,309.915,3.8930000000000002,35.88,35.44645690917969,4.98,0.0,0
46806,158.593,35.361000000000004,-1.0,0.0,448.351,0.0,0.0,0.0,5.737,0,2.0,0.625,309.915,2.9032,35.58,35.44645690917969,4.98,0.0,0
46806,158.593,35.342,-2.0,0.0,448.47200000000004,0.0,0.0,0.0,5.737,0,4.0,0.595,309.825,-1.0557,34.68,35.44645690917969,4.98,0.0,0
46806,158.593,35.332,-1.5,0.0,448.654,0.0,0.0,0.0,5.737,0,3.0,0.63,309.825,-2.6393,34.05,35.44645690917969,4.98,0.0,0
46806,158.593,35.332,-2.0,0.0,448.654,0.0,0.0,0.0,5.737,0,3.0,0.645,309.915,-1.8475000000000001,33.99,35.44645690917969,4.98,0.0,0
46806,158.934,35.313,-1.5,0.0,448.41200000000003,0.0,0.0,0.0,5.737,0,3.0,0.63,309.825,0.41240000000000004,34.14,35.44645690917969,4.98,0.0,0
46806,159.275,35.293,-2.0,0.0,448.10900000000004,0.0,0.0,0.0,5.737,0,4.0,0.635,309.915,0.1155,35.13,35.44645690917969,4.98,0.0,0
46806,158.934,35.273,-1.5,0.0,448.47200000000004,0.0,0.0,0.0,5.737,0,3.0,0.605,309.825,0.6598,37.29,35.44645690917969,4.98,0.0,0
46806,158.934,35.264,-1.5,0.0,447.988,0.0,0.0,0.0,5.737,0,3.0,0.645,309.915,1.963,38.07,35.44645690917969,4.98,0.0,0
46806,159.105,35.244,-1.5,0.0,447.988,0.0,0.0,0.0,5.737,0,3.0,0.625,309.825,-1.5836000000000001,37.53,35.44645690917969,4.98,0.0,0
46806,159.105,35.225,-2.0,0.0,448.654,0.0,0.0,0.0,5.737,0,4.0,0.645,309.915,0.3794,36.51,35.44645690917969,4.98,0.0,0
46806,159.275,35.215,-1.5,0.0,448.593,0.0,0.0,0.0,5.737,0,4.0,0.635,309.825,-1.4351,35.22,35.44645690917969,4.98,0.0,0
46806,159.275,35.195,-1.5,0.0,448.47200000000004,0.0,0.0,-0.2,5.737,0,3.0,0.635,309.825,-0.132,35.04,35.44645690917969,4.98,0.0,0
46806,159.275,35.176,-2.0,0.0,448.351,0.0,0.0,0.0,5.737,0,3.0,0.65,309.825,-1.3196,35.25,35.44645690917969,4.98,0.0,0
46806,159.275,35.166000000000004,-1.5,0.0,448.291,0.0,0.0,0.0,5.737,0,4.0,0.61,309.825,0.7918000000000001,35.58,35.44645690917969,4.98,0.0,0
46806,159.787,35.146,-1.5,0.0,448.23,0.0,0.0,0.0,5.737,0,3.0,0.62,309.915,2.7713,35.25,35.44645690917969,4.98,0.0,0
46806,159.446,35.127,-1.0,0.0,448.593,0.0,0.0,-0.2,5.737,0,3.0,0.645,309.825,-0.132,34.65,35.44645690917969,4.98,0.0,0
46806,159.275,35.117000000000004,-1.5,0.0,448.47200000000004,0.0,0.0,0.2,5.737,0,4.0,0.63,309.825,-0.9073,34.11,35.44645690917969,4.98,0.0,0
46806,159.616,35.098,-1.5,0.0,448.23,0.0,0.0,0.0,5.737,0,3.0,0.65,309.915,0.9238000000000001,33.87,35.44645690917969,4.98,0.0,0
46806,159.275,35.078,-2.5,0.0,448.533,0.0,0.0,0.0,5.737,0,3.0,0.65,309.69,-2.0207,35.13,35.44645690917969,4.98,0.0,0
46806,159.957,35.068000000000005,-2.0,0.0,448.41200000000003,0.0,0.0,-0.2,5.737,0,2.0,0.62,309.825,-2.3094,36.6,35.44645690917969,4.98,0.0,0
46806,159.616,35.049,-1.5,0.0,448.593,0.0,0.0,0.0,5.737,0,3.0,0.605,309.825,-3.4146,37.26,35.44645690917969,4.98,0.0,0
46806,159.787,35.029,-2.0,0.0,448.291,0.0,0.0,0.0,5.737,0,4.0,0.63,309.69,1.1877,36.93,35.44645690917969,4.98,0.0,0
46806,159.787,35.029,-1.5,0.0,448.291,0.0,0.0,0.0,5.737,0,4.0,0.64,309.69,0.0,36.99,35.44645690917969,4.98,0.0,0
46806,159.957,35.010000000000005,-2.0,0.0,448.10900000000004,0.0,0.0,0.0,5.737,0,4.0,0.615,309.825,0.7918000000000001,36.75,35.44645690917969,4.98,0.0,0
46806,159.957,35.0,-2.0,0.0,448.10900000000004,0.0,0.0,0.0,5.737,0,4.0,0.635,309.825,2.3754,36.03,35.44645690917969,4.98,0.0,0
46806,159.616,34.980000000000004,-1.0,0.0,448.654,0.0,0.0,0.0,5.737,0,4.0,0.63,309.69,1.5836000000000001,35.07,35.44645690917969,4.98,0.0,0
46806,159.957,34.961,-2.0,0.0,448.654,0.0,0.0,0.0,5.737,0,3.0,0.585,309.825,-1.8475000000000001,34.17,35.44645690917969,4.98,0.0,0
46806,159.957,34.951,-1.5,0.0,448.533,0.0,0.0,0.0,5.737,0,3.0,0.63,309.825,-2.1114,34.56,35.44645690917969,4.98,0.0,0
46806,159.957,34.932,-1.5,0.0,447.806,0.0,0.0,0.2,5.737,0,4.0,0.63,309.825,1.4846000000000001,34.5,35.44645690917969,4.98,0.0,0
46806,159.957,34.912,-1.5,0.0,447.988,0.0,0.0,0.0,5.737,0,3.0,0.64,309.69,-0.7918000000000001,34.74,35.44645690917969,4.98,0.0,0
46806,160.298,34.902,-1.0,0.0,447.988,0.0,0.0,-0.2,5.737,0,3.0,0.65,309.825,0.7918000000000001,33.63,35.44645690917969,4.98,0.0,0
46806,159.957,34.883,-2.0,0.0,448.10900000000004,0.0,0.0,0.0,5.737,0,3.0,0.665,309.825,1.4516,33.93,35.44645690917969,4.98,0.0,0
46806,159.957,34.863,-1.5,0.0,448.169,0.0,0.0,0.0,5.737,0,3.0,0.64,309.825,2.0125,35.25,35.44645690917969,4.98,0.0,0
46806,160.469,34.854,-1.5,0.0,448.23,0.0,0.0,0.0,5.737,0,3.0,0.6,309.825,0.2639,36.15,35.44645690917969,4.98,0.0,0
46806,160.298,34.834,-1.5,0.0,448.41200000000003,0.0,0.0,-0.2,5.737,0,3.0,0.65,309.915,0.9897,36.75,35.44645690917969,4.98,0.0,0
46806,160.639,34.814,-1.5,0.0,448.169,0.0,0.0,0.0,5.737,0,3.0,0.595,309.915,2.3754,36.78,35.44645690917969,4.98,0.0,0
46806,160.639,34.795,-2.0,0.0,447.988,0.0,0.0,0.0,5.737,0,4.0,0.65,309.825,0.0,36.42,35.44645690917969,4.98,0.0,0
46806,160.469,34.785000000000004,-1.5,0.0,448.23,0.0,0.0,0.0,5.737,0,4.0,0.59,309.825,-1.0557,35.52,35.44645690917969,4.98,0.0,0
46806,160.469,34.766,-1.5,0.0,448.593,0.0,0.0,0.0,5.737,0,4.0,0.64,309.825,-0.9897,35.13,35.44645690917969,4.98,0.0,0
46806,160.639,34.746,-2.5,0.0,448.291,0.0,0.0,-0.2,5.737,0,3.0,0.6,309.69,-4.3548,34.74,35.44645690917969,4.98,0.0,0
46806,160.639,34.736000000000004,-1.5,0.0,448.291,0.0,0.0,0.0,5.737,0,3.0,0.66,309.825,-0.7918000000000001,34.83,35.44645690917969,4.98,0.0,0
46806,160.639,34.717,-1.5,0.0,447.746,0.0,0.0,0.0,5.737,0,4.0,0.635,309.825,2.7713,34.44,35.44645690917969,4.98,0.0,0
46806,160.469,34.697,-1.5,0.0,447.746,0.0,0.0,0.0,5.737,0,3.0,0.65,309.915,0.099,34.77,35.44645690917969,4.98,0.0,0
46806,160.639,34.688,-1.5,0.0,447.867,0.0,0.0,0.0,5.737,0,4.0,0.655,309.915,-1.3196,34.77,35.44645690917969,4.98,0.0,0
46806,160.98,34.668,-2.0,0.0,447.927,0.0,0.0,0.0,5.737,0,4.0,0.62,309.825,1.5836000000000001,34.08,35.44645690917969,4.98,0.0,0
46806,161.151,34.648,-2.0,0.0,447.867,0.0,0.0,0.0,5.737,0,3.0,0.63,309.915,1.4516,34.77,35.44645690917969,4.98,0.0,0
46806,161.151,34.639,-1.5,0.0,447.988,0.0,0.0,0.0,5.737,0,3.0,0.62,309.915,-1.8475000000000001,35.25,35.44645690917969,4.98,0.0,0
46806,160.639,34.619,-2.0,0.0,448.291,0.0,0.0,0.2,5.737,0,4.0,0.64,309.825,-2.6393,35.76,35.44645690917969,4.98,0.0,0
46806,161.151,34.6,-1.5,0.0,448.351,0.0,0.0,0.0,5.737,0,4.0,0.65,309.915,0.5279,35.64,35.44645690917969,4.98,0.0,0
46806,161.151,34.59,-2.0,0.0,448.10900000000004,0.0,0.0,0.0,5.737,0,4.0,0.65,309.915,3.8270000000000004,36.12,35.44645690917969,4.98,0.0,0
46806,160.98,34.58,-1.5,0.0,448.10900000000004,0.0,0.0,0.0,5.737,0,3.0,0.635,309.825,3.9095,36.09,35.44645690917969,4.98,0.0,0
46806,161.151,34.57,-1.0,0.0,448.291,0.0,0.0,0.0,5.737,0,4.0,0.635,309.825,-4.2889,36.39,35.44645690917969,4.98,0.0,0
46806,161.321,34.551,-2.0,0.0,448.291,0.0,0.0,0.0,5.737,0,3.0,0.65,309.825,-5.3941,35.88,35.44645690917969,4.98,0.0,0
46806,161.321,34.531,-1.5,0.0,448.41200000000003,0.0,0.0,0.0,5.737,0,4.0,0.655,309.825,1.996,34.980000000000004,35.44645690917969,4.98,0.0,0
46806,161.151,34.521,-2.0,0.0,448.47200000000004,0.0,0.0,0.0,5.737,0,3.0,0.65,309.825,0.066,34.29,35.44645690917969,4.98,0.0,0
46806,161.151,34.502,-1.5,0.0,448.351,0.0,0.0,0.0,5.737,0,3.0,0.64,309.915,-1.1629,33.480000000000004,35.44645690917969,4.98,0.0,0
46806,161.321,34.482,-1.5,0.0,448.169,0.0,0.0,-0.2,5.737,0,4.0,0.625,309.915,2.6888,33.39,35.44645690917969,4.98,0.0,0
46806,161.321,34.473,-1.5,0.0,448.10900000000004,0.0,0.0,0.0,5.737,0,4.0,0.62,309.915,5.3281,33.81,35.44645690917969,4.98,0.0,0
46806,161.321,34.453,-2.0,0.0,447.927,0.0,0.0,0.2,5.737,0,4.0,0.66,309.825,-0.2474,34.2,35.44645690917969,4.98,0.0,0
46806,161.663,34.434000000000005,-1.5,0.0,448.23,0.0,0.0,0.0,5.737,0,3.0,0.63,309.915,-2.2434000000000003,34.65,35.44645690917969,4.98,0.0,0
46806,161.321,34.424,-1.0,0.0,447.927,0.0,0.0,0.0,5.737,0,3.0,0.63,309.825,0.0165,35.37,35.44645690917969,4.98,0.0,0
46806,161.833,34.404,-1.0,0.0,447.867,0.0,0.0,0.0,5.737,0,3.0,0.635,309.825,-0.7753,35.37,35.44645690917969,4.98,0.0,0
46806,161.663,34.385000000000005,-2.0,0.0,447.988,0.0,0.0,0.0,5.737,0,3.0,0.65,309.825,-2.3589,35.25,35.44645690917969,4.98,0.0,0
46806,162.004,34.365,-2.5,0.0,448.10900000000004,0.0,0.0,0.0,5.737,0,4.0,0.635,309.825,-0.5114000000000001,35.13,35.44645690917969,4.98,0.0,0
46806,162.004,34.355000000000004,-1.5,0.0,448.10900000000004,0.0,0.0,0.0,5.737,0,4.0,0.665,309.825,2.9032,34.95,35.44645690917969,4.98,0.0,0
46806,162.004,34.336,-1.5,0.0,447.927,0.0,0.0,0.0,5.737,0,4.0,0.64,309.825,0.2639,35.43,35.44645690917969,4.98,0.0,0
46806,162.004,34.316,-1.5,0.0,447.806,0.0,0.0,0.0,5.737,0,3.0,0.655,309.825,-3.761,35.22,35.44645690917969,4.98,0.0,0
46806,161.833,34.307,-2.0,0.0,448.048,0.0,0.0,0.0,5.737,0,3.0,0.65,309.825,-1.2372,34.11,35.44645690917969,4.98,0.0,0
46806,162.345,34.287,-1.5,0.0,448.048,0.0,0.0,0.0,5.737,0,4.0,0.625,309.825,-0.066,32.97,35.44645690917969,4.98,0.0,0
46806,162.004,34.287,-2.0,0.0,448.048,0.0,0.0,0.0,5.737,0,4.0,0.62,309.825,0.0,32.82,35.44645690917969,4.98,0.0,0
46806,161.833,34.268,-1.5,0.0,447.867,0.0,0.0,0.0,5.737,0,3.0,0.66,309.825,1.3196,32.25,35.44645690917969,4.98,0.0,0
46806,162.004,34.248000000000005,-1.5,0.0,447.746,0.0,0.0,0.0,5.737,0,3.0,0.64,309.915,-0.5938,33.0,35.44645690917969,4.98,0.0,0
46806,162.004,34.238,-1.5,0.0,447.867,0.0,0.0,-0.2,5.737,0,3.0,0.635,310.005,3.563,34.44,35.44645690917969,4.98,0.0,0
46806,162.174,34.219,-1.5,0.0,447.746,0.0,0.0,0.0,5.737,0,4.0,0.655,309.825,1.5836000000000001,35.28,35.44645690917969,4.98,0.0,0
46806,162.345,34.199000000000005,-2.5,0.0,448.23,0.0,0.0,0.0,5.737,0,4.0,0.645,309.69,-6.8622000000000005,35.730000000000004,35.44645690917969,4.98,0.0,0
46806,162.686,34.189,-1.5,0.0,448.23,0.0,0.0,0.2,5.737,0,2.0,0.655,309.825,-1.1877,36.06,35.44645690917969,4.98,0.0,0
46806,162.174,34.17,-1.5,0.0,447.927,0.0,0.0,0.0,5.737,0,3.0,0.635,309.825,4.0909,35.550000000000004,35.44645690917969,4.98,0.0,0
46806,162.51500000000001,34.15,-1.0,0.0,448.23,0.0,0.0,0.0,5.737,0,3.0,0.645,309.915,-0.165,34.59,35.44645690917969,4.98,0.0,0
46806,162.51500000000001,34.141,-2.0,0.0,447.867,0.0,0.0,0.0,5.737,0,4.0,0.665,309.915,0.39590000000000003,34.77,35.44645690917969,4.98,0.0,0
46806,162.686,34.121,-2.0,0.0,447.746,0.0,0.0,0.0,5.737,0,3.0,0.64,309.915,3.3651,34.56,35.44645690917969,4.98,0.0,0
46806,162.686,34.102000000000004,-1.5,0.0,447.806,0.0,0.0,0.0,5.737,0,3.0,0.615,309.915,0.0,35.46,35.44645690917969,4.98,0.0,0
46806,162.686,34.092,-2.0,0.0,447.927,0.0,0.0,0.2,5.737,0,3.0,0.63,309.825,0.066,35.910000000000004,35.44645690917969,4.98,0.0,0
46806,162.686,34.072,-1.0,0.0,448.048,0.0,0.0,-0.2,5.737,0,3.0,0.63,310.005,0.7918000000000001,35.58,35.44645690917969,4.98,0.0,0
46806,162.51500000000001,34.053000000000004,-1.5,0.0,448.048,0.0,0.0,0.0,5.737,0,3.0,0.665,309.825,-1.5176,34.83,35.44645690917969,4.98,0.0,0
46806,163.197,34.043,-1.5,0.0,448.291,0.0,0.0,0.0,5.737,0,4.0,0.625,309.825,-1.5836000000000001,33.54,35.44645690917969,4.98,0.0,0
46806,162.856,34.023,-2.0,0.0,448.169,0.0,0.0,-0.2,5.737,0,3.0,0.635,309.915,-0.9897,33.21,35.44645690917969,4.98,0.0,0
46806,163.02700000000002,34.004000000000005,-1.5,0.0,447.867,0.0,0.0,0.0,5.737,0,3.0,0.645,309.69,-0.6598,34.77,35.44645690917969,4.98,0.0,0
46806,163.197,33.994,-1.0,0.0,447.988,0.0,0.0,0.0,5.737,0,3.0,0.645,309.825,0.7918000000000001,35.64,35.44645690917969,4.98,0.0,0
46806,163.368,33.984,-1.5,0.0,447.988,0.0,0.0,-0.2,5.737,0,3.0,0.625,309.825,0.46190000000000003,35.76,35.44645690917969,4.98,0.0,0
46806,162.856,33.975,-2.0,0.0,448.291,0.0,0.0,0.0,5.737,0,3.0,0.675,309.825,-0.6433,36.06,35.44645690917969,4.98,0.0,0
46806,163.02700000000002,33.955,-1.5,0.0,448.23,0.0,0.0,0.0,5.737,0,3.0,0.65,309.825,-0.2227,36.15,35.44645690917969,4.98,0.0,0
46806,163.368,33.936,-2.0,0.0,448.10900000000004,0.0,0.0,-0.2,5.737,0,4.0,0.635,309.915,-0.8083,35.67,35.44645690917969,4.98,0.0,0
46806,163.197,33.926,-1.5,0.0,447.988,0.0,0.0,0.0,5.737,0,3.0,0.66,309.825,0.3629,35.04,35.44645690917969,4.98,0.0,0
46806,163.368,33.906,-1.5,0.0,447.988,0.0,0.0,-0.2,5.737,0,3.0,0.665,309.69,2.3341000000000003,34.95,35.44645690917969,4.98,0.0,0
46806,163.368,33.887,-1.0,0.0,447.927,0.0,0.0,0.0,5.737,0,4.0,0.63,309.825,-2.9692000000000003,35.1,35.44645690917969,4.98,0.0,0
46806,163.368,33.877,-2.0,0.0,447.927,0.0,0.0,0.2,5.737,0,3.0,0.6950000000000001,309.825,-0.7258,35.31,35.44645690917969,4.98,0.0,0
46806,163.538,33.857,-1.5,0.0,448.10900000000004,0.0,0.0,0.0,5.737,0,4.0,0.655,309.825,-0.7918000000000001,35.22,35.44645690917969,4.98,0.0,0
46806,163.709,33.838,-1.5,0.0,447.927,0.0,0.0,0.0,5.737,0,3.0,0.615,309.825,-0.19790000000000002,35.160000000000004,35.44645690917969,4.98,0.0,0
46806,163.709,33.828,-2.0,0.0,448.048,0.0,0.0,0.0,5.737,0,3.0,0.625,309.825,1.7815,34.59,35.44645690917969,4.98,0.0,0
46806,163.709,33.809000000000005,-1.0,0.0,448.10900000000004,0.0,0.0,0.0,5.737,0,4.0,0.67,309.825,-1.7815,33.96,35.44645690917969,4.98,0.0,0
46806,164.05,33.789,-2.0,0.0,448.291,0.0,0.0,0.0,5.737,0,4.0,0.66,309.915,-0.5444,34.62,35.44645690917969,4.98,0.0,0
46806,163.709,33.77,-1.5,0.0,448.169,0.0,0.0,0.0,5.737,0,4.0,0.64,309.825,5.5425,35.19,35.44645690917969,4.98,0.0,0
46806,163.709,33.760000000000005,-1.5,0.0,447.988,0.0,0.0,0.0,5.737,0,3.0,0.6950000000000001,309.69,-2.9445,36.54,35.44645690917969,4.98,0.0,0
46806,164.05,33.74,-2.0,0.0,448.169,0.0,0.0,0.2,5.737,0,4.0,0.665,309.915,-7.456,35.76,35.44645690917969,4.98,0.0,0
46806,163.879,33.721000000000004,-1.5,0.0,448.10900000000004,0.0,0.0,0.0,5.737,0,3.0,0.63,309.825,4.9652,35.85,35.44645690917969,4.98,0.0,0
46806,163.879,33.711,-1.5,0.0,448.23,0.0,0.0,0.0,5.737,0,3.0,0.65,309.915,7.2168,35.82,35.44645690917969,4.98,0.0,0
46806,164.22,33.691,-2.0,0.0,447.806,0.0,0.0,-0.2,5.737,0,3.0,0.64,309.915,-2.8537000000000003,35.64,35.44645690917969,4.98,0.0,0
46806,163.879,33.672000000000004,-1.0,0.0,448.10900000000004,0.0,0.0,0.2,5.737,0,3.0,0.625,309.915,-2.6558,35.94,35.44645690917969,4.98,0.0,0
46806,163.879,33.662,-1.0,0.0,448.23,0.0,0.0,0.0,5.737,0,4.0,0.59,309.69,-3.8022,35.46,35.44645690917969,4.98,0.0,0
46806,164.05,33.643,-2.0,0.0,447.927,0.0,0.0,0.2,5.737,0,3.0,0.7000000000000001,309.915,2.5733,35.43,35.44645690917969,4.98,0.0,0
46806,164.391,33.623000000000005,-1.0,0.0,447.927,0.0,0.0,0.2,5.737,0,3.0,0.665,309.825,0.066,34.86,35.44645690917969,4.98,0.0,0
46806,164.22,33.613,-1.5,0.0,448.048,0.0,0.0,0.0,5.737,0,4.0,0.685,309.825,0.37120000000000003,34.11,35.44645690917969,4.98,0.0,0
46806,164.391,33.594,-1.5,0.0,448.351,0.0,0.0,-0.2,5.737,0,4.0,0.645,309.69,-2.73,33.69,35.44645690917969,4.98,0.0,0
46806,164.391,33.574,-1.5,0.0,447.746,0.0,0.0,0.0,5.737,0,3.0,0.66,309.69,-3.2084,34.65,35.44645690917969,4.98,0.0,0
46806,164.391,33.564,-2.0,0.0,447.685,0.0,0.0,-0.2,5.737,0,3.0,0.665,309.69,-4.726,36.18,35.44645690917969,4.98,0.0,0
46806,164.562,33.545,-1.5,0.0,447.927,0.0,0.0,0.0,5.737,0,3.0,0.645,309.915,3.2579000000000002,37.050000000000004,35.44645690917969,4.98,0.0,0
46806,164.732,33.525,-1.5,0.0,447.927,0.0,0.0,0.0,5.737,0,4.0,0.675,309.915,7.5715,36.6,35.44645690917969,4.98,0.0,0
46806,164.732,33.516,-2.0,0.0,447.927,0.0,0.0,0.0,5.737,0,3.0,0.66,309.825,0.9650000000000001,35.37,35.44645690917969,4.98,0.0,0
46806,164.732,33.496,-1.5,0.0,447.746,0.0,0.0,0.0,5.737,0,2.0,0.665,309.69,-4.5280000000000005,35.58,35.44645690917969,4.98,0.0,0
46806,164.732,33.496,-1.5,0.0,447.806,0.0,0.0,0.2,5.737,0,3.0,0.67,309.69,-5.4106000000000005,35.550000000000004,35.44645690917969,4.98,0.0,0
46806,164.732,33.477000000000004,-2.0,0.0,448.048,0.0,0.0,0.0,5.737,0,4.0,0.64,309.915,0.2639,35.910000000000004,35.44645690917969,4.98,0.0,0
46806,164.732,33.457,-1.5,0.0,448.048,0.0,0.0,0.0,5.737,0,3.0,0.675,309.915,3.563,35.07,35.44645690917969,4.98,0.0,0
46806,164.562,33.447,-1.5,0.0,448.048,0.0,0.0,0.2,5.737,0,3.0,0.66,310.005,1.8805,34.92,35.44645690917969,4.98,0.0,0
46806,164.903,33.428000000000004,-1.5,0.0,447.685,0.0,0.0,0.0,5.737,0,5.0,0.63,309.915,0.7918000000000001,35.07,35.44645690917969,4.98,0.0,0
46806,164.732,33.408,-2.0,0.0,447.383,0.0,0.0,0.0,5.737,0,3.0,0.655,309.915,2.1114,35.13,35.44645690917969,4.98,0.0,0
46806,165.244,33.398,-2.0,0.0,447.988,0.0,0.0,0.0,5.737,0,4.0,0.64,309.69,-6.4663,34.89,35.44645690917969,4.98,0.0,0
46806,165.244,33.379000000000005,-1.5,0.0,447.927,0.0,0.0,0.0,5.737,0,3.0,0.655,309.825,-3.8930000000000002,35.19,35.44645690917969,4.98,0.0,0
46806,165.073,33.359,-1.5,0.0,448.41200000000003,0.0,0.0,0.0,5.737,0,4.0,0.63,309.69,-2.3754,35.25,35.44645690917969,4.98,0.0,0
46806,165.41400000000002,33.35,-2.0,0.0,448.714,0.0,0.0,0.0,5.737,0,3.0,0.655,309.825,-0.8908,35.79,35.44645690917969,4.98,0.0,0
46806,165.073,33.33,-1.5,0.0,448.47200000000004,0.0,0.0,0.0,5.737,0,2.0,0.67,309.915,4.3548,35.82,35.44645690917969,4.98,0.0,0
46806,165.41400000000002,33.311,-2.0,0.0,448.351,0.0,0.0,0.0,5.737,0,3.0,0.63,309.69,-1.0557,36.57,35.44645690917969,4.98,0.0,0
46806,165.244,33.301,-1.0,0.0,448.23,0.0,0.0,0.0,5.737,0,4.0,0.65,309.915,-1.0557,36.78,35.44645690917969,4.98,0.0,0
46806,165.41400000000002,33.281,-1.5,0.0,448.41200000000003,0.0,0.0,-0.2,5.737,0,3.0,0.65,309.825,4.2889,37.38,35.44645690917969,4.98,0.0,0
46806,165.41400000000002,33.262,-1.0,0.0,448.10900000000004,0.0,0.0,0.0,5.737,0,3.0,0.63,309.825,0.9238000000000001,36.87,35.44645690917969,4.98,0.0,0
46806,165.41400000000002,33.242000000000004,-1.5,0.0,448.10900000000004,0.0,0.0,0.0,5.737,0,3.0,0.655,309.915,-2.6393,36.15,35.44645690917969,4.98,0.0,0
46806,165.41400000000002,33.232,-1.5,0.0,448.10900000000004,0.0,0.0,0.0,5.737,0,3.0,0.655,309.915,3.0352,35.1,35.44645690917969,4.98,0.0,0
46806,165.92600000000002,33.213,-2.0,0.0,447.806,0.0,0.0,0.2,5.737,0,3.0,0.655,309.825,3.9589000000000003,34.92,35.44645690917969,4.98,0.0,0
46806,165.41400000000002,33.193000000000005,-1.5,0.0,448.169,0.0,0.0,0.0,5.737,0,3.0,0.665,309.915,-0.5279,34.2,35.44645690917969,4.98,0.0,0
46806,165.755,33.184000000000005,-2.5,0.0,448.10900000000004,0.0,0.0,0.0,5.737,0,5.0,0.65,309.825,0.066,33.9,35.44645690917969,4.98,0.0,0
46806,165.92600000000002,33.164,-2.0,0.0,447.867,0.0,0.0,0.0,5.737,0,3.0,0.66,309.915,1.3196,34.95,35.44645690917969,4.98,0.0,0
46806,165.755,33.145,-2.0,0.0,448.048,0.0,0.0,0.0,5.737,0,3.0,0.655,309.825,-0.46190000000000003,36.36,35.44645690917969,4.98,0.0,0
46806,166.096,33.135000000000005,-2.0,0.0,448.10900000000004,0.0,0.0,0.0,5.737,0,3.0,0.605,309.825,-1.0557,37.14,35.44645690917969,4.98,0.0,0
46806,165.92600000000002,33.115,-1.5,0.0,447.867,0.0,0.0,0.0,5.737,0,4.0,0.655,309.915,-1.5836000000000001,37.26,35.44645690917969,4.98,0.0,0
46806,165.755,33.096000000000004,-2.0,0.0,447.564,0.0,0.0,0.0,5.737,0,3.0,0.64,309.69,-1.9795,36.42,35.44645690917969,4.98,0.0,0
46806,166.096,33.096000000000004,-1.5,0.0,447.564,0.0,0.0,0.0,5.737,0,4.0,0.645,309.825,-1.9135000000000002,36.24,35.44645690917969,4.98,0.0,0
46806,166.096,33.076,-1.5,0.0,447.746,0.0,0.0,0.0,5.737,0,3.0,0.63,309.915,1.6331,35.85,35.44645690917969,4.98,0.0,0
46806,165.92600000000002,33.066,-2.0,0.0,447.806,0.0,0.0,0.0,5.737,0,4.0,0.635,309.915,2.9692000000000003,36.480000000000004,35.44645690917969,4.98,0.0,0
46806,166.096,33.047000000000004,-2.0,0.0,447.746,0.0,0.0,0.0,5.737,0,4.0,0.66,309.825,-1.9382000000000001,36.81,35.44645690917969,4.98,0.0,0
46806,166.267,33.027,-2.0,0.0,447.988,0.0,0.0,0.0,5.737,0,3.0,0.655,309.825,-4.3383,36.45,35.44645690917969,4.98,0.0,0
46806,166.096,33.018,-1.5,0.0,447.746,0.0,0.0,0.2,5.737,0,4.0,0.625,309.825,-1.1712,35.52,35.44645690917969,4.98,0.0,0
46806,166.778,32.998000000000005,-1.5,0.0,447.988,0.0,0.0,0.0,5.737,0,3.0,0.65,309.915,-0.9402,34.77,35.44645690917969,4.98,0.0,0
46806,166.096,32.979,-1.5,0.0,447.988,0.0,0.0,0.0,5.737,0,3.0,0.63,309.69,0.2639,34.11,35.44645690917969,4.98,0.0,0
46806,166.778,32.969,-1.5,0.0,447.927,0.0,0.0,0.2,5.737,0,4.0,0.67,309.825,-1.3196,34.11,35.44645690917969,4.98,0.0,0
46806,166.778,32.949,-1.0,0.0,447.927,0.0,0.0,0.0,5.737,0,5.0,0.655,309.69,-5.476500000000001,35.19,35.44645690917969,4.98,0.0,0
46806,166.608,32.93,-2.5,0.0,448.351,0.0,0.0,0.0,5.737,0,3.0,0.6900000000000001,309.825,2.6805000000000003,36.0,35.44645690917969,4.98,0.0,0
46806,166.267,32.92,-2.0,0.0,448.47200000000004,0.0,0.0,0.2,5.737,0,3.0,0.66,309.825,4.6188,36.12,35.44645690917969,4.98,0.0,0
46806,166.608,32.9,-1.5,0.0,448.048,0.0,0.0,0.0,5.737,0,3.0,0.62,309.69,0.5938,36.480000000000004,35.44645690917969,4.98,0.0,0
46806,166.778,32.881,-1.5,0.0,447.927,0.0,0.0,-0.2,5.737,0,3.0,0.68,309.825,-5.2621,36.87,35.44645690917969,4.98,0.0,0
46806,166.778,32.871,-1.5,0.0,448.169,0.0,0.0,0.0,5.737,0,4.0,0.65,309.69,-0.37120000000000003,37.14,35.44645690917969,4.98,0.0,0
46806,166.949,32.852000000000004,-1.5,0.0,448.10900000000004,0.0,0.0,0.0,5.737,0,3.0,0.675,309.915,4.4043,36.69,35.44645690917969,4.98,0.0,0
46806,166.778,32.852000000000004,-1.5,0.0,447.927,0.0,0.0,0.0,5.737,0,3.0,0.71,309.915,5.4106000000000005,36.81,35.44645690917969,4.98,0.0,0
46806,167.461,32.832,-1.5,0.0,448.10900000000004,0.0,0.0,0.0,5.737,0,3.0,0.655,309.825,1.3196,36.21,35.44645690917969,4.98,0.0,0
46806,166.949,32.813,-1.5,0.0,447.927,0.0,0.0,0.0,5.737,0,4.0,0.665,309.915,4.486800000000001,35.49,35.44645690917969,4.98,0.0,0
46806,167.461,32.803000000000004,-1.5,0.0,447.927,0.0,0.0,0.0,5.737,0,4.0,0.665,309.69,-1.9465000000000001,34.980000000000004,35.44645690917969,4.98,0.0,0
46806,167.29,32.783,-1.5,0.0,447.988,0.0,0.0,0.0,5.737,0,3.0,0.705,309.825,-2.6393,33.72,35.44645690917969,4.98,0.0,0
46806,167.119,32.764,-2.0,0.0,447.867,0.0,0.0,0.0,5.737,0,3.0,0.68,309.915,0.7918000000000001,33.72,35.44645690917969,4.98,0.0,0
46806,167.461,32.754000000000005,-1.0,0.0,447.988,0.0,0.0,0.0,5.737,0,4.0,0.66,309.825,3.563,33.9,35.44645690917969,4.98,0.0,0
46806,167.461,32.734,-2.0,0.0,448.291,0.0,0.0,-0.2,5.737,0,3.0,0.67,309.915,-1.1217000000000001,35.160000000000004,35.44645690917969,4.98,0.0,0
46806,167.461,32.715,-1.5,0.0,448.23,0.0,0.0,0.0,5.737,0,3.0,0.605,309.825,0.6598,36.75,35.44645690917969,4.98,0.0,0
46806,167.461,32.695,-2.0,0.0,448.291,0.0,0.0,0.0,5.737,0,4.0,0.68,309.915,4.4208,38.04,35.44645690917969,4.98,0.0,0
46806,167.461,32.686,-2.0,0.0,448.351,0.0,0.0,-0.2,5.737,0,4.0,0.67,309.825,-2.1114,37.59,35.44645690917969,4.98,0.0,0
46806,167.461,32.666000000000004,-1.5,0.0,448.10900000000004,0.0,0.0,0.2,5.737,0,3.0,0.72,309.69,-3.0682,37.02,35.44645690917969,4.98,0.0,0
46806,167.461,32.646,-1.5,0.0,448.048,0.0,0.0,0.0,5.737,0,3.0,0.59,309.825,-3.0352,36.300000000000004,35.44645690917969,4.98,0.0,0
46806,167.972,32.637,-1.5,0.0,447.867,0.0,0.0,0.0,5.737,0,4.0,0.67,309.69,0.3629,36.18,35.44645690917969,4.98,0.0,0
46806,167.461,32.617000000000004,-1.5,0.0,448.291,0.0,0.0,0.0,5.737,0,4.0,0.67,309.825,1.3196,36.09,35.44645690917969,4.98,0.0,0
46806,167.631,32.598,-2.0,0.0,448.291,0.0,0.0,0.0,5.737,0,4.0,0.66,309.825,-2.3754,36.03,35.44645690917969,4.98,0.0,0
46806,167.802,32.588,-2.0,0.0,447.867,0.0,0.0,-0.2,5.737,0,4.0,0.65,309.825,3.1672000000000002,35.13,35.44645690917969,4.98,0.0,0
46806,167.802,32.568000000000005,-1.5,0.0,448.291,0.0,0.0,0.0,5.737,0,3.0,0.685,309.825,1.0557,34.47,35.44645690917969,4.98,0.0,0
46806,167.461,32.549,-1.5,0.0,448.291,0.0,0.0,0.0,5.737,0,3.0,0.655,310.005,1.0557,33.51,35.44645690917969,4.98,0.0,0
46806,168.143,32.539,-1.5,0.0,448.048,0.0,0.0,-0.2,5.737,0,4.0,0.725,309.915,2.0455,33.45,35.44645690917969,4.98,0.0,0
46806,167.972,32.52,-1.5,0.0,447.746,0.0,0.0,0.2,5.737,0,3.0,0.64,309.825,1.1877,34.62,35.44645690917969,4.98,0.0,0
46806,167.972,32.5,-1.5,0.0,447.806,0.0,0.0,-0.2,5.737,0,4.0,0.725,309.915,-1.5176,36.54,35.44645690917969,4.98,0.0,0
46806,168.31300000000002,32.49,-1.5,0.0,448.10900000000004,0.0,0.0,0.2,5.737,0,3.0,0.65,309.825,0.2639,37.35,35.44645690917969,4.98,0.0,0
46806,168.143,32.471000000000004,-1.5,0.0,448.10900000000004,0.0,0.0,0.0,5.737,0,3.0,0.67,309.69,-0.9567,37.68,35.44645690917969,4.98,0.0,0
46806,168.31300000000002,32.451,-1.5,0.0,448.291,0.0,0.0,0.0,5.737,0,3.0,0.675,309.915,-1.4516,36.75,35.44645690917969,4.98,0.0,0
46806,168.143,32.441,-2.0,0.0,448.23,0.0,0.0,0.0,5.737,0,4.0,0.655,309.825,-1.8475000000000001,36.6,35.44645690917969,4.98,0.0,0
46806,168.143,32.422000000000004,-1.5,0.0,447.625,0.0,0.0,0.0,5.737,0,3.0,0.665,309.69,-1.7155,36.0,35.44645690917969,4.98,0.0,0
46806,168.484,32.402,-1.5,0.0,447.444,0.0,0.0,0.2,5.737,0,3.0,0.665,309.915,0.0,36.0,35.44645690917969,4.98,0.0,0
46806,168.143,32.393,-1.0,0.0,448.048,0.0,0.0,0.0,5.737,0,4.0,0.6900000000000001,309.825,2.3754,34.44,35.44645690917969,4.98,0.0,0
46806,168.654,32.373000000000005,-2.0,0.0,448.169,0.0,0.0,0.0,5.737,0,3.0,0.68,309.915,4.3218000000000005,34.2,35.44645690917969,4.98,0.0,0
46806,168.654,32.354,-1.0,0.0,447.927,0.0,0.0,0.0,5.737,0,3.0,0.67,309.825,-1.0557,34.5,35.44645690917969,4.98,0.0,0
46806,168.484,32.354,-2.0,0.0,447.927,0.0,0.0,-0.2,5.737,0,3.0,0.675,309.915,-0.2639,34.53,35.44645690917969,4.98,0.0,0
46806,168.654,32.334,-1.5,0.0,447.746,0.0,0.0,-0.2,5.737,0,4.0,0.675,309.825,0.2639,33.96,35.44645690917969,4.98,0.0,0
46806,168.82500000000002,32.324,-2.0,0.0,448.10900000000004,0.0,0.0,0.0,5.737,0,3.0,0.665,309.825,-1.8310000000000002,34.05,35.44645690917969,4.98,0.0,0
46806,168.82500000000002,32.305,-1.5,0.0,448.23,0.0,0.0,0.0,5.737,0,4.0,0.67,309.69,-2.4166000000000003,34.89,35.44645690917969,4.98,0.0,0
46806,168.82500000000002,32.285000000000004,-2.0,0.0,447.746,0.0,0.0,0.0,5.737,0,4.0,0.66,309.915,-0.34640000000000004,35.61,35.44645690917969,4.98,0.0,0
46806,168.995,32.275,-1.5,0.0,447.625,0.0,0.0,0.2,5.737,0,4.0,0.645,309.915,-0.0165,35.97,35.44645690917969,4.98,0.0,0
46806,169.166,32.256,-1.0,0.0,447.867,0.0,0.0,0.0,5.737,0,3.0,0.68,309.825,3.4063000000000003,36.21,35.44645690917969,4.98,0.0,0
46806,168.995,32.236000000000004,-2.0,0.0,448.10900000000004,0.0,0.0,0.0,5.737,0,3.0,0.67,309.825,-0.7258,36.09,35.44645690917969,4.98,0.0,0
46806,168.995,32.217,-2.0,0.0,447.927,0.0,0.0,0.0,5.737,0,3.0,0.635,309.825,-4.2724,35.76,35.44645690917969,4.98,0.0,0
46806,169.336,32.207,-1.5,0.0,447.625,0.0,0.0,0.0,5.737,0,4.0,0.675,309.825,-0.7258,35.25,35.44645690917969,4.98,0.0,0
46806,169.336,32.188,-1.5,0.0,447.867,0.0,0.0,0.0,5.737,0,4.0,0.635,309.825,-0.066,35.61,35.44645690917969,4.98,0.0,0
46806,169.507,32.168,-1.5,0.0,448.10900000000004,0.0,0.0,0.0,5.737,0,3.0,0.68,309.825,0.767,34.95,35.44645690917969,4.98,0.0,0
46806,169.336,32.158,-1.5,0.0,447.867,0.0,0.0,0.0,5.737,0,3.0,0.6950000000000001,309.915,0.5114000000000001,34.62,35.44645690917969,4.98,0.0,0
46806,169.507,32.139,-1.5,0.0,447.988,0.0,0.0,-0.2,5.737,0,4.0,0.6900000000000001,309.69,-1.2289,34.86,35.44645690917969,4.98,0.0,0
46806,169.507,32.119,-1.0,0.0,448.048,0.0,0.0,0.2,5.737,0,2.0,0.67,309.825,0.3299,34.89,35.44645690917969,4.98,0.0,0
46806,169.507,32.109,-1.5,0.0,448.048,0.0,0.0,-0.2,5.737,0,3.0,0.645,309.69,-2.4826,34.62,35.44645690917969,4.98,0.0,0
46806,169.336,32.09,-1.5,0.0,447.927,0.0,0.0,0.0,5.737,0,5.0,0.68,309.915,0.7505000000000001,34.02,35.44645690917969,4.98,0.0,0
46806,169.507,32.07,-2.0,0.0,447.746,0.0,0.0,0.0,5.737,0,3.0,0.665,309.69,-2.928,34.68,35.44645690917969,4.98,0.0,0
46806,170.019,32.061,-1.5,0.0,447.746,0.0,0.0,0.0,5.737,0,3.0,0.67,309.69,0.9897,35.22,35.44645690917969,4.98,0.0,0
46806,169.848,32.041000000000004,-1.5,0.0,447.927,0.0,0.0,0.0,5.737,0,2.0,0.685,309.825,-0.46190000000000003,36.12,35.44645690917969,4.98,0.0,0
46806,169.848,32.021,-1.0,0.0,448.10900000000004,0.0,0.0,0.0,5.737,0,3.0,0.645,309.825,2.4826,36.15,35.44645690917969,4.98,0.0,0
46806,170.019,32.012,-1.0,0.0,448.10900000000004,0.0,0.0,0.0,5.737,0,4.0,0.645,309.825,2.4413,36.12,35.44645690917969,4.98,0.0,0
46806,169.848,31.992,-1.5,0.0,448.10900000000004,0.0,0.0,-0.2,5.737,0,3.0,0.675,309.825,-5.806500000000001,35.97,35.44645690917969,4.98,0.0,0
46806,170.189,31.973000000000003,-2.5,0.0,447.927,0.0,0.0,0.0,5.737,0,4.0,0.67,310.005,2.4743,35.28,35.44645690917969,4.98,0.0,0
46806,170.189,31.963,-1.5,0.0,447.685,0.0,0.0,0.0,5.737,0,3.0,0.7000000000000001,309.825,3.1012,35.07,35.44645690917969,4.98,0.0,0
46806,170.189,31.943,-2.0,0.0,447.746,0.0,0.0,0.0,5.737,0,4.0,0.665,309.825,-0.3547,34.38,35.44645690917969,4.98,0.0,0
46806,170.36,31.924000000000003,-1.5,0.0,447.806,0.0,0.0,-0.2,5.737,0,3.0,0.67,309.915,-0.18150000000000002,34.26,35.44645690917969,4.98,0.0,0
46806,170.189,31.904,-2.0,0.0,447.927,0.0,0.0,0.0,5.737,0,4.0,0.675,309.825,-1.2537,34.11,35.44645690917969,4.98,0.0,0
46806,170.189,31.904,-2.0,0.0,447.746,0.0,0.0,0.2,5.737,0,4.0,0.665,309.825,-1.1877,34.11,35.44645690917969,4.98,0.0,0
46806,170.189,31.895000000000003,-1.5,0.0,447.746,0.0,0.0,0.0,5.737,0,3.0,0.705,309.825,-0.5279,34.230000000000004,35.44645690917969,4.98,0.0,0
46806,170.189,31.875,-1.5,0.0,447.806,0.0,0.0,0.0,5.737,0,4.0,0.6900000000000001,309.825,1.4516,34.92,35.44645690917969,4.98,0.0,0
46806,170.53,31.855,-1.5,0.0,447.988,0.0,0.0,0.0,5.737,0,4.0,0.7000000000000001,309.825,0.0,35.22,35.44645690917969,4.98,0.0,0
46806,170.871,31.846,-1.0,0.0,448.23,0.0,0.0,-0.2,5.737,0,3.0,0.665,309.915,1.8475000000000001,36.0,35.44645690917969,4.98,0.0,0
46806,172.235,31.816000000000003,-7.1000000000000005,0.0,448.291,0.0,0.0,0.2,5.737,0,3.0,0.685,309.825,0.5279,36.42,35.44645690917969,4.98,0.0,0
46806,179.05700000000002,31.729000000000003,-8.1,0.0,447.867,0.0,0.0,-0.2,5.737,0,6.0,0.685,309.825,-2.1114,37.11,35.44645690917969,4.98,0.0,0
46806,185.025,31.641000000000002,-7.6000000000000005,0.0,447.746,0.0,0.0,0.0,5.737,0,13.0,0.66,309.69,-0.8908,37.17,35.44645690917969,4.98,0.0,0
46806,190.312,31.563000000000002,-7.6000000000000005,0.0,447.746,0.0,0.0,0.0,5.737,0,14.0,0.675,309.915,0.9238000000000001,36.63,35.44645690917969,4.98,0.0,0
46806,195.086,31.484,-8.6,0.0,448.23,0.0,0.0,0.0,5.737,0,13.0,0.655,309.69,1.4186,35.64,35.44645690917969,4.98,0.0,0
46806,200.373,31.406000000000002,-8.1,0.0,447.867,0.0,0.0,0.2,5.737,0,9.0,0.645,309.69,-1.9795,35.25,35.44645690917969,4.98,0.0,0
46806,204.977,31.328000000000003,-7.1000000000000005,0.0,447.806,0.0,0.0,0.0,5.737,0,10.0,0.67,309.825,-4.9487000000000005,34.800000000000004,35.44645690917969,4.98,0.0,0
46806,209.58100000000002,31.25,-7.1000000000000005,0.0,447.625,0.0,0.0,0.0,5.737,0,8.0,0.655,309.915,5.1466,33.84,35.44645690917969,4.98,0.0,0
46806,214.868,31.172,-7.6000000000000005,0.0,447.625,0.0,0.0,0.0,5.737,0,12.0,0.665,309.825,3.596,34.26,35.44645690917969,4.98,0.0,0
46806,219.131,31.094,-8.1,0.0,447.444,0.0,0.0,0.0,5.737,0,9.0,0.68,309.915,1.3196,35.07,35.44645690917969,4.98,0.0,0
46806,224.077,31.006,-7.6000000000000005,0.0,447.444,0.0,0.0,0.0,5.737,0,8.0,0.68,309.825,0.066,35.31,35.44645690917969,4.98,0.0,0
46806,228.681,30.928,-8.6,0.0,447.927,0.0,0.0,-0.2,5.737,0,10.0,0.665,309.825,-0.5279,36.660000000000004,35.44645690917969,4.98,0.0,0
46806,232.774,30.85,-7.6000000000000005,0.0,447.867,0.0,0.0,0.0,5.737,0,11.0,0.665,309.915,-1.0557,36.63,35.44645690917969,4.98,0.0,0
46806,237.719,30.771,-8.1,0.0,447.746,0.0,0.0,0.0,5.737,0,10.0,0.63,309.915,3.9589000000000003,35.97,35.44645690917969,4.98,0.0,0
46806,241.982,30.693,-7.6000000000000005,0.0,447.625,0.0,0.0,0.2,5.737,0,10.0,0.665,309.915,0.9897,35.37,35.44645690917969,4.98,0.0,0
46806,246.416,30.615000000000002,-7.6000000000000005,0.0,447.746,0.0,0.0,0.0,5.737,0,10.0,0.685,309.825,-3.1672000000000002,35.22,35.44645690917969,4.98,0.0,0
46806,251.191,30.537000000000003,-7.6000000000000005,0.0,447.504,0.0,0.0,0.0,5.737,0,10.0,0.6950000000000001,309.825,-1.5176,35.58,35.44645690917969,4.98,0.0,0
46806,254.601,30.459000000000003,-7.1000000000000005,0.0,447.746,0.0,0.0,0.2,5.737,0,10.0,0.6900000000000001,309.915,1.3196,36.0,35.44645690917969,4.98,0.0,0
46806,258.694,30.381,-7.1000000000000005,0.0,447.988,0.0,0.0,0.0,5.737,0,10.0,0.725,309.915,1.5176,35.79,35.44645690917969,4.98,0.0,0
46806,262.787,30.303,-7.6000000000000005,0.0,447.867,0.0,0.0,0.2,5.737,0,10.0,0.67,310.005,2.3754,35.61,35.44645690917969,4.98,0.0,0
46806,262.787,30.293000000000003,-8.1,0.0,447.867,0.0,0.0,0.0,5.737,0,10.0,0.685,309.915,2.2269,35.58,35.44645690917969,4.98,0.0,0
46806,267.221,30.215,-8.1,0.0,447.504,0.0,0.0,0.0,5.737,0,10.0,0.645,309.69,-0.1567,35.58,35.44645690917969,4.98,0.0,0
46806,270.972,30.127000000000002,-8.1,0.0,447.746,0.0,0.0,0.0,5.737,0,12.0,0.685,309.915,-1.1217000000000001,34.44,35.44645690917969,4.98,0.0,0
46806,274.553,30.049000000000003,-7.6000000000000005,0.0,447.685,0.0,0.0,0.2,5.737,0,10.0,0.675,309.915,-0.3134,34.2,35.44645690917969,4.98,0.0,0
46806,278.476,29.971,-8.1,0.0,448.048,0.0,0.0,0.0,5.737,0,11.0,0.67,309.825,2.9445,34.71,35.44645690917969,4.98,0.0,0
46806,281.886,29.893,-8.1,0.0,447.625,0.0,0.0,0.0,5.737,0,11.0,0.675,309.825,-4.8002,36.42,35.44645690917969,4.98,0.0,0
46806,285.297,29.814,-7.6000000000000005,0.0,447.444,0.0,0.0,0.0,5.737,0,10.0,0.68,309.915,-1.7815,36.69,35.44645690917969,4.98,0.0,0
46806,288.707,29.736,-7.6000000000000005,0.0,447.746,0.0,0.0,-0.2,5.737,0,11.0,0.665,309.915,4.024900000000001,36.24,35.44645690917969,4.98,0.0,0
46806,292.63,29.658,-8.6,0.0,447.685,0.0,0.0,0.0,5.737,0,11.0,0.685,309.915,1.0392000000000001,36.51,35.44645690917969,4.98,0.0,0
46806,295.358,29.580000000000002,-8.6,0.0,447.988,0.0,0.0,0.0,5.737,0,11.0,0.725,309.915,-0.6598,35.46,35.44645690917969,4.98,0.0,0
46806,298.257,29.502000000000002,-8.1,0.0,447.927,0.0,0.0,-0.2,5.737,0,10.0,0.745,309.825,-0.9073,35.64,35.44645690917969,4.98,0.0,0
46806,301.497,29.414,-7.6000000000000005,0.0,447.746,0.0,0.0,-0.2,5.737,0,11.0,0.7000000000000001,309.915,-0.5444,36.42,35.44645690917969,4.98,0.0,0
46806,304.908,29.336000000000002,-8.1,0.0,447.927,0.0,0.0,0.0,5.737,0,11.0,0.745,309.825,0.0165,36.63,35.44645690917969,4.98,0.0,0
46806,307.466,29.258000000000003,-7.6000000000000005,0.0,447.927,0.0,0.0,0.0,5.737,0,11.0,0.68,309.69,-2.928,36.15,35.44645690917969,4.98,0.0,0
46806,310.024,29.18,-7.1000000000000005,0.0,447.927,0.0,0.0,0.2,5.737,0,11.0,0.7000000000000001,309.825,-2.1609000000000003,35.1,35.44645690917969,4.98,0.0,0
46806,312.411,29.102,-7.1000000000000005,0.0,447.746,0.0,0.0,0.0,5.737,0,10.0,0.765,309.825,0.34640000000000004,34.89,35.44645690917969,4.98,0.0,0
46806,314.969,29.023,-8.1,0.0,447.867,0.0,0.0,-0.2,5.737,0,11.0,0.68,309.825,1.8887,34.62,35.44645690917969,4.98,0.0,0
46806,318.039,28.945,-8.6,0.0,448.048,0.0,0.0,0.0,5.737,0,11.0,0.71,309.825,1.3196,35.58,35.44645690917969,4.98,0.0,0
46806,320.426,28.857000000000003,-8.1,0.0,447.806,0.0,0.0,-0.2,5.737,0,11.0,0.71,309.915,0.3794,36.99,35.44645690917969,4.98,0.0,0
46806,322.302,28.779,-7.1000000000000005,0.0,447.867,0.0,0.0,0.0,5.737,0,11.0,0.705,309.915,2.4908,37.62,35.44645690917969,4.98,0.0,0
46806,324.689,28.701,-7.6000000000000005,0.0,447.625,0.0,0.0,-0.2,5.737,0,10.0,0.6900000000000001,309.915,2.3589,37.08,35.44645690917969,4.98,0.0,0
46806,326.736,28.623,-7.6000000000000005,0.0,448.10900000000004,0.0,0.0,0.0,5.737,0,12.0,0.72,309.825,-2.3754,35.82,35.44645690917969,4.98,0.0,0
46806,328.782,28.545,-7.1000000000000005,0.0,448.048,0.0,0.0,-0.2,5.737,0,12.0,0.6950000000000001,309.915,-1.9795,35.76,35.44645690917969,4.98,0.0,0
46806,330.999,28.467000000000002,-7.1000000000000005,0.0,448.10900000000004,0.0,0.0,0.0,5.737,0,8.0,0.715,309.825,-0.9073,35.94,35.44645690917969,4.98,0.0,0
46806,332.363,28.389000000000003,-7.6000000000000005,0.0,447.746,0.0,0.0,0.0,5.737,0,11.0,0.715,309.69,-3.8682000000000003,36.63,35.44645690917969,4.98,0.0,0
46806,333.045,28.379,-8.1,0.0,447.746,0.0,0.0,0.0,5.737,0,12.0,0.7000000000000001,309.69,-4.651800000000001,36.72,35.44645690917969,4.98,0.0,0
46806,334.58,28.301000000000002,-8.6,0.0,447.564,0.0,0.0,-0.2,5.737,0,11.0,0.71,309.69,-4.0909,36.45,35.44645690917969,4.98,0.0,0
46806,335.774,28.223000000000003,-8.1,0.0,447.625,0.0,0.0,0.2,5.737,0,11.0,0.705,309.915,4.4208,35.85,35.44645690917969,4.98,0.0,0
46806,337.479,28.135,-8.1,0.0,448.10900000000004,0.0,0.0,0.2,5.737,0,14.0,0.735,309.825,3.1672000000000002,34.53,35.44645690917969,4.98,0.0,0
46806,339.014,28.057000000000002,-7.6000000000000005,0.0,448.23,0.0,0.0,0.2,5.737,0,11.0,0.7000000000000001,309.825,-0.6268,34.32,35.44645690917969,4.98,0.0,0
46806,340.208,27.979000000000003,-8.6,0.0,447.806,0.0,0.0,0.0,5.737,0,12.0,0.6950000000000001,309.915,0.0,34.2,35.44645690917969,4.98,0.0,0
46806,341.401,27.900000000000002,-8.6,0.0,447.746,0.0,0.0,0.0,5.737,0,12.0,0.725,309.915,1.5176,35.19,35.44645690917969,4.98,0.0,0
46806,342.595,27.822000000000003,-7.6000000000000005,0.0,448.10900000000004,0.0,0.0,0.0,5.737,0,13.0,0.715,309.915,3.1672000000000002,36.18,35.44645690917969,4.98,0.0,0
46806,344.13,27.744,-8.1,0.0,448.10900000000004,0.0,0.0,-0.2,5.737,0,12.0,0.735,309.915,-3.9589000000000003,37.38,35.44645690917969,4.98,0.0,0
46806,344.982,27.666,-8.1,0.0,447.746,0.0,0.0,-0.2,5.737,0,11.0,0.715,309.825,-3.1672000000000002,37.59,35.44645690917969,4.98,0.0,0
46806,346.176,27.578000000000003,-8.1,0.0,447.806,0.0,0.0,0.2,5.737,0,13.0,0.735,309.825,4.024900000000001,36.78,35.44645690917969,4.98,0.0,0
46806,347.199,27.5,-8.1,0.0,447.806,0.0,0.0,0.0,5.737,0,13.0,0.705,309.915,1.5836000000000001,35.76,35.44645690917969,4.98,0.0,0
46806,348.222,27.422,-7.6000000000000005,0.0,447.444,0.0,0.0,0.2,5.737,0,14.0,0.72,309.825,1.0557,35.43,35.44645690917969,4.98,0.0,0
46806,349.075,27.344,-8.6,0.0,447.625,0.0,0.0,0.0,5.737,0,12.0,0.715,309.825,-1.8475000000000001,35.4,35.44645690917969,4.98,0.0,0
46806,349.757,27.266000000000002,-7.1000000000000005,0.0,447.927,0.0,0.0,0.0,5.737,0,11.0,0.73,309.825,-2.0455,35.25,35.44645690917969,4.98,0.0,0
46806,350.61,27.188000000000002,-7.6000000000000005,0.0,447.746,0.0,0.0,0.2,5.737,0,11.0,0.73,309.915,3.1672000000000002,35.19,35.44645690917969,4.98,0.0,0
46806,351.121,27.109,-7.6000000000000005,0.0,447.625,0.0,0.0,0.0,5.737,0,10.0,0.725,309.825,1.5836000000000001,35.25,35.44645690917969,4.98,0.0,0
46806,351.80400000000003,27.031000000000002,-8.6,0.0,447.927,0.0,0.0,0.0,5.737,0,11.0,0.72,309.825,-2.3754,34.11,35.44645690917969,4.98,0.0,0
46806,352.486,26.943,-8.1,0.0,447.927,0.0,0.0,0.2,5.737,0,11.0,0.725,309.915,-1.5836000000000001,34.47,35.44645690917969,4.98,0.0,0
46806,352.827,26.865000000000002,-7.6000000000000005,0.0,448.169,0.0,0.0,-0.2,5.737,0,12.0,0.74,309.825,0.7918000000000001,35.1,35.44645690917969,4.98,0.0,0
46806,354.19100000000003,26.787000000000003,-8.1,0.0,448.291,0.0,0.0,-0.2,5.737,0,11.0,0.72,309.825,-0.5279,36.09,35.44645690917969,4.98,0.0,0
46806,353.85,26.709,-7.1000000000000005,0.0,448.169,0.0,0.0,0.0,5.737,0,10.0,0.71,309.915,1.3196,36.42,35.44645690917969,4.98,0.0,0
46806,354.362,26.631,-7.1000000000000005,0.0,448.10900000000004,0.0,0.0,0.2,5.737,0,11.0,0.715,309.825,1.5836000000000001,36.78,35.44645690917969,4.98,0.0,0
46806,354.873,26.553,-7.6000000000000005,0.0,447.927,0.0,0.0,0.0,5.737,0,10.0,0.685,309.825,-1.0557,36.24,35.44645690917969,4.98,0.0,0
46806,355.044,26.465,-8.1,0.0,447.806,0.0,0.0,0.0,5.737,0,11.0,0.715,309.915,-1.5836000000000001,36.27,35.44645690917969,4.98,0.0,0
46806,355.555,26.465,-8.1,0.0,447.806,0.0,0.0,0.0,5.737,0,11.0,0.685,309.915,-0.9238000000000001,36.27,35.44645690917969,4.98,0.0,0
46806,355.726,26.377000000000002,-8.6,0.0,447.625,0.0,0.0,-0.2,5.737,0,12.0,0.7000000000000001,309.825,2.1114,35.97,35.44645690917969,4.98,0.0,0
46806,356.237,26.299,-7.6000000000000005,0.0,447.806,0.0,0.0,-0.2,5.737,0,13.0,0.735,309.825,-0.39590000000000003,35.34,35.44645690917969,4.98,0.0,0
46806,356.408,26.221,-7.6000000000000005,0.0,447.927,0.0,0.0,0.0,5.737,0,13.0,0.725,309.69,-2.862,34.53,35.44645690917969,4.98,0.0,0
46806,357.09000000000003,26.143,-8.6,0.0,447.625,0.0,0.0,0.0,5.737,0,10.0,0.705,309.69,-2.2022,34.47,35.44645690917969,4.98,0.0,0
46806,357.431,26.064,-8.6,0.0,447.685,0.0,0.0,-0.2,5.737,0,11.0,0.71,309.825,-2.9692000000000003,34.38,35.44645690917969,4.98,0.0,0
46806,357.60200000000003,25.986,-8.1,0.0,447.746,0.0,0.0,-0.2,5.737,0,14.0,0.655,309.915,4.9487000000000005,34.35,35.44645690917969,4.98,0.0,0
46806,357.772,25.908,-8.1,0.0,447.625,0.0,0.0,0.0,5.737,0,14.0,0.72,309.825,6.3096000000000005,34.92,35.44645690917969,4.98,0.0,0
46806,357.772,25.830000000000002,-8.1,0.0,447.685,0.0,0.0,0.2,5.737,0,12.0,0.72,309.915,0.9073,35.730000000000004,35.44645690917969,4.98,0.0,0
46806,357.943,25.752000000000002,-7.6000000000000005,0.0,447.746,0.0,0.0,0.0,5.737,0,13.0,0.6950000000000001,309.825,-0.3794,36.15,35.44645690917969,4.98,0.0,0
46806,358.113,25.664,-7.6000000000000005,0.0,447.625,0.0,0.0,0.0,5.737,0,13.0,0.72,309.825,-1.4516,36.36,35.44645690917969,4.98,0.0,0
46806,358.113,25.586000000000002,-8.1,0.0,447.625,0.0,0.0,0.2,5.737,0,12.0,0.735,309.915,1.0557,36.69,35.44645690917969,4.98,0.0,0
46806,358.113,25.508000000000003,-7.6000000000000005,0.0,447.806,0.0,0.0,0.2,5.737,0,10.0,0.75,309.825,0.6763,36.72,35.44645690917969,4.98,0.0,0
46806,358.113,25.43,-7.6000000000000005,0.0,447.746,0.0,0.0,0.0,5.737,0,11.0,0.715,309.69,-2.3506,36.33,35.44645690917969,4.98,0.0,0
46806,357.943,25.361,-8.6,0.0,447.746,0.0,0.0,0.0,5.737,0,13.0,0.71,309.915,-2.3094,35.61,35.44645690917969,4.98,0.0,0
46806,358.284,25.273,-7.6000000000000005,0.0,447.746,0.0,0.0,0.0,5.737,0,14.0,0.77,309.915,3.2166,34.77,35.44645690917969,4.98,0.0,0
46806,358.454,25.195,-8.1,0.0,447.927,0.0,0.0,-0.2,5.737,0,14.0,0.75,309.915,5.987900000000001,34.14,35.44645690917969,4.98,0.0,0
46806,358.284,25.117,-8.6,0.0,447.32300000000004,0.0,0.0,-0.2,5.737,0,14.0,0.745,309.915,-1.1877,34.71,35.44645690917969,4.98,0.0,0
46806,358.113,25.049,-8.1,0.0,447.444,0.0,0.0,0.0,5.737,0,15.0,0.735,309.825,-2.7548,34.47,35.44645690917969,4.98,0.0,0
46806,357.943,24.971,-7.6000000000000005,0.0,448.048,0.0,0.0,0.0,5.737,0,14.0,0.725,309.825,-1.0392000000000001,34.35,35.44645690917969,4.98,0.0,0
46806,358.113,24.893,-7.6000000000000005,0.0,447.927,0.0,0.0,0.2,5.737,0,11.0,0.725,309.825,1.0722,35.04,35.44645690917969,4.98,0.0,0
46806,358.284,24.814,-8.1,0.0,447.927,0.0,0.0,-0.2,5.737,0,12.0,0.705,309.915,-0.14850000000000002,34.95,35.44645690917969,4.98,0.0,0
46806,358.284,24.736,-7.1000000000000005,0.0,447.927,0.0,0.0,0.0,5.737,0,15.0,0.765,309.915,0.9238000000000001,35.49,35.44645690917969,4.98,0.0,0
46806,357.943,24.658,-8.1,0.0,447.685,0.0,0.0,0.2,5.737,0,13.0,0.725,309.825,2.1114,35.31,35.44645690917969,4.98,0.0,0
46806,357.772,24.580000000000002,-8.1,0.0,447.625,0.0,0.0,-0.2,5.737,0,13.0,0.735,309.915,-0.28040000000000004,35.67,35.44645690917969,4.98,0.0,0
46806,358.113,24.502000000000002,-7.6000000000000005,0.0,447.746,0.0,0.0,0.0,5.737,0,14.0,0.715,309.915,1.8475000000000001,36.03,35.44645690917969,4.98,0.0,0
46806,358.454,24.424,-7.6000000000000005,0.0,447.927,0.0,0.0,0.0,5.737,0,12.0,0.715,309.915,0.2639,35.79,35.44645690917969,4.98,0.0,0
46806,358.454,24.346,-7.6000000000000005,0.0,447.806,0.0,0.0,0.0,5.737,0,11.0,0.6950000000000001,309.915,-3.0352,36.06,35.44645690917969,4.98,0.0,0
46806,358.454,24.268,-8.1,0.0,447.867,0.0,0.0,0.0,5.737,0,14.0,0.71,309.825,-0.5114000000000001,35.550000000000004,35.44645690917969,4.98,0.0,0
46806,358.284,24.189,-8.1,0.0,447.564,0.0,0.0,-0.2,5.737,0,14.0,0.715,309.69,-1.2784,34.59,35.44645690917969,4.98,0.0,0
46806,358.284,24.111,-7.6000000000000005,0.0,447.444,0.0,0.0,0.0,5.737,0,12.0,0.725,309.915,-5.1631,32.97,35.44645690917969,4.98,0.0,0
46806,358.284,24.033,-8.1,0.0,447.746,0.0,0.0,0.0,5.737,0,10.0,0.725,309.825,0.7918000000000001,32.730000000000004,35.44645690917969,4.98,0.0,0
46806,358.284,23.955000000000002,-8.1,0.0,447.927,0.0,0.0,0.0,5.737,0,14.0,0.74,309.825,3.563,32.88,35.44645690917969,4.98,0.0,0
46806,358.113,23.877000000000002,-7.6000000000000005,0.0,447.867,0.0,0.0,-0.2,5.737,0,14.0,0.725,309.915,-2.3754,34.230000000000004,35.44645690917969,4.98,0.0,0
46806,358.454,23.799,-7.6000000000000005,0.0,447.746,0.0,0.0,0.0,5.737,0,14.0,0.735,309.915,3.8105,35.58,35.44645690917969,4.98,0.0,0
46806,358.113,23.721,-7.1000000000000005,0.0,447.927,0.0,0.0,0.0,5.737,0,12.0,0.735,309.825,-3.9589000000000003,36.27,35.44645690917969,4.98,0.0,0
46806,358.454,23.643,-8.6,0.0,447.867,0.0,0.0,0.0,5.737,0,12.0,0.73,309.915,-2.5238,36.06,35.44645690917969,4.98,0.0,0
46806,358.454,23.643,-8.1,0.0,447.625,0.0,0.0,0.0,5.737,0,13.0,0.71,309.915,-2.1114,36.03,35.44645690917969,4.98,0.0,0
46806,358.454,23.564,-8.1,0.0,447.806,0.0,0.0,0.0,5.737,0,15.0,0.745,309.825,3.4971,35.52,35.44645690917969,4.98,0.0,0
46806,358.454,23.486,-7.6000000000000005,0.0,447.867,0.0,0.0,0.0,5.737,0,14.0,0.725,309.915,1.0557,34.68,35.44645690917969,4.98,0.0,0
46806,358.454,23.408,-7.6000000000000005,0.0,447.988,0.0,0.0,0.0,5.737,0,15.0,0.705,309.915,0.5279,34.83,35.44645690917969,4.98,0.0,0
46806,357.943,23.330000000000002,-8.1,0.0,447.927,0.0,0.0,-0.2,5.737,0,13.0,0.75,309.69,-1.4516,34.74,35.44645690917969,4.98,0.0,0
46806,357.943,23.252000000000002,-7.6000000000000005,0.0,447.927,0.0,0.0,0.0,5.737,0,12.0,0.715,310.005,1.2537,35.01,35.44645690917969,4.98,0.0,0
46806,358.284,23.174,-7.1000000000000005,0.0,447.867,0.0,0.0,0.0,5.737,0,13.0,0.74,309.915,-0.2639,34.800000000000004,35.44645690917969,4.98,0.0,0
46806,358.625,23.096,-7.6000000000000005,0.0,447.806,0.0,0.0,0.0,5.737,0,10.0,0.72,309.825,-1.6826,33.81,35.44645690917969,4.98,0.0,0
46806,358.454,23.027,-7.6000000000000005,0.0,448.048,0.0,0.0,0.0,5.737,0,13.0,0.74,309.825,-2.1114,33.45,35.44645690917969,4.98,0.0,0
46806,358.454,22.949,-7.6000000000000005,0.0,447.806,0.0,0.0,-0.2,5.737,0,13.0,0.725,309.825,2.4413,33.09,35.44645690917969,4.98,0.0,0
46806,358.625,22.871000000000002,-8.1,0.0,447.504,0.0,0.0,0.2,5.737,0,12.0,0.725,309.825,-2.2434000000000003,33.18,35.44645690917969,4.98,0.0,0
46806,358.454,22.793000000000003,-8.1,0.0,447.806,0.0,0.0,0.0,5.737,0,13.0,0.745,309.915,2.0455,34.29,35.44645690917969,4.98,0.0,0
46806,358.795,22.715,-7.6000000000000005,0.0,447.625,0.0,0.0,0.0,5.737,0,12.0,0.74,309.825,4.0909,35.61,35.44645690917969,4.98,0.0,0
46806,358.625,22.646,-7.6000000000000005,0.0,447.746,0.0,0.0,0.0,5.737,0,12.0,0.735,309.825,-0.5279,36.51,35.44645690917969,4.98,0.0,0
46806,358.625,22.568,-7.1000000000000005,0.0,447.746,0.0,0.0,0.0,5.737,0,9.0,0.73,309.825,-3.1672000000000002,36.03,35.44645690917969,4.98,0.0,0
46806,358.625,22.490000000000002,-7.1000000000000005,0.0,447.504,0.0,0.0,0.0,5.737,0,11.0,0.74,309.825,-2.6393,35.49,35.44645690917969,4.98,0.0,0
46806,358.795,22.412000000000003,-7.6000000000000005,0.0,447.746,0.0,0.0,0.0,5.737,0,12.0,0.725,309.825,0.0,35.25,35.44645690917969,4.98,0.0,0
46806,358.625,22.344,-7.6000000000000005,0.0,447.625,0.0,0.0,0.0,5.737,0,12.0,0.72,309.915,2.5733,35.52,35.44645690917969,4.98,0.0,0
46806,358.966,22.266000000000002,-7.6000000000000005,0.0,447.806,0.0,0.0,-0.2,5.737,0,12.0,0.735,309.915,4.2229,35.34,35.44645690917969,4.98,0.0,0
46806,359.136,22.188000000000002,-7.1000000000000005,0.0,447.927,0.0,0.0,-0.2,5.737,0,12.0,0.715,309.825,1.5836000000000001,35.64,35.44645690917969,4.98,0.0,0
46806,358.966,22.119,-7.1000000000000005,0.0,447.564,0.0,0.0,0.0,5.737,0,12.0,0.73,309.825,-3.9589000000000003,35.01,35.44645690917969,4.98,0.0,0
46806,358.966,22.041,-7.1000000000000005,0.0,447.746,0.0,0.0,-0.2,5.737,0,15.0,0.735,309.915,-1.0557,34.14,35.44645690917969,4.98,0.0,0
46806,359.136,22.041,-7.1000000000000005,0.0,447.746,0.0,0.0,0.0,5.737,0,12.0,0.755,309.915,-0.5279,34.05,35.44645690917969,4.98,0.0,0
46806,358.966,21.963,-7.1000000000000005,0.0,448.048,0.0,0.0,0.0,5.737,0,14.0,0.71,309.915,2.4908,33.06,35.44645690917969,4.98,0.0,0
46806,359.307,21.885,-7.1000000000000005,0.0,448.048,0.0,0.0,0.0,5.737,0,14.0,0.745,309.825,-1.0557,33.06,35.44645690917969,4.98,0.0,0
46806,359.136,21.816000000000003,-7.6000000000000005,0.0,447.867,0.0,0.0,0.0,5.737,0,14.0,0.745,309.915,-1.5836000000000001,34.2,35.44645690917969,4.98,0.0,0
46806,359.307,21.738,-7.6000000000000005,0.0,447.685,0.0,0.0,-0.2,5.737,0,13.0,0.73,309.825,0.5279,36.27,35.44645690917969,4.98,0.0,0
46806,359.307,21.67,-6.6000000000000005,0.0,447.625,0.0,0.0,0.0,5.737,0,11.0,0.72,309.825,-1.7155,37.56,35.44645690917969,4.98,0.0,0
46806,359.136,21.592000000000002,-7.6000000000000005,0.0,447.806,0.0,0.0,0.0,5.737,0,12.0,0.745,309.825,-2.9032,36.84,35.44645690917969,4.98,0.0,0
46806,359.818,21.523,-6.6000000000000005,0.0,447.625,0.0,0.0,0.2,5.737,0,11.0,0.72,309.915,2.2269,35.19,35.44645690917969,4.98,0.0,0
46806,360.16,21.455000000000002,-7.6000000000000005,0.0,447.746,0.0,0.0,-0.2,5.737,0,11.0,0.725,309.825,1.3196,34.29,35.44645690917969,4.98,0.0,0
46806,359.818,21.377000000000002,-6.6000000000000005,0.0,447.746,0.0,0.0,0.0,5.737,0,11.0,0.75,309.915,-0.8083,34.410000000000004,35.44645690917969,4.98,0.0,0
46806,359.818,21.309,-7.1000000000000005,0.0,447.867,0.0,0.0,-0.2,5.737,0,12.0,0.74,309.915,0.132,35.31,35.44645690917969,4.98,0.0,0
46806,359.818,21.240000000000002,-6.1000000000000005,0.0,447.746,0.0,0.0,0.0,5.737,0,10.0,0.74,309.825,1.4516,35.22,35.44645690917969,4.98,0.0,0
46806,359.818,21.172,-7.6000000000000005,0.0,447.927,0.0,0.0,0.0,5.737,0,10.0,0.735,309.825,-2.5073000000000003,35.01,35.44645690917969,4.98,0.0,0
46806,360.33,21.094,-6.6000000000000005,0.0,447.988,0.0,0.0,0.2,5.737,0,11.0,0.745,309.915,-2.3754,34.5,35.44645690917969,4.98,0.0,0
46806,360.33,21.025000000000002,-7.1000000000000005,0.0,447.988,0.0,0.0,0.0,5.737,0,11.0,0.68,309.825,2.3754,33.78,35.44645690917969,4.98,0.0,0
46806,359.98900000000003,20.957,-7.1000000000000005,0.0,447.988,0.0,0.0,-0.2,5.737,0,10.0,0.745,309.915,1.4351,33.42,35.44645690917969,4.98,0.0,0
46806,360.16,20.889,-6.6000000000000005,0.0,447.927,0.0,0.0,0.0,5.737,0,11.0,0.755,309.915,-0.6763,33.93,35.44645690917969,4.98,0.0,0
46806,360.33,20.82,-6.1000000000000005,0.0,447.746,0.0,0.0,0.0,5.737,0,10.0,0.73,309.825,-1.1877,35.61,35.44645690917969,4.98,0.0,0
46806,360.50100000000003,20.752000000000002,-7.6000000000000005,0.0,447.746,0.0,0.0,0.0,5.737,0,11.0,0.72,309.915,-0.9402,36.480000000000004,35.44645690917969,4.98,0.0,0
46806,360.50100000000003,20.684,-7.6000000000000005,0.0,447.867,0.0,0.0,0.0,5.737,0,10.0,0.74,309.69,-1.5423,36.21,35.44645690917969,4.98,0.0,0
46806,360.50100000000003,20.615000000000002,-6.6000000000000005,0.0,447.625,0.0,0.0,0.0,5.737,0,12.0,0.71,309.915,0.8413,35.76,35.44645690917969,4.98,0.0,0
46806,360.671,20.547,-6.6000000000000005,0.0,447.746,0.0,0.0,-0.2,5.737,0,12.0,0.76,309.825,-0.0495,35.82,35.44645690917969,4.98,0.0,0
46806,361.183,20.479000000000003,-7.1000000000000005,0.0,448.048,0.0,0.0,0.0,5.737,0,11.0,0.6950000000000001,309.825,2.1774,35.34,35.44645690917969,4.98,0.0,0
46806,361.183,20.42,-6.1000000000000005,0.0,447.806,0.0,0.0,-0.2,5.737,0,11.0,0.795,309.915,0.39590000000000003,35.01,35.44645690917969,4.98,0.0,0
46806,360.671,20.352,-7.1000000000000005,0.0,447.927,0.0,0.0,0.2,5.737,0,11.0,0.755,309.825,-0.39590000000000003,34.77,35.44645690917969,4.98,0.0,0
46806,361.353,20.342000000000002,-6.6000000000000005,0.0,447.927,0.0,0.0,0.2,5.737,0,11.0,0.8,309.825,-0.7918000000000001,34.74,35.44645690917969,4.98,0.0,0
46806,361.183,20.283,-6.1000000000000005,0.0,447.867,0.0,0.0,0.0,5.737,0,11.0,0.72,310.005,1.9795,34.71,35.44645690917969,4.98,0.0,0
46806,361.694,20.215,-6.1000000000000005,0.0,448.048,0.0,0.0,0.0,5.737,0,10.0,0.7000000000000001,309.825,1.8475000000000001,34.83,35.44645690917969,4.98,0.0,0
46806,361.865,20.156000000000002,-5.5,0.0,447.988,0.0,0.0,0.0,5.737,0,11.0,0.71,309.825,-3.1672000000000002,35.25,35.44645690917969,4.98,0.0,0
46806,361.694,20.088,-5.5,0.0,447.685,0.0,0.0,0.0,5.737,0,10.0,0.785,309.915,-4.7507,35.31,35.44645690917969,4.98,0.0,0
46806,361.865,20.029,-5.5,0.0,447.806,0.0,0.0,0.0,5.737,0,12.0,0.685,309.915,-0.066,35.04,35.44645690917969,4.98,0.0,0
46806,361.865,19.971,-6.1000000000000005,0.0,448.048,0.0,0.0,0.2,5.737,0,10.0,0.79,309.915,1.8475000000000001,35.22,35.44645690917969,4.98,0.0,0
46806,362.547,19.902,-6.6000000000000005,0.0,448.048,0.0,0.0,0.0,5.737,0,10.0,0.7000000000000001,309.825,-0.9897,35.7,35.44645690917969,4.98,0.0,0
46806,362.547,19.844,-6.1000000000000005,0.0,447.806,0.0,0.0,-0.2,5.737,0,10.0,0.72,309.915,-0.7918000000000001,36.54,35.44645690917969,4.98,0.0,0
46806,362.88800000000003,19.785,-6.6000000000000005,0.0,447.927,0.0,0.0,0.0,5.737,0,11.0,0.715,309.915,1.5836000000000001,36.72,35.44645690917969,4.98,0.0,0
46806,363.059,19.727,-5.5,0.0,447.746,0.0,0.0,0.0,5.737,0,10.0,0.7000000000000001,309.915,1.5836000000000001,36.6,35.44645690917969,4.98,0.0,0
46806,362.88800000000003,19.668,-6.1000000000000005,0.0,447.564,0.0,0.0,0.0,5.737,0,10.0,0.755,309.915,-0.5279,35.88,35.44645690917969,4.98,0.0,0
46806,363.229,19.609,-5.5,0.0,447.564,0.0,0.0,0.2,5.737,0,10.0,0.755,309.915,1.0557,35.76,35.44645690917969,4.98,0.0,0
46806,362.88800000000003,19.561,-6.1000000000000005,0.0,447.444,0.0,0.0,0.0,5.737,0,10.0,0.725,309.915,-1.5836000000000001,34.86,35.44645690917969,4.98,0.0,0
46806,363.40000000000003,19.502000000000002,-5.5,0.0,447.444,0.0,0.0,0.2,5.737,0,11.0,0.76,309.825,-5.1466,34.86,35.44645690917969,4.98,0.0,0
46806,363.40000000000003,19.443,-5.1000000000000005,0.0,447.625,0.0,0.0,0.0,5.737,0,10.0,0.73,309.825,-2.8372,34.83,35.44645690917969,4.98,0.0,0
46806,363.911,19.385,-5.5,0.0,447.625,0.0,0.0,0.0,5.737,0,9.0,0.725,309.69,-3.2991,35.01,35.44645690917969,4.98,0.0,0
46806,363.911,19.336000000000002,-4.5,0.0,447.746,0.0,0.0,-0.2,5.737,0,10.0,0.74,309.915,2.8372,34.95,35.44645690917969,4.98,0.0,0
46806,363.911,19.287000000000003,-5.1000000000000005,0.0,447.504,0.0,0.0,0.0,5.737,0,10.0,0.735,309.915,3.8270000000000004,35.43,35.44645690917969,4.98,0.0,0
46806,364.423,19.229,-4.5,0.0,447.444,0.0,0.0,0.0,5.737,0,9.0,0.725,309.915,-1.7485000000000002,36.63,35.44645690917969,4.98,0.0,0
46806,364.593,19.18,-5.1000000000000005,0.0,447.625,0.0,0.0,0.0,5.737,0,10.0,0.765,309.825,-1.4516,36.69,35.44645690917969,4.98,0.0,0
46806,364.423,19.131,-4.5,0.0,447.746,0.0,0.0,0.0,5.737,0,10.0,0.755,310.005,2.8372,36.9,35.44645690917969,4.98,0.0,0
46806,364.593,19.121000000000002,-5.5,0.0,447.746,0.0,0.0,0.2,5.737,0,10.0,0.74,310.005,4.2724,36.93,35.44645690917969,4.98,0.0,0
46806,364.593,19.072,-4.5,0.0,448.169,0.0,0.0,0.0,5.737,0,10.0,0.795,309.825,2.7878000000000003,37.29,35.44645690917969,4.98,0.0,0
46806,364.593,19.023,-5.1000000000000005,0.0,447.867,0.0,0.0,0.0,5.737,0,10.0,0.755,309.825,-1.0557,36.9,35.44645690917969,4.98,0.0,0
46806,365.27500000000003,18.975,-5.5,0.0,447.504,0.0,0.0,0.0,5.737,0,10.0,0.715,309.825,-4.0579,35.910000000000004,35.44645690917969,4.98,0.0,0
46806,365.27500000000003,18.926000000000002,-5.1000000000000005,0.0,447.444,0.0,0.0,0.0,5.737,0,10.0,0.73,310.005,5.1301000000000005,35.43,35.44645690917969,4.98,0.0,0
46806,365.27500000000003,18.887,-5.1000000000000005,0.0,447.444,0.0,0.0,0.0,5.737,0,10.0,0.78,309.825,3.0352,34.5,35.44645690917969,4.98,0.0,0
46806,365.446,18.838,-5.1000000000000005,0.0,447.564,0.0,0.0,0.0,5.737,0,8.0,0.745,309.825,-1.9795,34.32,35.44645690917969,4.98,0.0,0
46806,365.27500000000003,18.789,-4.1000000000000005,0.0,447.444,0.0,0.0,0.0,5.737,0,9.0,0.74,309.915,-1.1712,34.05,35.44645690917969,4.98,0.0,0
46806,365.617,18.75,-4.1000000000000005,0.0,447.383,0.0,0.0,0.0,5.737,0,9.0,0.71,309.915,1.4516,34.74,35.44645690917969,4.98,0.0,0
46806,365.446,18.701,-4.5,0.0,447.504,0.0,0.0,0.0,5.737,0,9.0,0.765,309.825,-2.9692000000000003,35.88,35.44645690917969,4.98,0.0,0
46806,365.958,18.662000000000003,-4.5,0.0,447.867,0.0,0.0,0.0,5.737,0,9.0,0.76,309.915,-2.6888,36.39,35.44645690917969,4.98,0.0,0
46806,366.29900000000004,18.613,-4.5,0.0,448.048,0.0,0.0,0.0,5.737,0,7.0,0.745,309.69,1.2949000000000002,36.63,35.44645690917969,4.98,0.0,0
46806,366.81,18.574,-4.1000000000000005,0.0,447.685,0.0,0.0,0.0,5.737,0,9.0,0.77,309.825,-1.0145,36.99,35.44645690917969,4.98,0.0,0
46806,367.322,18.535,-4.1000000000000005,0.0,447.444,0.0,0.0,0.0,5.737,0,10.0,0.75,309.825,-3.2166,37.02,35.44645690917969,4.98,0.0,0
46806,367.492,18.496000000000002,-3.5,0.0,447.685,0.0,0.0,0.0,5.737,0,9.0,0.765,309.915,3.4971,36.24,35.44645690917969,4.98,0.0,0
46806,368.345,18.457,-3.5,0.0,447.564,0.0,0.0,-0.2,5.737,0,8.0,0.8250000000000001,309.69,-0.1072,35.7,35.44645690917969,4.98,0.0,0
46806,368.68600000000004,18.428,-3.5,0.0,447.444,0.0,0.0,0.0,5.737,0,9.0,0.745,309.915,0.8413,36.21,35.44645690917969,4.98,0.0,0
46806,369.19800000000004,18.389,-3.0,0.0,447.625,0.0,0.0,0.2,5.737,0,8.0,0.79,309.825,-0.0495,36.09,35.44645690917969,4.98,0.0,0
46806,369.539,18.359,-3.0,0.0,447.746,0.0,0.0,0.0,5.737,0,7.0,0.765,309.825,0.7258,35.52,35.44645690917969,4.98,0.0,0
46806,369.709,18.330000000000002,-3.0,0.0,447.564,0.0,0.0,0.0,5.737,0,8.0,0.74,309.915,1.9795,34.68,35.44645690917969,4.98,0.0,0
46806,370.732,18.301000000000002,-3.0,0.0,447.927,0.0,0.0,0.2,5.737,0,8.0,0.76,309.915,0.4454,33.96,35.44645690917969,4.98,0.0,0
46806,370.903,18.271,-2.5,0.0,447.988,0.0,0.0,0.0,5.737,0,9.0,0.755,309.915,-0.6103000000000001,33.96,35.44645690917969,4.98,0.0,0
46806,370.903,18.242,-3.0,0.0,447.806,0.0,0.0,0.0,5.737,0,7.0,0.755,309.915,1.1217000000000001,34.95,35.44645690917969,4.98,0.0,0
46806,371.244,18.223000000000003,-3.0,0.0,447.746,0.0,0.0,-0.2,5.737,0,7.0,0.76,309.915,-0.9238000000000001,35.82,35.44645690917969,4.98,0.0,0
46806,371.415,18.193,-2.5,0.0,447.746,0.0,0.0,0.0,5.737,0,8.0,0.775,309.825,-0.132,36.84,35.44645690917969,4.98,0.0,0
46806,371.244,18.174,-2.5,0.0,447.625,0.0,0.0,-0.2,5.737,0,8.0,0.77,309.825,-1.4351,37.65,35.44645690917969,4.98,0.0,0
46806,371.585,18.154,-2.0,0.0,447.746,0.0,0.0,0.0,5.737,0,7.0,0.765,309.69,-1.7568000000000001,37.74,35.44645690917969,4.98,0.0,0
46806,371.585,18.135,-1.5,0.0,447.685,0.0,0.0,0.2,5.737,0,6.0,0.76,309.915,0.0495,36.96,35.44645690917969,4.98,0.0,0
46806,371.926,18.115000000000002,-2.0,0.0,448.10900000000004,0.0,0.0,-0.2,5.737,0,5.0,0.755,309.825,0.34640000000000004,36.45,35.44645690917969,4.98,0.0,0
46806,372.097,18.096,-2.0,0.0,447.988,0.0,0.0,0.0,5.737,0,7.0,0.78,309.825,0.43710000000000004,36.15,35.44645690917969,4.98,0.0,0
46806,371.926,18.076,-2.0,0.0,447.988,0.0,0.0,-0.2,5.737,0,7.0,0.78,309.825,-2.9032,35.64,35.44645690917969,4.98,0.0,0
46806,371.926,18.076,-2.0,0.0,447.927,0.0,0.0,0.0,5.737,0,6.0,0.73,309.825,-3.1672000000000002,35.61,35.44645690917969,4.98,0.0,0
46806,368.857,18.066000000000003,2.5,0.0,448.10900000000004,0.0,0.0,0.0,5.737,0,6.0,0.77,309.825,0.0,35.4,35.44645690917969,4.98,0.0,0
46806,347.029,18.135,12.200000000000001,1.0,447.806,0.0,0.0,0.2,5.737,0,-4.0,0.745,309.825,1.3196,34.77,35.44645690917969,4.98,0.0,0
46806,322.813,18.330000000000002,26.400000000000002,1.0,447.867,0.0,0.0,-0.2,5.737,0,-19.0,0.725,309.915,2.5733,34.29,35.44645690917969,4.98,0.0,0
46806,284.956,18.672,39.1,1.0,447.867,0.0,0.0,0.0,5.737,0,-41.0,0.795,309.825,1.0557,34.05,35.44645690917969,4.98,0.0,0
46806,238.572,19.102,45.7,0.0,448.291,0.0,0.0,0.0,5.737,0,-33.0,0.78,309.825,-1.5836000000000001,35.61,35.44645690917969,4.98,0.0,0
46806,192.017,19.551000000000002,42.2,0.0,448.291,0.0,0.0,0.0,5.737,0,-20.0,0.78,309.69,-4.6188,36.300000000000004,35.44645690917969,4.98,0.0,0
46806,139.323,20.117,79.8,-1.0,448.10900000000004,0.0,0.0,0.2,5.737,0,-19.0,0.745,309.915,0.19790000000000002,37.38,35.44645690917969,4.98,0.0,0
46806,56.787,21.162000000000003,125.60000000000001,0.0,448.169,0.0,0.0,0.0,5.737,0,-16.0,0.79,309.825,1.9795,37.410000000000004,35.44645690917969,4.98,0.0,0
46806,-16.882,22.432000000000002,106.80000000000001,0.0,447.927,0.0,0.0,0.0,5.737,0,-21.0,0.74,309.825,3.596,37.11,35.44645690917969,4.98,0.0,0
46806,-16.2,23.213,53.900000000000006,0.0,447.867,0.0,0.0,-0.2,5.737,0,-38.0,0.735,309.825,-3.1672000000000002,36.18,35.44645690917969,4.98,0.0,0
46806,-9.379,23.535,12.200000000000001,0.0,447.988,0.0,0.0,0.0,5.737,0,-15.0,0.78,309.915,-0.066,36.03,35.44645690917969,4.98,0.0,0
46806,-3.0700000000000003,23.516000000000002,-6.6000000000000005,-1.0,448.351,0.0,0.0,0.0,5.737,0,-15.0,0.735,309.825,2.3754,36.54,35.44645690917969,4.98,0.0,0
46806,-3.0700000000000003,23.496000000000002,0.5,-1.0,448.10900000000004,0.0,0.0,0.0,5.737,0,-4.0,0.745,309.825,1.0557,36.45,35.44645690917969,4.98,0.0,0
46806,-3.7520000000000002,23.496000000000002,0.0,-1.0,447.262,0.0,0.0,0.2,5.737,0,4.0,0.75,309.825,-3.1672000000000002,35.04,35.44645690917969,4.98,0.0,0
46806,-2.5580000000000003,23.496000000000002,-0.5,0.0,447.202,0.0,0.0,0.0,5.737,0,70.0,0.78,309.915,-1.6496000000000002,34.14,35.44645690917969,4.98,0.0,0
46806,-1.364,23.496000000000002,0.5,5.0,447.685,0.0,0.0,0.2,5.737,0,187.0,0.775,309.825,2.1114,34.26,35.44645690917969,4.98,0.0,0
46806,0.0,23.496000000000002,0.0,15.0,447.927,0.0,0.0,0.0,5.737,0,286.0,0.745,309.915,-0.8578,34.35,35.44645690917969,4.98,0.0,0
46806,1.364,23.496000000000002,0.0,29.0,448.048,0.0,0.0,-0.2,5.737,0,357.0,0.8,309.825,-1.7155,34.74,35.44645690917969,4.98,0.0,0
46806,2.387,23.496000000000002,0.0,47.0,447.685,0.0,0.0,0.0,5.737,0,440.0,0.745,309.69,0.6268,35.85,35.44645690917969,4.98,0.0,0
46806,4.263,23.496000000000002,0.5,67.0,447.141,0.0,0.0,0.0,5.737,0,477.0,0.81,309.825,-6.334300000000001,37.050000000000004,35.44645690917969,4.98,0.0,0
46806,6.139,23.506,0.0,89.0,447.383,0.0,0.0,0.0,5.737,0,492.0,0.76,309.825,0.2639,37.02,35.44645690917969,4.98,0.0,0
46806,7.503,23.506,0.0,111.0,447.564,0.0,0.0,0.0,5.737,0,500.0,0.77,309.915,6.0704,35.76,35.44645690917969,4.98,0.0,0
46806,9.209,23.506,0.0,133.0,447.383,0.0,0.0,0.0,5.737,0,481.0,0.765,309.915,-1.6496000000000002,35.79,35.44645690917969,4.98,0.0,0
46806,9.891,23.506,0.0,153.0,447.141,0.0,0.0,0.0,5.737,0,435.0,0.775,309.915,1.8475000000000001,35.82,35.44645690917969,4.98,0.0,0
46806,10.061,23.506,0.0,155.0,447.141,0.0,0.0,0.0,5.737,0,430.0,0.8,309.825,1.4516,35.79,35.44645690917969,4.98,0.0,0
46806,11.426,23.506,0.0,173.0,447.383,0.0,0.0,-0.2,5.737,0,374.0,0.755,309.825,0.6763,35.34,35.44645690917969,4.98,0.0,0
46806,11.767,23.506,0.0,187.0,447.444,0.0,0.0,0.2,5.737,0,304.0,0.81,309.825,-1.0392000000000001,35.37,35.44645690917969,4.98,0.0,0
46806,12.619,23.506,0.0,198.0,447.444,0.0,0.0,0.0,5.737,0,224.0,0.79,309.915,-0.39590000000000003,34.83,35.44645690917969,4.98,0.0,0
46806,12.619,23.506,0.0,204.0,447.444,0.0,0.0,0.0,5.737,0,152.0,0.79,309.915,-0.34640000000000004,34.77,35.44645690917969,4.98,0.0,0
46806,13.131,23.506,0.0,206.0,447.32300000000004,0.0,0.0,0.2,5.737,0,63.0,0.77,309.915,3.7445000000000004,34.05,35.44645690917969,4.98,0.0,0
46806,13.301,23.506,0.0,204.0,447.625,0.0,0.0,0.0,5.737,0,55.0,0.775,309.825,0.2144,34.800000000000004,35.44645690917969,4.98,0.0,0
46806,13.813,23.506,-0.5,202.0,447.383,0.0,0.0,0.0,5.737,0,79.0,0.76,309.915,-1.1877,34.71,35.44645690917969,4.98,0.0,0
46806,14.666,23.506,0.0,200.0,447.504,0.0,0.0,0.0,5.737,0,92.0,0.78,309.825,-2.4249,34.86,35.44645690917969,4.98,0.0,0
46806,18.588,23.506,0.0,199.0,447.32300000000004,0.0,0.0,0.0,5.737,0,100.0,0.725,309.825,-1.6496000000000002,35.28,35.44645690917969,4.98,0.0,0
46806,25.580000000000002,23.506,1.0,200.0,447.504,0.0,0.0,0.0,5.737,0,110.0,0.75,309.915,4.1569,36.33,35.44645690917969,4.98,0.0,0
46806,29.672,23.535,4.5,199.0,447.383,0.0,0.0,0.0,5.737,0,109.0,0.76,309.825,-0.9897,36.18,35.44645690917969,4.98,0.0,0
46806,32.571,23.594,7.1000000000000005,201.0,447.383,0.0,0.0,-0.2,5.737,0,100.0,0.77,309.69,-2.5486,36.6,35.44645690917969,4.98,0.0,0
46806,34.447,23.682000000000002,9.1,200.0,447.383,0.0,0.0,0.0,5.737,0,114.0,0.755,309.915,-0.5279,36.0,35.44645690917969,4.98,0.0,0
46806,33.765,23.799,11.700000000000001,200.0,447.444,0.0,0.0,0.0,5.737,0,107.0,0.755,309.825,-0.19790000000000002,35.67,35.44645690917969,4.98,0.0,0
46806,32.401,23.926000000000002,14.200000000000001,200.0,447.32300000000004,0.0,0.0,0.2,5.737,0,107.0,0.79,309.69,-0.23920000000000002,35.37,35.44645690917969,4.98,0.0,0
46806,32.401,23.936,12.700000000000001,200.0,447.202,0.0,0.0,-0.2,5.737,0,108.0,0.76,309.69,-0.7918000000000001,35.31,35.44645690917969,4.98,0.0,0
46806,30.695,24.082,15.700000000000001,200.0,447.262,0.0,0.0,0.2,5.737,0,107.0,0.765,309.825,-0.19790000000000002,34.59,35.44645690917969,4.98,0.0,0
46806,28.649,24.238,15.200000000000001,200.0,447.383,0.0,0.0,0.0,5.737,0,108.0,0.76,309.825,-0.5279,33.81,35.44645690917969,4.98,0.0,0
46806,26.944,24.395,16.3,200.0,447.564,0.0,0.0,0.0,5.737,0,108.0,0.76,309.825,3.0682,33.3,35.44645690917969,4.98,0.0,0
46806,24.556,24.561,15.700000000000001,200.0,447.32300000000004,0.0,0.0,0.2,5.737,0,104.0,0.78,309.825,3.2991,33.87,35.44645690917969,4.98,0.0,0
46806,23.192,24.727,15.700000000000001,200.0,447.383,0.0,0.0,0.0,5.737,0,110.0,0.765,309.825,0.0,35.160000000000004,35.44645690917969,4.98,0.0,0
46806,21.828,24.883000000000003,15.700000000000001,200.0,446.96000000000004,0.0,0.0,0.0,5.737,0,103.0,0.76,309.69,-2.7713,36.36,35.44645690917969,4.98,0.0,0
46806,20.805,25.039,14.700000000000001,200.0,447.081,0.0,0.0,0.0,5.737,0,110.0,0.765,309.825,-3.4311000000000003,36.93,35.44645690917969,4.98,0.0,0
46806,19.952,25.186,15.200000000000001,200.0,447.383,0.0,0.0,0.2,5.737,0,111.0,0.785,309.825,1.1877,37.08,35.44645690917969,4.98,0.0,0
46806,19.27,25.322000000000003,14.200000000000001,200.0,447.141,0.0,0.0,0.0,5.737,0,95.0,0.775,309.915,2.4743,35.97,35.44645690917969,4.98,0.0,0
46806,19.099,25.469,13.200000000000001,200.0,447.383,0.0,0.0,0.0,5.737,0,110.0,0.765,309.825,0.7918000000000001,36.12,35.44645690917969,4.98,0.0,0
46806,18.929000000000002,25.596,12.700000000000001,200.0,447.625,0.0,0.0,0.2,5.737,0,112.0,0.795,309.69,-0.4289,35.550000000000004,35.44645690917969,4.98,0.0,0
46806,19.44,25.723000000000003,12.700000000000001,200.0,447.625,0.0,0.0,0.0,5.737,0,111.0,0.75,309.915,-2.2434000000000003,34.62,35.44645690917969,4.98,0.0,0
46806,19.611,25.85,12.200000000000001,200.0,447.685,0.0,0.0,0.0,5.737,0,112.0,0.77,309.915,2.3094,34.410000000000004,35.44645690917969,4.98,0.0,0
46806,20.123,25.977,12.700000000000001,200.0,447.564,0.0,0.0,-0.2,5.737,0,111.0,0.8,309.825,3.8270000000000004,33.96,35.44645690917969,4.98,0.0,0
46806,20.805,26.094,11.700000000000001,200.0,447.625,0.0,0.0,0.2,5.737,0,109.0,0.77,309.915,-2.1114,34.44,35.44645690917969,4.98,0.0,0
46806,21.316,26.221,12.200000000000001,200.0,447.262,0.0,0.0,0.2,5.737,0,111.0,0.745,309.69,-5.1466,34.59,35.44645690917969,4.98,0.0,0
46806,21.998,26.348000000000003,13.200000000000001,200.0,447.262,0.0,0.0,0.0,5.737,0,114.0,0.775,309.69,-0.165,34.47,35.44645690917969,4.98,0.0,0
46806,21.828,26.484,13.200000000000001,200.0,447.444,0.0,0.0,0.2,5.737,0,111.0,0.785,309.825,-1.8475000000000001,35.31,35.44645690917969,4.98,0.0,0
46806,22.339000000000002,26.611,13.700000000000001,200.0,447.625,0.0,0.0,0.2,5.737,0,112.0,0.78,309.825,-0.3629,35.910000000000004,35.44645690917969,4.98,0.0,0
46806,22.339000000000002,26.748,13.200000000000001,200.0,447.383,0.0,0.0,0.2,5.737,0,117.0,0.755,309.825,2.7713,36.45,35.44645690917969,4.98,0.0,0
46806,22.851,26.885,13.700000000000001,200.0,447.625,0.0,0.0,0.0,5.737,0,108.0,0.77,309.915,0.9897,36.27,35.44645690917969,4.98,0.0,0
46806,21.828,27.021,14.200000000000001,200.0,447.262,0.0,0.0,-0.2,5.737,0,104.0,0.8,309.825,2.1114,36.18,35.44645690917969,4.98,0.0,0
46806,21.998,27.158,13.200000000000001,200.0,447.262,0.0,0.0,0.2,5.737,0,113.0,0.8,309.825,1.0557,36.21,35.44645690917969,4.98,0.0,0
46806,22.169,27.295,13.700000000000001,200.0,447.564,0.0,0.0,0.2,5.737,0,110.0,0.74,309.825,-2.9032,36.12,35.44645690917969,4.98,0.0,0
46806,21.487000000000002,27.432000000000002,13.700000000000001,200.0,447.625,0.0,0.0,-0.2,5.737,0,117.0,0.77,309.825,0.5279,35.94,35.44645690917969,4.98,0.0,0
46806,21.657,27.568,13.700000000000001,200.0,447.141,0.0,0.0,0.0,5.737,0,116.0,0.795,309.915,2.1114,35.01,35.44645690917969,4.98,0.0,0
46806,21.487000000000002,27.705000000000002,14.200000000000001,200.0,447.02,0.0,0.0,-0.2,5.737,0,115.0,0.78,309.69,-0.9567,34.2,35.44645690917969,4.98,0.0,0
46806,21.657,27.725,13.700000000000001,200.0,447.02,0.0,0.0,0.0,5.737,0,118.0,0.78,309.69,-2.0207,34.11,35.44645690917969,4.98,0.0,0
46806,21.316,27.861,13.700000000000001,200.0,447.625,0.0,0.0,0.2,5.737,0,111.0,0.785,309.825,-0.5938,33.81,35.44645690917969,4.98,0.0,0
46806,21.487000000000002,27.998,13.700000000000001,200.0,447.383,0.0,0.0,0.0,5.737,0,116.0,0.79,309.915,0.5938,33.84,35.44645690917969,4.98,0.0,0
46806,21.316,28.125,13.200000000000001,200.0,447.081,0.0,0.0,-0.2,5.737,0,118.0,0.79,309.825,1.8887,35.160000000000004,35.44645690917969,4.98,0.0,0
46806,21.487000000000002,28.262,13.200000000000001,200.0,447.444,0.0,0.0,0.0,5.737,0,113.0,0.77,309.825,0.28040000000000004,35.79,35.44645690917969,4.98,0.0,0
46806,21.487000000000002,28.398,14.200000000000001,200.0,447.141,0.0,0.0,0.0,5.737,0,114.0,0.77,309.825,-1.3032000000000001,36.33,35.44645690917969,4.98,0.0,0
46806,21.487000000000002,28.535,14.200000000000001,200.0,447.141,0.0,0.0,0.2,5.737,0,116.0,0.775,309.825,0.2639,36.480000000000004,35.44645690917969,4.98,0.0,0
46806,21.998,28.672,13.700000000000001,200.0,447.504,0.0,0.0,-0.2,5.737,0,115.0,0.8,309.825,1.3196,36.12,35.44645690917969,4.98,0.0,0
46806,22.169,28.809,14.200000000000001,200.0,447.383,0.0,0.0,0.0,5.737,0,120.0,0.74,309.825,0.132,35.79,35.44645690917969,4.98,0.0,0
46806,21.998,28.955000000000002,13.200000000000001,200.0,447.262,0.0,0.0,-0.2,5.737,0,123.0,0.775,309.825,-1.3196,36.18,35.44645690917969,4.98,0.0,0
46806,21.998,29.092000000000002,14.200000000000001,200.0,447.444,0.0,0.0,0.0,5.737,0,113.0,0.79,310.005,1.6826,36.21,35.44645690917969,4.98,0.0,0
46806,21.487000000000002,29.229000000000003,14.200000000000001,200.0,447.262,0.0,0.0,0.0,5.737,0,117.0,0.785,309.825,4.2229,36.54,35.44645690917969,4.98,0.0,0
46806,21.657,29.375,13.700000000000001,200.0,447.262,0.0,0.0,0.2,5.737,0,124.0,0.78,309.825,-3.2331000000000003,36.03,35.44645690917969,4.98,0.0,0
46806,21.316,29.512,14.200000000000001,200.0,447.444,0.0,0.0,-0.2,5.737,0,120.0,0.78,309.915,-4.9322,35.04,35.44645690917969,4.98,0.0,0
46806,21.487000000000002,29.648,13.700000000000001,200.0,447.444,0.0,0.0,0.0,5.737,0,122.0,0.79,309.825,2.1939,33.87,35.44645690917969,4.98,0.0,0
46806,21.316,29.795,14.200000000000001,200.0,447.383,0.0,0.0,0.0,5.737,0,121.0,0.775,309.825,0.7918000000000001,33.87,35.44645690917969,4.98,0.0,0
46806,21.487000000000002,29.932000000000002,14.200000000000001,200.0,447.262,0.0,0.0,0.0,5.737,0,119.0,0.765,309.825,-1.8475000000000001,34.62,35.44645690917969,4.98,0.0,0
46806,21.657,30.068,12.700000000000001,200.0,447.32300000000004,0.0,0.0,0.2,5.737,0,122.0,0.76,309.825,-0.2639,35.550000000000004,35.44645690917969,4.98,0.0,0
46806,21.487000000000002,30.205000000000002,14.700000000000001,200.0,447.444,0.0,0.0,-0.2,5.737,0,124.0,0.75,309.825,-0.132,36.300000000000004,35.44645690917969,4.98,0.0,0
46806,21.657,30.352,13.700000000000001,200.0,447.383,0.0,0.0,0.0,5.737,0,119.0,0.765,309.825,-4.024900000000001,37.53,35.44645690917969,4.98,0.0,0
46806,21.657,30.488000000000003,13.700000000000001,200.0,447.444,0.0,0.0,0.0,5.737,0,123.0,0.78,309.825,0.8578,36.9,35.44645690917969,4.98,0.0,0
46806,21.657,30.635,13.200000000000001,200.0,447.746,0.0,0.0,0.2,5.737,0,125.0,0.785,309.825,2.7053000000000003,36.480000000000004,35.44645690917969,4.98,0.0,0
46806,21.487000000000002,30.771,13.200000000000001,200.0,447.746,0.0,0.0,0.0,5.737,0,123.0,0.76,309.825,0.899,36.18,35.44645690917969,4.98,0.0,0
46806,21.487000000000002,30.908,14.200000000000001,200.0,447.383,0.0,0.0,0.2,5.737,0,126.0,0.77,309.825,0.39590000000000003,36.15,35.44645690917969,4.98,0.0,0
46806,21.657,31.055,14.200000000000001,200.0,447.564,0.0,0.0,0.0,5.737,0,127.0,0.75,309.69,-2.9445,36.480000000000004,35.44645690917969,4.98,0.0,0
46806,21.487000000000002,31.191000000000003,14.200000000000001,200.0,447.746,0.0,0.0,0.2,5.737,0,120.0,0.765,309.915,-3.9754,36.18,35.44645690917969,4.98,0.0,0
46806,21.316,31.328000000000003,13.700000000000001,200.0,447.141,0.0,0.0,0.0,5.737,0,129.0,0.76,309.69,-1.3444,35.52,35.44645690917969,4.98,0.0,0
46806,21.487000000000002,31.465,14.200000000000001,200.0,446.96000000000004,0.0,0.0,0.0,5.737,0,129.0,0.765,309.825,0.37120000000000003,34.26,35.44645690917969,4.98,0.0,0
46806,21.316,31.484,13.700000000000001,200.0,446.96000000000004,0.0,0.0,-0.2,5.737,0,129.0,0.74,309.825,0.165,34.14,35.44645690917969,4.98,0.0,0
46806,20.975,31.621000000000002,14.200000000000001,200.0,447.32300000000004,0.0,0.0,0.0,5.737,0,127.0,0.745,309.825,-0.2639,33.9,35.44645690917969,4.98,0.0,0
46806,21.316,31.758000000000003,13.200000000000001,200.0,447.564,0.0,0.0,0.2,5.737,0,128.0,0.755,309.825,1.4846000000000001,34.5,35.44645690917969,4.98,0.0,0
46806,21.146,31.904,15.200000000000001,200.0,447.625,0.0,0.0,0.0,5.737,0,131.0,0.76,309.915,2.7713,35.730000000000004,35.44645690917969,4.98,0.0,0
46806,21.146,32.041000000000004,13.200000000000001,200.0,447.262,0.0,0.0,0.2,5.737,0,120.0,0.77,309.825,3.1672000000000002,36.99,35.44645690917969,4.98,0.0,0
46806,21.316,32.178000000000004,14.200000000000001,200.0,447.444,0.0,0.0,0.0,5.737,0,131.0,0.745,309.915,-0.5279,37.47,35.44645690917969,4.98,0.0,0
46806,21.657,32.314,14.200000000000001,200.0,447.625,0.0,0.0,-0.2,5.737,0,127.0,0.785,309.825,-2.0455,37.2,35.44645690917969,4.98,0.0,0
46806,21.487000000000002,32.451,13.200000000000001,200.0,447.746,0.0,0.0,-0.2,5.737,0,134.0,0.77,309.915,1.7155,36.660000000000004,35.44645690917969,4.98,0.0,0
46806,21.828,32.588,13.700000000000001,200.0,447.444,0.0,0.0,0.2,5.737,0,131.0,0.76,309.825,0.8578,35.85,35.44645690917969,4.98,0.0,0
46806,21.828,32.734,14.700000000000001,200.0,447.081,0.0,0.0,0.0,5.737,0,132.0,0.77,309.825,-0.7918000000000001,35.88,35.44645690917969,4.98,0.0,0
46806,21.828,32.871,14.700000000000001,200.0,447.262,0.0,0.0,0.2,5.737,0,131.0,0.8,309.825,-0.9897,36.27,35.44645690917969,4.98,0.0,0
46806,21.998,33.018,14.200000000000001,200.0,447.444,0.0,0.0,-0.2,5.737,0,126.0,0.79,309.825,-1.9795,35.79,35.44645690917969,4.98,0.0,0
46806,21.998,33.164,13.700000000000001,200.0,447.262,0.0,0.0,0.0,5.737,0,136.0,0.785,309.825,1.5836000000000001,35.13,35.44645690917969,4.98,0.0,0
46806,21.998,33.311,14.200000000000001,200.0,447.202,0.0,0.0,0.0,5.737,0,136.0,0.755,309.825,2.2434000000000003,34.410000000000004,35.44645690917969,4.98,0.0,0
46806,21.316,33.447,14.200000000000001,200.0,447.141,0.0,0.0,0.2,5.737,0,136.0,0.795,309.915,1.5176,33.63,35.44645690917969,4.98,0.0,0
46806,21.487000000000002,33.594,14.200000000000001,200.0,447.32300000000004,0.0,0.0,0.2,5.737,0,141.0,0.785,309.69,-1.7155,34.35,35.44645690917969,4.98,0.0,0
46806,21.316,33.730000000000004,15.200000000000001,200.0,447.444,0.0,0.0,-0.2,5.737,0,141.0,0.775,309.825,-2.3754,35.19,35.44645690917969,4.98,0.0,0
46806,21.146,33.877,14.200000000000001,200.0,447.564,0.0,0.0,0.0,5.737,0,134.0,0.745,309.915,1.1877,36.39,35.44645690917969,4.98,0.0,0
46806,21.316,34.023,14.200000000000001,200.0,447.625,0.0,0.0,0.0,5.737,0,143.0,0.75,309.825,3.0682,37.410000000000004,35.44645690917969,4.98,0.0,0
46806,21.316,34.160000000000004,14.700000000000001,200.0,447.444,0.0,0.0,0.0,5.737,0,140.0,0.77,309.825,0.2639,37.08,35.44645690917969,4.98,0.0,0
46806,21.657,34.307,14.200000000000001,200.0,447.444,0.0,0.0,0.0,5.737,0,140.0,0.76,309.825,0.066,35.97,35.44645690917969,4.98,0.0,0
46806,21.487000000000002,34.453,14.200000000000001,200.0,447.262,0.0,0.0,0.0,5.737,0,136.0,0.775,309.915,0.5279,34.92,35.44645690917969,4.98,0.0,0
46806,21.487000000000002,34.59,14.700000000000001,200.0,446.96000000000004,0.0,0.0,0.2,5.737,0,148.0,0.78,309.69,-3.596,35.04,35.44645690917969,4.98,0.0,0
46806,21.146,34.736000000000004,13.700000000000001,200.0,447.141,0.0,0.0,0.0,5.737,0,135.0,0.76,309.825,-1.9795,35.37,35.44645690917969,4.98,0.0,0
46806,21.146,34.873000000000005,13.200000000000001,200.0,447.081,0.0,0.0,0.2,5.737,0,144.0,0.77,309.69,-1.6826,35.43,35.44645690917969,4.98,0.0,0
46806,21.316,35.02,14.200000000000001,200.0,446.778,0.0,0.0,0.0,5.737,0,144.0,0.755,309.825,1.5836000000000001,35.31,35.44645690917969,4.98,0.0,0
46806,20.975,35.156,13.700000000000001,200.0,447.081,0.0,0.0,0.0,5.737,0,136.0,0.75,309.825,0.7918000000000001,34.59,35.44645690917969,4.98,0.0,0
46806,21.146,35.293,14.200000000000001,200.0,447.202,0.0,0.0,-0.2,5.737,0,145.0,0.755,309.915,4.6188,34.35,35.44645690917969,4.98,0.0,0
46806,20.975,35.313,13.200000000000001,200.0,447.202,0.0,0.0,0.0,5.737,0,141.0,0.795,309.69,3.1012,34.29,35.44645690917969,4.98,0.0,0
46806,21.316,35.449000000000005,13.200000000000001,200.0,447.081,0.0,0.0,-0.2,5.737,0,144.0,0.785,309.915,1.897,34.11,35.44645690917969,4.98,0.0,0
46806,21.316,35.586,13.700000000000001,200.0,447.262,0.0,0.0,0.2,5.737,0,141.0,0.775,309.825,-2.1114,35.01,35.44645690917969,4.98,0.0,0
46806,21.487000000000002,35.732,14.700000000000001,200.0,447.081,0.0,0.0,0.0,5.737,0,142.0,0.765,309.69,-2.5321000000000002,35.67,35.44645690917969,4.98,0.0,0
46806,21.487000000000002,35.869,13.700000000000001,200.0,446.96000000000004,0.0,0.0,0.2,5.737,0,144.0,0.795,309.825,0.6763,36.6,35.44645690917969,4.98,0.0,0
46806,21.487000000000002,36.006,13.700000000000001,200.0,446.899,0.0,0.0,0.0,5.737,0,148.0,0.745,309.825,2.1527000000000003,36.84,35.44645690917969,4.98,0.0,0
46806,21.146,36.143,14.200000000000001,200.0,447.32300000000004,0.0,0.0,0.0,5.737,0,140.0,0.735,309.825,4.1321,36.69,35.44645690917969,4.98,0.0,0
46806,21.316,36.279,12.700000000000001,200.0,447.444,0.0,0.0,-0.2,5.737,0,141.0,0.74,309.825,-0.2474,36.33,35.44645690917969,4.98,0.0,0
46806,21.487000000000002,36.416000000000004,13.700000000000001,200.0,447.262,0.0,0.0,0.0,5.737,0,143.0,0.775,309.825,-1.1877,35.31,35.44645690917969,4.98,0.0,0
46806,21.487000000000002,36.563,14.200000000000001,200.0,447.141,0.0,0.0,0.0,5.737,0,141.0,0.78,309.825,0.8083,35.04,35.44645690917969,4.98,0.0,0
46806,21.487000000000002,36.699000000000005,14.200000000000001,200.0,447.32300000000004,0.0,0.0,0.0,5.737,0,145.0,0.765,309.825,-2.7053000000000003,35.19,35.44645690917969,4.98,0.0,0
46806,22.169,36.836,14.700000000000001,200.0,447.32300000000004,0.0,0.0,0.2,5.737,0,144.0,0.775,309.825,-1.9135000000000002,35.34,35.44645690917969,4.98,0.0,0
46806,22.339000000000002,36.982,15.200000000000001,200.0,446.839,0.0,0.0,0.0,5.737,0,143.0,0.745,309.825,-0.066,34.71,35.44645690917969,4.98,0.0,0
46806,22.169,37.119,14.200000000000001,200.0,447.081,0.0,0.0,0.0,5.737,0,145.0,0.73,309.915,2.2022,34.59,35.44645690917969,4.98,0.0,0
46806,22.169,37.266,14.700000000000001,200.0,447.081,0.0,0.0,0.0,5.737,0,150.0,0.765,309.69,-2.6805000000000003,34.83,35.44645690917969,4.98,0.0,0
46806,21.998,37.412,14.700000000000001,200.0,447.141,0.0,0.0,0.0,5.737,0,147.0,0.78,309.825,-4.8167,35.730000000000004,35.44645690917969,4.98,0.0,0
46806,21.487000000000002,37.549,13.700000000000001,200.0,447.383,0.0,0.0,0.0,5.737,0,148.0,0.75,309.825,0.34640000000000004,35.76,35.44645690917969,4.98,0.0,0
46806,21.998,37.695,14.700000000000001,200.0,447.081,0.0,0.0,0.0,5.737,0,159.0,0.77,309.825,6.5735,35.88,35.44645690917969,4.98,0.0,0
46806,21.487000000000002,37.842,14.200000000000001,200.0,447.262,0.0,0.0,-0.2,5.737,0,147.0,0.77,309.69,1.0805,36.15,35.44645690917969,4.98,0.0,0
46806,21.146,37.979,13.700000000000001,200.0,447.32300000000004,0.0,0.0,0.0,5.737,0,150.0,0.775,309.915,-0.7423000000000001,36.21,35.44645690917969,4.98,0.0,0
46806,21.487000000000002,38.125,15.200000000000001,200.0,447.081,0.0,0.0,-0.2,5.737,0,148.0,0.755,309.825,0.3299,36.78,35.44645690917969,4.98,0.0,0
46806,21.487000000000002,38.271,14.700000000000001,200.0,447.262,0.0,0.0,0.0,5.737,0,145.0,0.765,309.915,2.8372,36.300000000000004,35.44645690917969,4.98,0.0,0
46806,21.316,38.408,14.200000000000001,200.0,447.02,0.0,0.0,0.0,5.737,0,149.0,0.785,309.825,-0.7753,35.88,35.44645690917969,4.98,0.0,0
46806,21.146,38.555,14.200000000000001,200.0,447.02,0.0,0.0,0.0,5.737,0,152.0,0.795,309.825,-0.6598,34.26,35.44645690917969,4.98,0.0,0
46806,21.487000000000002,38.691,14.700000000000001,200.0,447.262,0.0,0.0,0.0,5.737,0,146.0,0.79,309.825,-3.2166,33.09,35.44645690917969,4.98,0.0,0
46806,21.657,38.838,14.200000000000001,200.0,447.32300000000004,0.0,0.0,-0.2,5.737,0,150.0,0.795,309.915,3.0847,32.88,35.44645690917969,4.98,0.0,0
46806,21.657,38.975,13.700000000000001,200.0,447.081,0.0,0.0,0.0,5.737,0,150.0,0.765,309.825,4.6848,33.24,35.44645690917969,4.98,0.0,0
46806,21.316,39.121,14.200000000000001,200.0,447.02,0.0,0.0,0.2,5.737,0,147.0,0.765,309.825,-1.4516,34.44,35.44645690917969,4.98,0.0,0
46806,21.316,39.131,13.700000000000001,200.0,447.02,0.0,0.0,0.2,5.737,0,147.0,0.775,309.825,-1.8475000000000001,34.62,35.44645690917969,4.98,0.0,0
46806,21.316,39.277,14.700000000000001,200.0,447.081,0.0,0.0,0.0,5.737,0,138.0,0.765,309.825,-2.0455,35.67,35.44645690917969,4.98,0.0,0
46806,21.316,39.424,14.700000000000001,200.0,447.081,0.0,0.0,0.0,5.737,0,160.0,0.775,309.825,1.3196,35.85,35.44645690917969,4.98,0.0,0
46806,21.316,39.561,14.200000000000001,200.0,447.32300000000004,0.0,0.0,-0.2,5.737,0,152.0,0.785,309.915,3.629,35.37,35.44645690917969,4.98,0.0,0
46806,20.975,39.697,14.200000000000001,200.0,447.444,0.0,0.0,0.0,5.737,0,149.0,0.77,309.915,2.6393,35.22,35.44645690917969,4.98,0.0,0
46806,21.316,39.844,13.200000000000001,200.0,447.262,0.0,0.0,-0.2,5.737,0,152.0,0.79,309.69,-4.1239,35.46,35.44645690917969,4.98,0.0,0
46806,21.487000000000002,39.980000000000004,14.200000000000001,201.0,447.202,0.0,0.0,0.0,5.737,0,149.0,0.75,309.825,-5.1466,35.49,35.44645690917969,4.98,0.0,0
46806,21.487000000000002,40.117000000000004,14.200000000000001,200.0,447.444,0.0,0.0,0.0,5.737,0,149.0,0.8,309.69,-0.099,35.7,35.44645690917969,4.98,0.0,0
46806,21.487000000000002,40.264,14.200000000000001,200.0,447.262,0.0,0.0,0.0,5.737,0,155.0,0.795,309.915,5.0147,35.22,35.44645690917969,4.98,0.0,0
46806,20.975,40.4,13.700000000000001,200.0,447.564,0.0,0.0,0.2,5.737,0,150.0,0.755,309.825,-1.3196,33.93,35.44645690917969,4.98,0.0,0
46806,21.316,40.537,12.700000000000001,200.0,447.444,0.0,0.0,0.2,5.737,0,149.0,0.75,309.69,-1.7155,33.51,35.44645690917969,4.98,0.0,0
46806,21.487000000000002,40.684000000000005,14.700000000000001,200.0,447.504,0.0,0.0,0.0,5.737,0,150.0,0.78,309.915,-0.7918000000000001,33.36,35.44645690917969,4.98,0.0,0
46806,21.316,40.82,14.200000000000001,200.0,447.685,0.0,0.0,0.2,5.737,0,150.0,0.775,309.915,3.4311000000000003,33.21,35.44645690917969,4.98,0.0,0
46806,21.487000000000002,40.957,14.200000000000001,200.0,447.383,0.0,0.0,0.2,5.737,0,142.0,0.76,309.825,0.6928000000000001,33.9,35.44645690917969,4.98,0.0,0
46806,21.828,41.104,13.700000000000001,200.0,447.081,0.0,0.0,0.0,5.737,0,155.0,0.755,309.825,-1.7155,35.25,35.44645690917969,4.98,0.0,0
46806,21.657,41.24,13.700000000000001,200.0,447.383,0.0,0.0,0.0,5.737,0,148.0,0.765,309.915,2.6393,35.88,35.44645690917969,4.98,0.0,0
46806,21.998,41.387,14.700000000000001,200.0,447.444,0.0,0.0,0.0,5.737,0,156.0,0.79,309.69,-3.563,36.09,35.44645690917969,4.98,0.0,0
46806,22.339000000000002,41.533,14.700000000000001,200.0,447.444,0.0,0.0,0.2,5.737,0,162.0,0.795,309.69,-4.3878,35.58,35.44645690917969,4.98,0.0,0
46806,21.487000000000002,41.67,13.700000000000001,200.0,447.444,0.0,0.0,0.2,5.737,0,147.0,0.775,309.915,1.3196,34.95,35.44645690917969,4.98,0.0,0
46806,21.657,41.816,14.700000000000001,200.0,447.444,0.0,0.0,-0.2,5.737,0,151.0,0.8,309.825,2.8043,34.47,35.44645690917969,4.98,0.0,0
46806,21.828,41.963,14.700000000000001,200.0,447.383,0.0,0.0,0.0,5.737,0,154.0,0.745,309.825,0.6598,34.77,35.44645690917969,4.98,0.0,0
46806,22.339000000000002,42.109,15.200000000000001,200.0,447.262,0.0,0.0,0.2,5.737,0,152.0,0.785,309.825,-2.5733,34.59,35.44645690917969,4.98,0.0,0
46806,21.487000000000002,42.256,13.700000000000001,200.0,447.504,0.0,0.0,0.2,5.737,0,153.0,0.8,309.825,0.39590000000000003,34.56,35.44645690917969,4.98,0.0,0
46806,21.146,42.402,14.200000000000001,200.0,447.444,0.0,0.0,0.0,5.737,0,153.0,0.75,309.825,3.9589000000000003,34.53,35.44645690917969,4.98,0.0,0
46806,21.146,42.549,15.200000000000001,200.0,447.625,0.0,0.0,0.2,5.737,0,154.0,0.795,309.825,1.5836000000000001,33.6,35.44645690917969,4.98,0.0,0
46806,21.316,42.559000000000005,14.700000000000001,200.0,447.625,0.0,0.0,0.0,5.737,0,157.0,0.77,309.915,1.8310000000000002,33.42,35.44645690917969,4.98,0.0,0
46806,21.487000000000002,42.705000000000005,14.200000000000001,200.0,447.625,0.0,0.0,0.0,5.737,0,152.0,0.79,309.825,-0.39590000000000003,33.45,35.44645690917969,4.98,0.0,0
46806,21.487000000000002,42.852000000000004,14.700000000000001,200.0,447.383,0.0,0.0,0.0,5.737,0,150.0,0.805,309.825,-4.4208,34.230000000000004,35.44645690917969,4.98,0.0,0
46806,21.487000000000002,42.998000000000005,14.700000000000001,200.0,447.625,0.0,0.0,0.2,5.737,0,159.0,0.77,309.915,-0.8743000000000001,34.92,35.44645690917969,4.98,0.0,0
46806,21.316,43.135000000000005,14.200000000000001,200.0,447.444,0.0,0.0,0.2,5.737,0,150.0,0.805,309.825,0.7918000000000001,35.88,35.44645690917969,4.98,0.0,0
46806,21.146,43.281,14.200000000000001,200.0,447.564,0.0,0.0,0.0,5.737,0,158.0,0.775,309.915,2.2681,36.54,35.44645690917969,4.98,0.0,0
46806,21.657,43.428000000000004,14.700000000000001,200.0,447.383,0.0,0.0,0.0,5.737,0,155.0,0.78,309.69,2.8785000000000003,36.03,35.44645690917969,4.98,0.0,0
46806,21.487000000000002,43.564,14.200000000000001,200.0,447.262,0.0,0.0,0.0,5.737,0,159.0,0.76,309.825,-2.1609000000000003,35.4,35.44645690917969,4.98,0.0,0
46806,21.487000000000002,43.711000000000006,14.200000000000001,200.0,447.383,0.0,0.0,0.0,5.737,0,150.0,0.765,309.825,-1.7650000000000001,34.92,35.44645690917969,4.98,0.0,0
46806,21.487000000000002,43.857,14.700000000000001,200.0,447.262,0.0,0.0,0.2,5.737,0,160.0,0.77,309.825,2.0620000000000003,34.95,35.44645690917969,4.98,0.0,0
46806,21.316,44.004000000000005,14.200000000000001,200.0,446.839,0.0,0.0,0.0,5.737,0,158.0,0.795,309.915,1.699,35.31,35.44645690917969,4.98,0.0,0
46806,21.316,44.15,14.200000000000001,200.0,446.96000000000004,0.0,0.0,0.2,5.737,0,156.0,0.76,309.915,0.0495,35.58,35.44645690917969,4.98,0.0,0
46806,21.316,44.287,13.700000000000001,200.0,447.02,0.0,0.0,0.2,5.737,0,160.0,0.795,309.825,-0.19790000000000002,35.4,35.44645690917969,4.98,0.0,0
46806,21.316,44.434000000000005,14.700000000000001,200.0,447.02,0.0,0.0,0.0,5.737,0,158.0,0.775,309.825,-0.7258,34.62,35.44645690917969,4.98,0.0,0
46806,21.316,44.580000000000005,14.200000000000001,200.0,447.746,0.0,0.0,0.2,5.737,0,150.0,0.745,309.825,-5.46,33.21,35.44645690917969,4.98,0.0,0
46806,20.975,44.717,13.700000000000001,200.0,447.685,0.0,0.0,0.2,5.737,0,160.0,0.79,309.825,-0.5938,32.97,35.44645690917969,4.98,0.0,0
46806,20.805,44.863,14.200000000000001,200.0,447.262,0.0,0.0,0.0,5.737,0,155.0,0.77,309.915,0.1155,34.05,35.44645690917969,4.98,0.0,0
46806,21.487000000000002,45.0,13.700000000000001,200.0,447.202,0.0,0.0,0.0,5.737,0,154.0,0.775,309.915,3.3239,35.64,35.44645690917969,4.98,0.0,0
46806,21.487000000000002,45.146,15.200000000000001,200.0,447.262,0.0,0.0,0.0,5.737,0,156.0,0.77,309.825,2.4413,36.33,35.44645690917969,4.98,0.0,0
46806,21.657,45.283,14.200000000000001,200.0,447.444,0.0,0.0,0.0,5.737,0,154.0,0.785,309.915,-0.9402,36.78,35.44645690917969,4.98,0.0,0
46806,21.316,45.43,14.200000000000001,200.0,447.081,0.0,0.0,-0.2,5.737,0,158.0,0.77,309.69,-1.5423,36.39,35.44645690917969,4.98,0.0,0
46806,21.487000000000002,45.566,14.700000000000001,200.0,447.383,0.0,0.0,-0.2,5.737,0,159.0,0.8,309.915,-0.6103000000000001,35.37,35.44645690917969,4.98,0.0,0
46806,21.657,45.713,13.700000000000001,200.0,447.564,0.0,0.0,0.0,5.737,0,159.0,0.755,309.69,-2.3341000000000003,34.95,35.44645690917969,4.98,0.0,0
46806,21.487000000000002,45.859,14.700000000000001,200.0,447.625,0.0,0.0,0.0,5.737,0,156.0,0.8,309.825,-0.19790000000000002,34.2,35.44645690917969,4.98,0.0,0
46806,21.657,46.006,15.200000000000001,200.0,447.383,0.0,0.0,0.0,5.737,0,158.0,0.79,309.825,-0.9073,33.69,35.44645690917969,4.98,0.0,0
46806,21.828,46.152,14.700000000000001,200.0,447.383,0.0,0.0,0.0,5.737,0,158.0,0.785,309.825,1.1629,34.26,35.44645690917969,4.98,0.0,0
46806,21.657,46.289,13.200000000000001,200.0,447.262,0.0,0.0,-0.2,5.737,0,152.0,0.79,309.825,-0.19790000000000002,34.65,35.44645690917969,4.98,0.0,0
46806,21.657,46.436,13.700000000000001,200.0,447.32300000000004,0.0,0.0,0.0,5.737,0,161.0,0.79,309.915,1.0392000000000001,34.410000000000004,35.44645690917969,4.98,0.0,0
46806,21.657,46.582,15.200000000000001,200.0,447.262,0.0,0.0,-0.2,5.737,0,155.0,0.75,309.825,0.46190000000000003,34.05,35.44645690917969,4.98,0.0,0
46806,21.828,46.729,14.200000000000001,200.0,447.081,0.0,0.0,-0.2,5.737,0,153.0,0.8,309.915,2.5568,34.32,35.44645690917969,4.98,0.0,0
46806,23.192,46.885000000000005,14.200000000000001,200.0,447.202,0.0,0.0,0.0,5.737,0,160.0,0.795,309.825,-2.5568,35.64,35.44645690917969,4.98,0.0,0
46806,23.192,46.895,15.200000000000001,200.0,447.202,0.0,0.0,-0.2,5.737,0,160.0,0.78,309.825,-2.0455,35.85,35.44645690917969,4.98,0.0,0
46806,22.51,47.051,15.200000000000001,200.0,447.32300000000004,0.0,0.0,0.0,5.737,0,164.0,0.785,309.69,-3.1672000000000002,36.21,35.44645690917969,4.98,0.0,0
46806,21.487000000000002,47.207,15.200000000000001,200.0,447.262,0.0,0.0,0.0,5.737,0,157.0,0.78,309.915,1.5836000000000001,36.15,35.44645690917969,4.98,0.0,0
46806,21.146,47.354,15.700000000000001,200.0,447.444,0.0,0.0,0.0,5.737,0,159.0,0.795,309.825,1.9795,36.24,35.44645690917969,4.98,0.0,0
46806,20.975,47.510000000000005,13.700000000000001,200.0,447.444,0.0,0.0,0.0,5.737,0,159.0,0.775,309.825,-1.4186,36.12,35.44645690917969,4.98,0.0,0
46806,21.146,47.656,14.700000000000001,200.0,447.504,0.0,0.0,0.2,5.737,0,159.0,0.765,309.69,-3.6950000000000003,35.97,35.44645690917969,4.98,0.0,0
46806,21.316,47.803000000000004,15.200000000000001,200.0,447.444,0.0,0.0,0.0,5.737,0,163.0,0.785,309.825,0.7918000000000001,35.58,35.44645690917969,4.98,0.0,0
46806,20.975,47.949000000000005,14.700000000000001,200.0,447.262,0.0,0.0,0.0,5.737,0,163.0,0.8200000000000001,309.69,-4.8827,34.68,35.44645690917969,4.98,0.0,0
46806,21.316,48.086000000000006,13.700000000000001,200.0,447.141,0.0,0.0,0.0,5.737,0,158.0,0.77,309.69,-3.1672000000000002,34.53,35.44645690917969,4.98,0.0,0
46806,21.146,48.232,13.700000000000001,200.0,447.202,0.0,0.0,0.2,5.737,0,160.0,0.76,309.825,2.9032,34.56,35.44645690917969,4.98,0.0,0
46806,20.805,48.379000000000005,14.700000000000001,200.0,447.081,0.0,0.0,0.0,5.737,0,162.0,0.755,309.825,3.8600000000000003,34.800000000000004,35.44645690917969,4.98,0.0,0
46806,21.316,48.525000000000006,14.200000000000001,200.0,447.081,0.0,0.0,0.0,5.737,0,154.0,0.775,309.825,-0.5279,35.04,35.44645690917969,4.98,0.0,0
46806,21.487000000000002,48.662,13.700000000000001,200.0,447.262,0.0,0.0,0.0,5.737,0,157.0,0.78,309.69,-0.4289,35.79,35.44645690917969,4.98,0.0,0
46806,21.316,48.809000000000005,14.200000000000001,201.0,447.081,0.0,0.0,0.2,5.737,0,159.0,0.79,309.825,0.5279,36.21,35.44645690917969,4.98,0.0,0
46806,21.316,48.955000000000005,13.700000000000001,200.0,447.202,0.0,0.0,0.0,5.737,0,160.0,0.79,309.825,0.2639,36.27,35.44645690917969,4.98,0.0,0
46806,21.487000000000002,49.092000000000006,14.700000000000001,200.0,447.262,0.0,0.0,0.0,5.737,0,146.0,0.78,309.69,-0.2639,36.42,35.44645690917969,4.98,0.0,0
46806,21.657,49.238,14.200000000000001,200.0,447.746,0.0,0.0,0.0,5.737,0,162.0,0.775,309.825,-1.3196,37.230000000000004,35.44645690917969,4.98,0.0,0
46806,21.487000000000002,49.385000000000005,14.700000000000001,200.0,447.746,0.0,0.0,0.2,5.737,0,159.0,0.775,309.825,2.2434000000000003,36.42,35.44645690917969,4.98,0.0,0
46806,21.828,49.531000000000006,14.200000000000001,200.0,447.383,0.0,0.0,0.2,5.737,0,156.0,0.79,309.915,-0.6928000000000001,36.09,35.44645690917969,4.98,0.0,0
46806,21.657,49.668,14.700000000000001,200.0,447.383,0.0,0.0,0.0,5.737,0,163.0,0.795,309.69,-2.9032,35.37,35.44645690917969,4.98,0.0,0
46806,21.998,49.814,14.700000000000001,200.0,447.141,0.0,0.0,0.2,5.737,0,159.0,0.795,309.915,0.46190000000000003,34.68,35.44645690917969,4.98,0.0,0
46806,21.998,49.961000000000006,14.700000000000001,200.0,447.32300000000004,0.0,0.0,0.0,5.737,0,158.0,0.77,309.825,-1.4516,34.74,35.44645690917969,4.98,0.0,0
46806,21.998,50.117000000000004,14.700000000000001,200.0,447.625,0.0,0.0,0.0,5.737,0,160.0,0.79,309.825,4.3878,34.5,35.44645690917969,4.98,0.0,0
46806,22.339000000000002,50.264,14.200000000000001,200.0,447.504,0.0,0.0,0.0,5.737,0,156.0,0.785,309.825,1.1877,34.62,35.44645690917969,4.98,0.0,0
46806,21.998,50.410000000000004,15.200000000000001,200.0,447.444,0.0,0.0,0.0,5.737,0,148.0,0.77,309.915,-0.5938,34.980000000000004,35.44645690917969,4.98,0.0,0
46806,21.657,50.566,14.700000000000001,200.0,447.383,0.0,0.0,-0.2,5.737,0,160.0,0.765,309.915,1.9795,35.94,35.44645690917969,4.98,0.0,0
46806,21.657,50.713,15.700000000000001,200.0,447.625,0.0,0.0,0.0,5.737,0,155.0,0.75,309.915,-0.066,36.39,35.44645690917969,4.98,0.0,0
46806,21.657,50.869,15.200000000000001,200.0,447.685,0.0,0.0,0.0,5.737,0,156.0,0.775,309.825,-0.9238000000000001,36.51,35.44645690917969,4.98,0.0,0
46806,21.998,50.879000000000005,15.200000000000001,200.0,447.685,0.0,0.0,0.0,5.737,0,156.0,0.77,309.69,-1.4764000000000002,36.480000000000004,35.44645690917969,4.98,0.0,0
46806,21.487000000000002,51.035000000000004,14.700000000000001,200.0,447.081,0.0,0.0,0.0,5.737,0,156.0,0.775,309.825,-0.9073,36.24,35.44645690917969,4.98,0.0,0
46806,21.657,51.182,14.700000000000001,200.0,447.141,0.0,0.0,0.0,5.737,0,160.0,0.775,309.825,-4.0744,36.39,35.44645690917969,4.98,0.0,0
46806,21.487000000000002,51.338,14.700000000000001,200.0,447.141,0.0,0.0,0.0,5.737,0,154.0,0.775,309.825,2.7713,36.96,35.44645690917969,4.98,0.0,0
46806,21.487000000000002,51.484,15.700000000000001,200.0,447.262,0.0,0.0,0.2,5.737,0,160.0,0.765,309.825,2.1114,36.480000000000004,35.44645690917969,4.98,0.0,0
46806,21.487000000000002,51.641000000000005,15.200000000000001,200.0,447.262,0.0,0.0,0.2,5.737,0,162.0,0.79,309.825,0.5938,35.97,35.44645690917969,4.98,0.0,0
46806,21.828,51.787,14.200000000000001,200.0,447.081,0.0,0.0,0.2,5.737,0,161.0,0.77,309.825,1.1877,35.28,35.44645690917969,4.98,0.0,0
46806,21.828,51.943000000000005,15.700000000000001,200.0,447.141,0.0,0.0,0.0,5.737,0,163.0,0.74,309.825,1.5341,34.38,35.44645690917969,4.98,0.0,0
46806,21.487000000000002,52.09,15.700000000000001,200.0,447.262,0.0,0.0,0.2,5.737,0,163.0,0.785,309.69,3.5218000000000003,34.2,35.44645690917969,4.98,0.0,0
46806,21.316,52.246,15.200000000000001,200.0,447.444,0.0,0.0,0.2,5.737,0,160.0,0.755,309.825,-2.8207,34.230000000000004,35.44645690917969,4.98,0.0,0
46806,21.487000000000002,52.393,14.200000000000001,200.0,447.262,0.0,0.0,-0.2,5.737,0,158.0,0.77,309.825,-3.563,35.76,35.44645690917969,4.98,0.0,0
46806,21.146,52.549,14.700000000000001,200.0,447.32300000000004,0.0,0.0,0.0,5.737,0,166.0,0.775,309.825,2.2599,36.18,35.44645690917969,4.98,0.0,0
46806,21.487000000000002,52.695,14.700000000000001,200.0,447.32300000000004,0.0,0.0,-0.2,5.737,0,160.0,0.79,309.825,3.3651,36.45,35.44645690917969,4.98,0.0,0
46806,21.146,52.842000000000006,14.700000000000001,200.0,447.32300000000004,0.0,0.0,-0.2,5.737,0,150.0,0.775,309.825,1.3196,35.97,35.44645690917969,4.98,0.0,0
46806,21.487000000000002,52.998000000000005,15.700000000000001,200.0,447.32300000000004,0.0,0.0,0.2,5.737,0,167.0,0.79,309.825,1.5836000000000001,36.15,35.44645690917969,4.98,0.0,0
46806,21.487000000000002,53.145,14.700000000000001,200.0,447.444,0.0,0.0,-0.2,5.737,0,160.0,0.77,309.825,0.5279,35.76,35.44645690917969,4.98,0.0,0
46806,21.487000000000002,53.301,14.700000000000001,200.0,447.444,0.0,0.0,0.0,5.737,0,156.0,0.76,309.825,0.6598,36.42,35.44645690917969,4.98,0.0,0
46806,21.487000000000002,53.447,14.700000000000001,200.0,447.32300000000004,0.0,0.0,-0.2,5.737,0,165.0,0.75,309.825,-1.4351,36.84,35.44645690917969,4.98,0.0,0
46806,21.487000000000002,53.594,14.700000000000001,200.0,447.32300000000004,0.0,0.0,0.0,5.737,0,158.0,0.785,309.915,-1.864,36.660000000000004,35.44645690917969,4.98,0.0,0
46806,21.487000000000002,53.613,14.700000000000001,200.0,447.32300000000004,0.0,0.0,0.0,5.737,0,158.0,0.785,309.915,-1.6496000000000002,36.57,35.44645690917969,4.98,0.0,0
46806,21.316,53.760000000000005,14.200000000000001,200.0,447.444,0.0,0.0,0.2,5.737,0,162.0,0.775,309.825,0.7918000000000001,35.52,35.44645690917969,4.98,0.0,0
46806,21.316,53.906000000000006,14.700000000000001,200.0,447.444,0.0,0.0,0.0,5.737,0,160.0,0.77,309.825,-0.5279,34.29,35.44645690917969,4.98,0.0,0
46806,21.487000000000002,54.053000000000004,14.200000000000001,200.0,447.02,0.0,0.0,0.0,5.737,0,161.0,0.745,309.825,-1.8475000000000001,33.42,35.44645690917969,4.98,0.0,0
46806,21.657,54.209,15.700000000000001,200.0,447.564,0.0,0.0,0.0,5.737,0,162.0,0.8150000000000001,309.825,0.0,34.11,35.44645690917969,4.98,0.0,0
46806,21.657,54.355000000000004,14.700000000000001,200.0,447.625,0.0,0.0,-0.2,5.737,0,164.0,0.735,309.825,0.0,35.37,35.44645690917969,4.98,0.0,0
46806,21.828,54.502,15.200000000000001,200.0,447.444,0.0,0.0,0.0,5.737,0,165.0,0.745,309.825,-1.5836000000000001,36.51,35.44645690917969,4.98,0.0,0
46806,21.657,54.658,14.700000000000001,200.0,447.262,0.0,0.0,0.2,5.737,0,159.0,0.715,309.825,1.7155,37.32,35.44645690917969,4.98,0.0,0
46806,21.657,54.805,15.700000000000001,200.0,447.383,0.0,0.0,0.0,5.737,0,161.0,0.755,309.915,3.3651,37.410000000000004,35.44645690917969,4.98,0.0,0
46806,21.657,54.961000000000006,14.200000000000001,200.0,447.081,0.0,0.0,0.2,5.737,0,162.0,0.78,309.825,0.7918000000000001,36.300000000000004,35.44645690917969,4.98,0.0,0
46806,21.657,55.107,15.200000000000001,200.0,447.081,0.0,0.0,0.0,5.737,0,161.0,0.775,309.825,2.1114,35.82,35.44645690917969,4.98,0.0,0
46806,21.487000000000002,55.254000000000005,15.700000000000001,200.0,447.444,0.0,0.0,0.2,5.737,0,153.0,0.775,309.69,-5.938400000000001,35.7,35.44645690917969,4.98,0.0,0
46806,21.487000000000002,55.410000000000004,14.700000000000001,200.0,447.625,0.0,0.0,0.0,5.737,0,162.0,0.755,309.825,-5.806500000000001,36.0,35.44645690917969,4.98,0.0,0
46806,21.828,55.557,15.200000000000001,200.0,447.564,0.0,0.0,0.0,5.737,0,153.0,0.78,309.825,-1.1877,36.09,35.44645690917969,4.98,0.0,0
46806,21.657,55.713,14.700000000000001,200.0,447.262,0.0,0.0,0.2,5.737,0,159.0,0.745,309.69,1.5836000000000001,35.94,35.44645690917969,4.98,0.0,0
46806,21.487000000000002,55.859,14.700000000000001,200.0,447.262,0.0,0.0,0.2,5.737,0,164.0,0.755,309.825,-1.1877,35.43,35.44645690917969,4.98,0.0,0
46806,21.487000000000002,56.016000000000005,15.200000000000001,200.0,447.32300000000004,0.0,0.0,0.2,5.737,0,159.0,0.77,309.825,-1.5836000000000001,34.71,35.44645690917969,4.98,0.0,0
46806,21.657,56.172000000000004,15.200000000000001,200.0,447.141,0.0,0.0,0.0,5.737,0,161.0,0.795,309.825,2.3754,34.5,35.44645690917969,4.98,0.0,0
46806,22.169,56.318000000000005,14.700000000000001,200.0,447.262,0.0,0.0,0.2,5.737,0,164.0,0.785,309.825,2.6393,34.77,35.44645690917969,4.98,0.0,0
46806,21.487000000000002,56.338,14.700000000000001,200.0,447.262,0.0,0.0,0.0,5.737,0,160.0,0.795,309.825,2.9032,35.01,35.44645690917969,4.98,0.0,0
46806,21.487000000000002,56.484,14.700000000000001,200.0,447.081,0.0,0.0,0.0,5.737,0,160.0,0.765,309.915,4.0084,36.27,35.44645690917969,4.98,0.0,0
46806,21.657,56.641000000000005,15.200000000000001,200.0,447.202,0.0,0.0,0.0,5.737,0,155.0,0.74,309.825,-0.39590000000000003,37.29,35.44645690917969,4.98,0.0,0
46806,21.657,56.797000000000004,15.200000000000001,200.0,447.202,0.0,0.0,0.0,5.737,0,160.0,0.775,309.825,-1.3856000000000002,37.32,35.44645690917969,4.98,0.0,0
46806,21.316,56.953,14.200000000000001,200.0,447.262,0.0,0.0,0.2,5.737,0,165.0,0.76,309.825,-3.8105,36.9,35.44645690917969,4.98,0.0,0
46806,21.657,57.1,14.200000000000001,200.0,447.383,0.0,0.0,0.0,5.737,0,157.0,0.75,309.825,2.2434000000000003,36.33,35.44645690917969,4.98,0.0,0
46806,21.316,57.256,14.700000000000001,200.0,447.504,0.0,0.0,0.0,5.737,0,156.0,0.755,309.69,-1.0145,36.12,35.44645690917969,4.98,0.0,0
46806,21.146,57.402,15.700000000000001,200.0,447.081,0.0,0.0,0.0,5.737,0,162.0,0.785,309.69,-3.2084,35.4,35.44645690917969,4.98,0.0,0
46806,21.316,57.559000000000005,15.200000000000001,200.0,447.202,0.0,0.0,0.2,5.737,0,154.0,0.765,309.69,-1.097,35.160000000000004,35.44645690917969,4.98,0.0,0
46806,21.146,57.715,14.700000000000001,200.0,447.444,0.0,0.0,0.0,5.737,0,163.0,0.76,309.825,-0.6846,35.04,35.44645690917969,4.98,0.0,0
46806,21.487000000000002,57.861000000000004,14.700000000000001,200.0,447.262,0.0,0.0,0.0,5.737,0,162.0,0.785,309.915,4.6683,34.29,35.44645690917969,4.98,0.0,0
46806,21.487000000000002,58.008,14.700000000000001,200.0,447.202,0.0,0.0,0.2,5.737,0,159.0,0.745,309.69,3.563,34.5,35.44645690917969,4.98,0.0,0
46806,21.316,58.164,15.200000000000001,200.0,447.262,0.0,0.0,0.0,5.737,0,162.0,0.76,309.915,-1.0310000000000001,34.2,35.44645690917969,4.98,0.0,0
46806,21.316,58.311,14.200000000000001,200.0,447.02,0.0,0.0,-0.2,5.737,0,162.0,0.74,309.69,0.23920000000000002,34.92,35.44645690917969,4.98,0.0,0
46806,21.487000000000002,58.467000000000006,15.200000000000001,200.0,447.141,0.0,0.0,0.2,5.737,0,160.0,0.705,309.825,0.39590000000000003,35.7,35.44645690917969,4.98,0.0,0
46806,21.316,58.613,15.200000000000001,200.0,447.262,0.0,0.0,0.0,5.737,0,162.0,0.775,309.69,-3.1259,35.88,35.44645690917969,4.98,0.0,0
46806,21.487000000000002,58.760000000000005,14.700000000000001,200.0,447.504,0.0,0.0,-0.2,5.737,0,159.0,0.77,309.825,1.7815,36.69,35.44645690917969,4.98,0.0,0
46806,21.487000000000002,58.916000000000004,15.200000000000001,200.0,447.262,0.0,0.0,0.0,5.737,0,160.0,0.75,309.825,1.8475000000000001,36.69,35.44645690917969,4.98,0.0,0
46806,21.828,59.063,14.700000000000001,200.0,447.383,0.0,0.0,0.2,5.737,0,158.0,0.76,309.915,1.3196,36.42,35.44645690917969,4.98,0.0,0
46806,21.657,59.082,15.200000000000001,200.0,447.262,0.0,0.0,0.0,5.737,0,157.0,0.745,309.915,2.6393,36.36,35.44645690917969,4.98,0.0,0
46806,21.998,59.238,15.700000000000001,200.0,447.202,0.0,0.0,-0.2,5.737,0,160.0,0.745,309.69,-0.9567,35.82,35.44645690917969,4.98,0.0,0
46806,21.657,59.385000000000005,15.700000000000001,200.0,446.96000000000004,0.0,0.0,0.2,5.737,0,162.0,0.75,309.69,-1.4516,35.64,35.44645690917969,4.98,0.0,0
46806,21.487000000000002,59.541000000000004,14.700000000000001,200.0,447.202,0.0,0.0,0.2,5.737,0,158.0,0.74,309.69,-2.4743,34.89,35.44645690917969,4.98,0.0,0
46806,21.487000000000002,59.697,14.700000000000001,200.0,446.778,0.0,0.0,0.0,5.737,0,161.0,0.755,309.825,2.7713,34.26,35.44645690917969,4.98,0.0,0
46806,21.487000000000002,59.844,15.700000000000001,200.0,446.96000000000004,0.0,0.0,0.2,5.737,0,147.0,0.73,309.69,1.8475000000000001,34.56,35.44645690917969,4.98,0.0,0
46806,21.487000000000002,60.0,14.700000000000001,200.0,447.141,0.0,0.0,0.0,5.737,0,156.0,0.73,309.69,-2.7713,33.9,35.44645690917969,4.98,0.0,0
46806,21.146,60.146,14.700000000000001,200.0,447.444,0.0,0.0,0.0,5.737,0,163.0,0.73,309.825,-3.9589000000000003,34.08,35.44645690917969,4.98,0.0,0
46806,21.657,60.303000000000004,15.700000000000001,200.0,447.141,0.0,0.0,0.2,5.737,0,159.0,0.725,309.825,3.563,34.59,35.44645690917969,4.98,0.0,0
46806,21.487000000000002,60.459,15.200000000000001,200.0,447.262,0.0,0.0,0.0,5.737,0,156.0,0.74,309.825,1.4846000000000001,34.980000000000004,35.44645690917969,4.98,0.0,0
46806,21.487000000000002,60.605000000000004,15.200000000000001,200.0,446.718,0.0,0.0,-0.2,5.737,0,158.0,0.73,309.825,1.7155,35.52,35.44645690917969,4.98,0.0,0
46806,21.657,60.762,15.200000000000001,200.0,447.02,0.0,0.0,0.0,5.737,0,161.0,0.73,309.915,3.3651,36.24,35.44645690917969,4.98,0.0,0
46806,21.657,60.908,15.200000000000001,200.0,447.202,0.0,0.0,-0.2,5.737,0,156.0,0.705,309.825,-0.5279,36.24,35.44645690917969,4.98,0.0,0
46806,21.998,61.064,15.200000000000001,200.0,447.202,0.0,0.0,0.2,5.737,0,163.0,0.72,309.825,-0.5279,36.06,35.44645690917969,4.98,0.0,0
46806,21.657,61.221000000000004,15.200000000000001,200.0,447.081,0.0,0.0,0.0,5.737,0,151.0,0.7000000000000001,309.825,-1.8475000000000001,35.76,35.44645690917969,4.98,0.0,0
46806,21.487000000000002,61.377,15.200000000000001,200.0,446.96000000000004,0.0,0.0,0.2,5.737,0,156.0,0.6950000000000001,309.915,2.0455,35.76,35.44645690917969,4.98,0.0,0
46806,21.487000000000002,61.523,15.200000000000001,200.0,447.202,0.0,0.0,0.0,5.737,0,158.0,0.6950000000000001,309.825,0.5279,35.160000000000004,35.44645690917969,4.98,0.0,0
46806,21.657,61.68,15.200000000000001,200.0,447.081,0.0,0.0,0.2,5.737,0,162.0,0.625,309.825,-3.6950000000000003,34.980000000000004,35.44645690917969,4.98,0.0,0
46806,21.487000000000002,61.836000000000006,15.200000000000001,200.0,447.262,0.0,0.0,0.0,5.737,0,151.0,0.6950000000000001,309.825,-1.4516,34.92,35.44645690917969,4.98,0.0,0
46806,21.657,61.992000000000004,15.700000000000001,200.0,447.444,0.0,0.0,0.0,5.737,0,162.0,0.71,309.915,3.3651,34.65,35.44645690917969,4.98,0.0,0
46806,21.487000000000002,62.148,15.700000000000001,200.0,446.96000000000004,0.0,0.0,0.0,5.737,0,162.0,0.63,309.915,2.6393,34.410000000000004,35.44645690917969,4.98,0.0,0
46806,23.363,62.305,17.3,200.0,446.899,0.0,0.0,-0.2,5.737,0,158.0,0.67,309.825,0.0,34.47,35.44645690917969,4.98,0.0,0
46806,22.851,62.324000000000005,16.7,200.0,446.899,0.0,0.0,0.2,5.737,0,161.0,0.66,309.825,-0.2639,34.53,35.44645690917969,4.98,0.0,0
46806,21.657,62.49,16.7,200.0,446.718,0.0,0.0,0.0,5.737,0,165.0,0.66,309.825,-4.1404000000000005,35.160000000000004,35.44645690917969,4.98,0.0,0
46806,20.805,62.646,15.700000000000001,200.0,447.081,0.0,0.0,0.0,5.737,0,163.0,0.65,309.825,-2.4908,35.82,35.44645690917969,4.98,0.0,0
46806,20.464000000000002,62.793000000000006,15.700000000000001,200.0,447.202,0.0,0.0,-0.2,5.737,0,162.0,0.675,309.69,-0.5691,36.21,35.44645690917969,4.98,0.0,0
46806,20.805,62.949000000000005,15.700000000000001,200.0,447.262,0.0,0.0,0.0,5.737,0,164.0,0.67,309.825,0.5938,36.63,35.44645690917969,4.98,0.0,0
46806,20.805,63.105000000000004,15.700000000000001,200.0,447.202,0.0,0.0,0.2,5.737,0,162.0,0.66,309.825,2.7713,35.730000000000004,35.44645690917969,4.98,0.0,0
46806,20.634,63.252,15.700000000000001,200.0,447.685,0.0,0.0,-0.2,5.737,0,161.0,0.635,309.825,2.5733,35.28,35.44645690917969,4.98,0.0,0
46806,21.487000000000002,63.408,14.700000000000001,200.0,447.444,0.0,0.0,0.0,5.737,0,159.0,0.655,309.69,-0.767,34.77,35.44645690917969,4.98,0.0,0
46806,21.487000000000002,63.555,15.200000000000001,200.0,447.262,0.0,0.0,0.0,5.737,0,160.0,0.64,309.825,0.066,33.84,35.44645690917969,4.98,0.0,0
46806,21.657,63.711000000000006,14.700000000000001,200.0,447.081,0.0,0.0,0.2,5.737,0,159.0,0.635,309.825,2.4413,33.75,35.44645690917969,4.98,0.0,0
46806,21.998,63.857000000000006,15.200000000000001,200.0,447.262,0.0,0.0,-0.2,5.737,0,153.0,0.625,309.69,-0.37120000000000003,34.29,35.44645690917969,4.98,0.0,0
46806,21.487000000000002,64.01400000000001,16.3,200.0,446.899,0.0,0.0,-0.2,5.737,0,166.0,0.595,309.915,-3.1837,34.410000000000004,35.44645690917969,4.98,0.0,0
46806,21.657,64.17,15.200000000000001,200.0,446.899,0.0,0.0,-0.2,5.737,0,165.0,0.615,309.915,0.8578,34.65,35.44645690917969,4.98,0.0,0
46806,21.657,64.316,14.700000000000001,200.0,446.899,0.0,0.0,-0.2,5.737,0,160.0,0.605,309.825,6.1116,35.13,35.44645690917969,4.98,0.0,0
46806,21.146,64.473,14.700000000000001,200.0,446.899,0.0,0.0,0.0,5.737,0,170.0,0.555,309.69,-0.899,36.300000000000004,35.44645690917969,4.98,0.0,0
46806,21.316,64.619,14.700000000000001,200.0,446.899,0.0,0.0,-0.2,5.737,0,160.0,0.585,309.69,-5.3693,36.42,35.44645690917969,4.98,0.0,0
46806,20.975,64.775,14.200000000000001,200.0,446.899,0.0,0.0,-0.2,5.737,0,161.0,0.585,309.825,-2.8207,36.27,35.44645690917969,4.98,0.0,0
46806,21.657,64.922,14.700000000000001,200.0,446.96000000000004,0.0,0.0,-0.2,5.737,0,164.0,0.63,309.69,4.8167,35.88,35.44645690917969,4.98,0.0,0
46806,21.657,65.078,15.700000000000001,200.0,446.96000000000004,0.0,0.0,0.0,5.737,0,160.0,0.555,309.915,5.1054,34.95,35.44645690917969,4.98,0.0,0
46806,21.657,65.22500000000001,14.700000000000001,200.0,447.141,0.0,0.0,0.0,5.737,0,159.0,0.585,309.825,-2.7713,35.19,35.44645690917969,4.98,0.0,0
46806,21.657,65.381,14.200000000000001,200.0,447.081,0.0,0.0,-0.2,5.737,0,162.0,0.55,309.69,-1.7403000000000002,36.06,35.44645690917969,4.98,0.0,0
46806,21.828,65.537,15.700000000000001,200.0,447.141,0.0,0.0,0.0,5.737,0,162.0,0.56,309.69,-1.0145,35.88,35.44645690917969,4.98,0.0,0
46806,21.657,65.693,16.3,200.0,446.778,0.0,0.0,0.0,5.737,0,154.0,0.47000000000000003,309.825,-0.39590000000000003,34.65,35.44645690917969,4.98,0.0,0
46806,21.828,65.85000000000001,15.200000000000001,200.0,447.081,0.0,0.0,0.2,5.737,0,161.0,0.555,309.825,2.7465,33.99,35.44645690917969,4.98,0.0,0
46806,21.657,65.99600000000001,14.700000000000001,201.0,446.899,0.0,0.0,0.2,5.737,0,164.0,0.52,309.825,4.024900000000001,34.230000000000004,35.44645690917969,4.98,0.0,0
46806,21.657,66.152,15.200000000000001,200.0,447.141,0.0,0.0,0.2,5.737,0,154.0,0.545,309.825,1.3196,34.47,35.44645690917969,4.98,0.0,0
46806,21.316,66.309,15.200000000000001,200.0,447.081,0.0,0.0,0.0,5.737,0,159.0,0.52,309.69,-3.4723,35.46,35.44645690917969,4.98,0.0,0
46806,21.487000000000002,66.465,15.700000000000001,201.0,447.02,0.0,0.0,-0.2,5.737,0,160.0,0.525,309.69,-5.7817,36.39,35.44645690917969,4.98,0.0,0
46806,21.316,66.62100000000001,15.200000000000001,200.0,446.899,0.0,0.0,-0.2,5.737,0,155.0,0.515,309.825,-0.9897,36.54,35.44645690917969,4.98,0.0,0
46806,21.487000000000002,66.777,16.3,200.0,447.141,0.0,0.0,0.0,5.737,0,162.0,0.535,309.825,5.3198,36.480000000000004,35.44645690917969,4.98,0.0,0
46806,21.487000000000002,66.924,15.700000000000001,200.0,447.202,0.0,0.0,0.2,5.737,0,158.0,0.495,309.915,4.6435,36.12,35.44645690917969,4.98,0.0,0
46806,21.487000000000002,67.08,15.700000000000001,200.0,446.778,0.0,0.0,0.2,5.737,0,162.0,0.495,309.69,1.3444,35.7,35.44645690917969,4.98,0.0,0
46806,21.316,67.236,15.700000000000001,200.0,446.899,0.0,0.0,0.0,5.737,0,159.0,0.485,309.69,-3.9342,35.34,35.44645690917969,4.98,0.0,0
46806,21.487000000000002,67.393,15.700000000000001,200.0,446.839,0.0,0.0,0.0,5.737,0,163.0,0.48,309.825,-4.2064,35.97,35.44645690917969,4.98,0.0,0
46806,21.487000000000002,67.412,15.700000000000001,200.0,446.839,0.0,0.0,-0.2,5.737,0,164.0,0.47500000000000003,309.825,-3.629,35.97,35.44645690917969,4.98,0.0,0
46806,21.487000000000002,67.559,15.200000000000001,200.0,446.658,0.0,0.0,0.2,5.737,0,153.0,0.465,309.825,3.9589000000000003,35.79,35.44645690917969,4.98,0.0,0
46806,21.657,67.715,15.200000000000001,200.0,446.778,0.0,0.0,0.0,5.737,0,159.0,0.46,309.825,-0.8908,35.22,35.44645690917969,4.98,0.0,0
46806,21.487000000000002,67.87100000000001,15.200000000000001,200.0,447.262,0.0,0.0,-0.2,5.737,0,162.0,0.465,309.825,0.9238000000000001,34.77,35.44645690917969,4.98,0.0,0
46806,21.487000000000002,68.027,14.200000000000001,200.0,447.32300000000004,0.0,0.0,0.2,5.737,0,164.0,0.45,309.825,-0.7918000000000001,34.38,35.44645690917969,4.98,0.0,0
46806,21.657,68.184,15.200000000000001,200.0,446.96000000000004,0.0,0.0,-0.2,5.737,0,164.0,0.465,309.69,-4.486800000000001,35.160000000000004,35.44645690917969,4.98,0.0,0
46806,21.657,68.34,15.700000000000001,200.0,447.202,0.0,0.0,-0.2,5.737,0,164.0,0.48,309.69,-0.6928000000000001,36.300000000000004,35.44645690917969,4.98,0.0,0
46806,21.487000000000002,68.49600000000001,16.3,200.0,446.899,0.0,0.0,0.0,5.737,0,160.0,0.44,309.825,0.0,36.78,35.44645690917969,4.98,0.0,0
46806,21.316,68.643,15.200000000000001,200.0,447.081,0.0,0.0,-0.2,5.737,0,162.0,0.42,309.825,3.3321,37.92,35.44645690917969,4.98,0.0,0
46806,21.487000000000002,68.799,15.700000000000001,200.0,447.141,0.0,0.0,0.0,5.737,0,166.0,0.405,309.825,3.8270000000000004,37.62,35.44645690917969,4.98,0.0,0
46806,21.316,68.955,16.3,200.0,447.32300000000004,0.0,0.0,-0.2,5.737,0,168.0,0.42,309.915,-2.1774,37.35,35.44645690917969,4.98,0.0,0
46806,21.146,69.111,15.200000000000001,200.0,446.839,0.0,0.0,0.2,5.737,0,164.0,0.455,309.825,-0.132,37.050000000000004,35.44645690917969,4.98,0.0,0
46806,21.316,69.268,14.700000000000001,200.0,446.839,0.0,0.0,0.2,5.737,0,167.0,0.47500000000000003,309.825,3.4311000000000003,36.45,35.44645690917969,4.98,0.0,0
46806,21.316,69.414,15.200000000000001,200.0,447.262,0.0,0.0,0.2,5.737,0,162.0,0.41000000000000003,309.915,-1.7155,36.63,35.44645690917969,4.98,0.0,0
46806,21.316,69.57000000000001,15.700000000000001,200.0,447.444,0.0,0.0,0.0,5.737,0,158.0,0.38,309.69,-2.0125,36.27,35.44645690917969,4.98,0.0,0
46806,21.487000000000002,69.727,15.200000000000001,200.0,447.625,0.0,0.0,0.0,5.737,0,163.0,0.41500000000000004,309.69,-1.4516,35.01,35.44645690917969,4.98,0.0,0
46806,21.487000000000002,69.88300000000001,15.700000000000001,200.0,447.262,0.0,0.0,0.0,5.737,0,163.0,0.425,309.825,-0.9897,33.99,35.44645690917969,4.98,0.0,0
46806,21.487000000000002,70.029,14.700000000000001,200.0,447.02,0.0,0.0,0.2,5.737,0,158.0,0.395,309.825,2.6393,34.11,35.44645690917969,4.98,0.0,0
46806,21.487000000000002,70.186,14.200000000000001,200.0,446.899,0.0,0.0,0.0,5.737,0,167.0,0.38,309.915,2.4743,35.22,35.44645690917969,4.98,0.0,0
46806,21.316,70.342,15.200000000000001,200.0,447.141,0.0,0.0,0.0,5.737,0,159.0,0.405,309.69,-1.9795,35.730000000000004,35.44645690917969,4.98,0.0,0
46806,20.805,70.50800000000001,17.3,200.0,447.383,0.0,0.0,0.0,5.737,0,158.0,0.335,309.825,0.2639,37.32,35.44645690917969,4.98,0.0,0
46806,19.952,70.684,19.3,198.0,447.262,0.0,0.0,0.2,5.737,0,-188.0,0.405,309.825,-0.39590000000000003,37.65,35.44645690917969,4.98,0.0,0
46806,17.053,70.879,19.8,177.0,447.262,0.0,0.0,0.0,5.737,0,-645.0,0.38,309.825,0.4289,37.050000000000004,35.44645690917969,4.98,0.0,0
46806,11.937,71.084,19.3,136.0,447.141,0.0,0.0,0.2,5.737,0,-749.0,0.34,309.825,1.3196,36.39,35.44645690917969,4.98,0.0,0
46806,4.945,71.279,18.8,93.0,447.32300000000004,0.0,0.0,0.2,5.737,0,-672.0,0.31,309.825,-1.5836000000000001,35.67,35.44645690917969,4.98,0.0,0
46806,-2.5580000000000003,71.455,16.7,53.0,447.32300000000004,0.0,0.0,0.0,5.737,0,-560.0,0.35000000000000003,309.825,-0.9238000000000001,36.12,35.44645690917969,4.98,0.0,0
46806,-9.379,71.611,13.200000000000001,20.0,447.383,0.0,0.0,0.2,5.737,0,-454.0,0.335,309.825,2.3754,36.27,35.44645690917969,4.98,0.0,0
46806,-4.263,71.62100000000001,-5.1000000000000005,-6.0,447.504,0.0,0.0,0.0,5.737,0,-417.0,0.34500000000000003,309.825,0.0,35.7,35.44645690917969,4.98,0.0,0
46806,-5.627,71.611,1.0,-18.0,447.564,0.0,0.0,-0.2,5.737,0,49.0,0.335,309.825,-1.5836000000000001,35.82,35.44645690917969,4.98,0.0,0
46806,-7.503,71.611,1.5,-13.0,447.32300000000004,0.0,0.0,0.2,5.737,0,174.0,0.31,309.825,0.39590000000000003,34.59,35.44645690917969,4.98,0.0,0
46806,-7.844,71.641,4.1000000000000005,-4.0,447.141,0.0,0.0,0.0,5.737,0,82.0,0.34,309.69,0.8908,34.65,35.44645690917969,4.98,0.0,0
46806,-8.015,71.641,3.5,-3.0,447.141,0.0,0.0,0.2,5.737,0,76.0,0.35000000000000003,309.69,0.42060000000000003,34.53,35.44645690917969,4.98,0.0,0
46806,-9.379,71.68900000000001,4.5,1.0,447.625,0.0,0.0,0.0,5.737,0,22.0,0.355,309.825,0.19790000000000002,34.62,35.44645690917969,4.98,0.0,0
46806,-9.209,71.729,4.5,2.0,447.383,0.0,0.0,0.0,5.737,0,5.0,0.3,309.825,2.3094,35.46,35.44645690917969,4.98,0.0,0
46806,-9.209,71.768,4.1000000000000005,1.0,446.96000000000004,0.0,0.0,0.0,5.737,0,-8.0,0.295,309.69,2.9692000000000003,36.81,35.44645690917969,4.98,0.0,0
46806,-9.379,71.807,4.1000000000000005,1.0,446.899,0.0,0.0,0.0,5.737,0,-13.0,0.3,309.825,-0.8578,37.230000000000004,35.44645690917969,4.98,0.0,0
46806,-9.72,71.846,4.1000000000000005,0.0,446.778,0.0,0.0,0.0,5.737,0,-8.0,0.36,309.69,-0.7011000000000001,36.81,35.44645690917969,4.98,0.0,0
46806,-10.061,71.885,3.5,0.0,447.02,0.0,0.0,0.2,5.737,0,0.0,0.26,309.825,-0.1155,36.54,35.44645690917969,4.98,0.0,0
46806,-10.402000000000001,71.924,4.5,-1.0,447.32300000000004,0.0,0.0,0.0,5.737,0,6.0,0.28500000000000003,309.825,2.5733,36.21,35.44645690917969,4.98,0.0,0
46806,-10.573,71.973,3.0,0.0,447.504,0.0,0.0,0.2,5.737,0,6.0,0.27,309.915,5.2126,35.67,35.44645690917969,4.98,0.0,0
46806,-10.061,72.012,4.1000000000000005,0.0,447.444,0.0,0.0,0.2,5.737,0,4.0,0.295,309.825,0.132,35.4,35.44645690917969,4.98,0.0,0
46806,-10.573,72.051,4.1000000000000005,0.0,447.504,0.0,0.0,0.0,5.737,0,0.0,0.295,309.69,-6.2931,35.34,35.44645690917969,4.98,0.0,0
46806,-10.061,72.09,4.1000000000000005,0.0,447.444,0.0,0.0,-0.2,5.737,0,-3.0,0.3,309.825,-4.9322,35.07,35.44645690917969,4.98,0.0,0
46806,-10.573,72.129,4.1000000000000005,0.0,447.02,0.0,0.0,0.0,5.737,0,-3.0,0.28,309.825,2.9857,34.980000000000004,35.44645690917969,4.98,0.0,0
46806,-10.402000000000001,72.168,4.1000000000000005,0.0,447.141,0.0,0.0,0.0,5.737,0,-4.0,0.32,309.825,-0.3547,34.47,35.44645690917969,4.98,0.0,0
46806,-10.573,72.20700000000001,4.1000000000000005,0.0,446.96000000000004,0.0,0.0,-0.2,5.737,0,2.0,0.35000000000000003,309.915,0.42060000000000003,35.07,35.44645690917969,4.98,0.0,0
46806,-10.743,72.24600000000001,4.1000000000000005,0.0,446.96000000000004,0.0,0.0,0.2,5.737,0,0.0,0.295,309.69,-1.2949000000000002,36.18,35.44645690917969,4.98,0.0,0
46806,-10.573,72.285,4.1000000000000005,0.0,447.081,0.0,0.0,-0.2,5.737,0,0.0,0.27,309.825,-4.0497000000000005,36.93,35.44645690917969,4.98,0.0,0
46806,-10.573,72.334,4.1000000000000005,0.0,447.262,0.0,0.0,0.0,5.737,0,0.0,0.23,309.825,0.34640000000000004,37.5,35.44645690917969,4.98,0.0,0
46806,-10.914,72.373,4.5,0.0,447.262,0.0,0.0,0.2,5.737,0,-3.0,0.225,309.915,6.557,37.08,35.44645690917969,4.98,0.0,0
46806,-10.914,72.412,3.5,0.0,446.96000000000004,0.0,0.0,-0.2,5.737,0,-1.0,0.17500000000000002,309.69,1.0805,37.050000000000004,35.44645690917969,4.98,0.0,0
46806,-10.573,72.45100000000001,3.5,0.0,446.899,0.0,0.0,0.0,5.737,0,-2.0,0.305,309.69,-6.5075,37.02,35.44645690917969,4.98,0.0,0
46806,-11.084,72.49000000000001,3.5,0.0,446.839,0.0,0.0,0.0,5.737,0,-2.0,0.245,309.915,-2.9692000000000003,36.18,35.44645690917969,4.98,0.0,0
46806,-11.084,72.49000000000001,3.5,0.0,446.839,0.0,0.0,0.2,5.737,0,-1.0,0.245,309.915,-1.5836000000000001,36.09,35.44645690917969,4.98,0.0,0
46806,-10.914,72.539,4.5,0.0,446.59700000000004,0.0,0.0,0.0,5.737,0,-1.0,0.215,309.825,8.049900000000001,34.77,35.44645690917969,4.98,0.0,0
46806,-11.255,72.578,4.1000000000000005,0.0,446.354,0.0,0.0,0.0,5.737,0,-2.0,0.265,309.825,-0.3629,34.83,35.44645690917969,4.98,0.0,0
46806,-11.084,72.617,4.5,0.0,447.202,0.0,0.0,0.0,5.737,0,-2.0,0.23500000000000001,309.825,-3.8270000000000004,34.35,35.44645690917969,4.98,0.0,0
46806,-11.255,72.656,4.1000000000000005,0.0,447.383,0.0,0.0,0.0,5.737,0,-1.0,0.22,309.825,1.5836000000000001,34.410000000000004,35.44645690917969,4.98,0.0,0
46806,-10.743,72.69500000000001,3.5,0.0,447.383,0.0,0.0,0.0,5.737,0,-2.0,0.265,309.915,2.1114,34.71,35.44645690917969,4.98,0.0,0
46806,-11.084,72.73400000000001,3.5,0.0,447.262,0.0,0.0,0.0,5.737,0,-3.0,0.255,309.915,1.5176,35.730000000000004,35.44645690917969,4.98,0.0,0
46806,-11.084,72.77300000000001,3.5,0.0,447.32300000000004,0.0,0.0,-0.2,5.737,0,-2.0,0.215,309.825,1.0557,37.08,35.44645690917969,4.98,0.0,0
46806,-11.255,72.813,3.0,0.0,447.202,0.0,0.0,0.2,5.737,0,-3.0,0.23,309.825,-3.1012,36.42,35.44645690917969,4.98,0.0,0
46806,-11.084,72.852,4.5,0.0,446.718,0.0,0.0,0.0,5.737,0,-2.0,0.27,309.915,-1.3196,36.33,35.44645690917969,4.98,0.0,0
46806,-11.084,72.9,3.5,0.0,446.899,0.0,0.0,-0.2,5.737,0,-2.0,0.2,309.69,-0.9567,36.27,35.44645690917969,4.98,0.0,0
46806,-11.084,72.93900000000001,4.5,0.0,446.899,0.0,0.0,0.0,5.737,0,-2.0,0.195,309.915,-0.132,36.27,35.44645690917969,4.98,0.0,0
46806,-11.255,72.979,4.1000000000000005,0.0,446.899,0.0,0.0,0.2,5.737,0,-2.0,0.21,309.825,0.3299,35.79,35.44645690917969,4.98,0.0,0
46806,-11.255,73.018,4.1000000000000005,0.0,447.383,0.0,0.0,-0.2,5.737,0,-2.0,0.195,309.915,2.5073000000000003,35.13,35.44645690917969,4.98,0.0,0
46806,-11.426,73.057,3.5,0.0,447.746,0.0,0.0,0.2,5.737,0,-2.0,0.22,309.825,0.8578,34.71,35.44645690917969,4.98,0.0,0
46806,-11.255,73.096,3.5,0.0,447.383,0.0,0.0,0.2,5.737,0,-2.0,0.185,309.825,1.8475000000000001,34.62,35.44645690917969,4.98,0.0,0
46806,-11.255,73.135,4.1000000000000005,0.0,447.625,0.0,0.0,0.0,5.737,0,-2.0,0.245,309.69,0.4289,33.72,35.44645690917969,4.98,0.0,0
46806,-11.255,73.174,3.5,0.0,447.202,0.0,0.0,0.0,5.737,0,-5.0,0.22,309.69,-2.3754,34.05,35.44645690917969,4.98,0.0,0
46806,-11.255,73.21300000000001,4.1000000000000005,0.0,447.444,0.0,0.0,0.0,5.737,0,-3.0,0.19,309.825,-3.4311000000000003,34.56,35.44645690917969,4.98,0.0,0
46806,-11.084,73.262,4.1000000000000005,0.0,447.202,0.0,0.0,0.0,5.737,0,-2.0,0.17,309.825,2.2434000000000003,35.13,35.44645690917969,4.98,0.0,0
46806,-11.255,73.301,3.5,0.0,447.262,0.0,0.0,0.0,5.737,0,-2.0,0.16,309.69,-0.7918000000000001,35.43,35.44645690917969,4.98,0.0,0
46806,-11.255,73.34,4.5,0.0,447.081,0.0,0.0,0.2,5.737,0,-3.0,0.17500000000000002,309.825,-1.5836000000000001,35.85,35.44645690917969,4.98,0.0,0
46806,-11.426,73.379,3.5,0.0,447.262,0.0,0.0,-0.2,5.737,0,-3.0,0.16,309.825,3.4311000000000003,35.67,35.44645690917969,4.98,0.0,0
46806,-11.255,73.418,4.1000000000000005,0.0,447.444,0.0,0.0,0.0,5.737,0,-4.0,0.17,309.69,-0.2639,35.46,35.44645690917969,4.98,0.0,0
46806,-11.596,73.45700000000001,4.1000000000000005,0.0,447.867,0.0,0.0,0.0,5.737,0,-4.0,0.165,309.825,-1.3196,35.13,35.44645690917969,4.98,0.0,0
46806,-11.426,73.467,4.5,0.0,447.867,0.0,0.0,0.0,5.737,0,-4.0,0.185,309.825,-1.3856000000000002,35.160000000000004,35.44645690917969,4.98,0.0,0
46806,-11.255,73.506,4.5,0.0,447.383,0.0,0.0,0.0,5.737,0,-3.0,0.23,310.005,3.728,35.04,35.44645690917969,4.98,0.0,0
46806,-11.426,73.545,4.1000000000000005,0.0,447.262,0.0,0.0,0.2,5.737,0,-3.0,0.155,309.825,1.2949000000000002,35.730000000000004,35.44645690917969,4.98,0.0,0
46806,-10.914,73.584,4.1000000000000005,0.0,447.625,0.0,0.0,0.0,5.737,0,-4.0,0.185,309.825,-3.4971,35.58,35.44645690917969,4.98,0.0,0
46806,-11.255,73.623,3.0,0.0,447.564,0.0,0.0,0.0,5.737,0,-2.0,0.14,309.915,-0.8578,34.230000000000004,35.44645690917969,4.98,0.0,0
46806,-11.255,73.662,3.0,0.0,447.081,0.0,0.0,0.2,5.737,0,-3.0,0.26,309.69,2.2022,33.78,35.44645690917969,4.98,0.0,0
46806,-11.255,73.70100000000001,4.1000000000000005,0.0,447.32300000000004,0.0,0.0,0.2,5.737,0,-3.0,0.17,309.825,-3.2331000000000003,33.57,35.44645690917969,4.98,0.0,0
46806,-11.767,73.74000000000001,3.5,0.0,447.202,0.0,0.0,0.2,5.737,0,-3.0,0.14,309.915,-0.3299,33.93,35.44645690917969,4.98,0.0,0
46806,-11.255,73.77900000000001,4.1000000000000005,0.0,447.081,0.0,0.0,0.0,5.737,0,-3.0,0.155,309.69,1.3444,34.53,35.44645690917969,4.98,0.0,0
46806,-11.596,73.828,4.1000000000000005,0.0,447.262,0.0,0.0,0.0,5.737,0,-4.0,0.145,309.825,-1.3856000000000002,35.58,35.44645690917969,4.98,0.0,0
46806,-11.426,73.867,4.5,0.0,447.262,0.0,0.0,0.0,5.737,0,-3.0,0.15,309.915,2.1609000000000003,36.36,35.44645690917969,4.98,0.0,0
46806,-11.426,73.906,4.1000000000000005,0.0,447.081,0.0,0.0,0.0,5.737,0,-3.0,0.15,309.825,4.1321,36.27,35.44645690917969,4.98,0.0,0
46806,-11.426,73.94500000000001,4.1000000000000005,0.0,447.383,0.0,0.0,0.2,5.737,0,-3.0,0.17,309.825,-1.9795,35.94,35.44645690917969,4.98,0.0,0
46806,-10.743,73.98400000000001,3.5,0.0,447.262,0.0,0.0,0.0,5.737,0,-3.0,0.20500000000000002,309.825,-1.1712,36.12,35.44645690917969,4.98,0.0,0
46806,-11.596,74.02300000000001,3.5,0.0,447.02,0.0,0.0,0.2,5.737,0,-3.0,0.135,309.69,-3.9342,35.7,35.44645690917969,4.98,0.0,0
46806,-11.596,74.063,4.1000000000000005,0.0,447.444,0.0,0.0,-0.2,5.737,0,-3.0,0.145,309.825,-0.39590000000000003,35.43,35.44645690917969,4.98,0.0,0
46806,-11.426,74.102,4.1000000000000005,0.0,447.383,0.0,0.0,0.0,5.737,0,-3.0,0.135,309.825,0.47840000000000005,34.89,35.44645690917969,4.98,0.0,0
46806,-11.255,74.141,4.1000000000000005,0.0,447.141,0.0,0.0,-0.2,5.737,0,-3.0,0.17,309.825,1.0310000000000001,34.56,35.44645690917969,4.98,0.0,0
46806,-11.255,74.18900000000001,3.5,0.0,447.202,0.0,0.0,0.2,5.737,0,-3.0,0.17,309.825,1.2702,33.51,35.44645690917969,4.98,0.0,0
46806,-11.426,74.229,3.5,0.0,447.081,0.0,0.0,-0.2,5.737,0,-3.0,0.13,309.825,0.0,32.97,35.44645690917969,4.98,0.0,0
46806,-11.596,74.268,4.5,0.0,447.262,0.0,0.0,0.2,5.737,0,-4.0,0.115,309.825,0.0,33.24,35.44645690917969,4.98,0.0,0
46806,-11.596,74.307,4.5,0.0,447.262,0.0,0.0,-0.2,5.737,0,-4.0,0.12,309.915,-0.8743000000000001,34.56,35.44645690917969,4.98,0.0,0
46806,-11.426,74.346,4.1000000000000005,0.0,447.202,0.0,0.0,0.0,5.737,0,-4.0,0.165,309.825,0.19790000000000002,36.24,35.44645690917969,4.98,0.0,0
46806,-11.596,74.385,4.1000000000000005,0.0,447.564,0.0,0.0,0.0,5.737,0,-4.0,0.125,309.69,2.2022,36.69,35.44645690917969,4.98,0.0,0
46806,-11.426,74.424,4.1000000000000005,0.0,447.444,0.0,0.0,0.2,5.737,0,-3.0,0.145,309.915,-0.1072,35.97,35.44645690917969,4.98,0.0,0
46806,-11.426,74.46300000000001,4.1000000000000005,0.0,447.444,0.0,0.0,0.0,5.737,0,-3.0,0.115,309.825,0.5938,35.52,35.44645690917969,4.98,0.0,0
46806,-11.426,74.512,4.1000000000000005,0.0,447.141,0.0,0.0,-0.2,5.737,0,-3.0,0.165,309.825,2.2104,35.1,35.44645690917969,4.98,0.0,0
46806,-11.255,74.551,4.1000000000000005,0.0,447.625,0.0,0.0,0.0,5.737,0,-3.0,0.12,309.69,-1.8063,35.19,35.44645690917969,4.98,0.0,0
46806,-11.084,74.59,4.1000000000000005,0.0,447.625,0.0,0.0,0.2,5.737,0,-4.0,0.165,309.915,0.7093,35.730000000000004,35.44645690917969,4.98,0.0,0
46806,-11.426,74.629,4.1000000000000005,0.0,447.625,0.0,0.0,-0.2,5.737,0,-3.0,0.095,309.69,-0.3052,35.82,35.44645690917969,4.98,0.0,0
46806,-11.426,74.668,4.1000000000000005,0.0,447.444,0.0,0.0,0.0,5.737,0,-3.0,0.115,309.69,-3.3239,35.28,35.44645690917969,4.98,0.0,0
46806,-11.426,74.70700000000001,4.1000000000000005,0.0,447.32300000000004,0.0,0.0,0.2,5.737,0,-4.0,0.09,309.825,-3.6125000000000003,33.87,35.44645690917969,4.98,0.0,0
46806,-11.596,74.74600000000001,4.1000000000000005,0.0,447.141,0.0,0.0,0.0,5.737,0,-3.0,0.145,309.825,1.5836000000000001,33.09,35.44645690917969,4.98,0.0,0
46806,-11.596,74.785,4.5,0.0,447.625,0.0,0.0,0.2,5.737,0,-4.0,0.11,309.825,4.1321,33.18,35.44645690917969,4.98,0.0,0
46806,-11.937,74.795,4.1000000000000005,0.0,447.625,0.0,0.0,0.2,5.737,0,-4.0,0.1,309.825,3.8600000000000003,33.3,35.44645690917969,4.98,0.0,0
46806,-11.596,74.834,4.1000000000000005,0.0,447.504,0.0,0.0,0.0,5.737,0,-3.0,0.08,309.825,1.9795,34.11,35.44645690917969,4.98,0.0,0
46806,-11.596,74.873,3.5,0.0,447.262,0.0,0.0,-0.2,5.737,0,-3.0,0.14,309.69,-0.4289,35.37,35.44645690917969,4.98,0.0,0
46806,-11.767,74.912,4.1000000000000005,0.0,447.262,0.0,0.0,0.2,5.737,0,-3.0,0.105,309.825,-0.132,36.300000000000004,35.44645690917969,4.98,0.0,0
46806,-11.767,74.95100000000001,4.1000000000000005,0.0,447.141,0.0,0.0,0.2,5.737,0,-4.0,0.105,309.825,0.2639,36.300000000000004,35.44645690917969,4.98,0.0,0
46806,-11.426,74.99000000000001,4.1000000000000005,0.0,447.383,0.0,0.0,0.0,5.737,0,-4.0,0.115,309.825,1.1877,35.52,35.44645690917969,4.98,0.0,0
46806,-11.426,75.02900000000001,4.5,0.0,447.383,0.0,0.0,-0.2,5.737,0,-4.0,0.13,309.825,-0.5279,35.730000000000004,35.44645690917969,4.98,0.0,0
46806,-11.937,75.078,3.5,0.0,447.262,0.0,0.0,0.0,5.737,0,-3.0,0.1,309.825,1.0557,35.52,35.44645690917969,4.98,0.0,0
46806,-11.767,75.117,3.5,0.0,447.202,0.0,0.0,0.2,5.737,0,-4.0,0.085,309.825,-5.5425,34.74,35.44645690917969,4.98,0.0,0
46806,-11.596,75.156,4.1000000000000005,0.0,447.081,0.0,0.0,0.2,5.737,0,-4.0,0.095,309.915,1.8475000000000001,34.71,35.44645690917969,4.98,0.0,0
46806,-11.937,75.19500000000001,4.1000000000000005,0.0,446.839,0.0,0.0,0.2,5.737,0,-3.0,0.12,309.825,2.9032,34.47,35.44645690917969,4.98,0.0,0
46806,-11.937,75.23400000000001,3.5,0.0,446.778,0.0,0.0,0.2,5.737,0,-4.0,0.09,309.825,-1.7155,34.35,35.44645690917969,4.98,0.0,0
46806,-11.767,75.27300000000001,3.0,0.0,446.899,0.0,0.0,-0.2,5.737,0,-3.0,0.075,309.825,-0.9897,34.53,35.44645690917969,4.98,0.0,0
46806,-11.937,75.313,4.1000000000000005,0.0,447.262,0.0,0.0,0.0,5.737,0,-4.0,0.095,309.825,-2.3754,34.35,35.44645690917969,4.98,0.0,0
46806,-11.596,75.352,3.5,0.0,447.504,0.0,0.0,0.0,5.737,0,-3.0,0.095,309.69,0.099,34.74,35.44645690917969,4.98,0.0,0
46806,-11.937,75.391,4.5,0.0,447.262,0.0,0.0,0.2,5.737,0,-4.0,0.09,309.825,0.7918000000000001,36.0,35.44645690917969,4.98,0.0,0
46806,-11.767,75.43,4.1000000000000005,0.0,447.32300000000004,0.0,0.0,0.0,5.737,0,-4.0,0.11,309.825,-0.7918000000000001,36.36,35.44645690917969,4.98,0.0,0
46806,-11.937,75.479,4.1000000000000005,0.0,447.32300000000004,0.0,0.0,0.0,5.737,0,-4.0,0.12,309.69,-1.5836000000000001,36.36,35.44645690917969,4.98,0.0,0
46806,-11.937,75.518,4.1000000000000005,0.0,447.262,0.0,0.0,-0.2,5.737,0,-3.0,0.105,309.825,0.0,35.61,35.44645690917969,4.98,0.0,0
46806,-11.767,75.557,3.0,0.0,447.02,0.0,0.0,0.0,5.737,0,-4.0,0.1,309.825,1.5836000000000001,35.46,35.44645690917969,4.98,0.0,0
46806,-10.743,75.586,2.0,0.0,446.96000000000004,0.0,0.0,0.0,5.737,0,-4.0,0.08,309.825,3.8600000000000003,35.82,35.44645690917969,4.98,0.0,0
46806,-7.844,75.596,0.0,0.0,447.202,0.0,0.0,0.0,5.737,0,-4.0,0.065,309.825,1.9795,35.82,35.44645690917969,4.98,0.0,0
46806,-7.674,75.596,-0.5,0.0,447.202,0.0,0.0,0.0,5.737,0,0.0,0.0,309.825,2.1774,35.85,35.44645690917969,4.98,0.0,0
46806,-4.263,75.586,0.0,0.0,447.081,0.0,0.0,0.0,5.737,0,-1.0,0.045,309.915,1.4351,35.46,35.44645690917969,4.98,0.0,0
46806,-5.1160000000000005,75.586,0.0,0.0,447.081,0.0,0.0,-0.2,5.737,0,-1.0,0.18,309.825,0.6598,35.34,35.44645690917969,4.98,0.0,0
46806,-4.945,75.586,0.5,0.0,446.96000000000004,0.0,0.0,0.0,5.737,0,0.0,0.045,309.825,0.7918000000000001,35.43,35.44645690917969,4.98,0.0,0
46806,-4.434,75.586,0.0,0.0,446.96000000000004,0.0,0.0,0.2,5.737,0,-1.0,0.07,309.825,-3.8765,35.34,35.44645690917969,4.98,0.0,0
46806,-4.434,75.586,0.0,0.0,447.141,0.0,0.0,0.0,5.737,0,0.0,0.105,309.825,-1.7815,34.980000000000004,35.44645690917969,4.98,0.0,0
46806,-4.263,75.586,0.5,0.0,447.262,0.0,0.0,0.0,5.737,0,-1.0,0.055,309.915,-2.4578,34.980000000000004,35.44645690917969,4.98,0.0,0
46806,-4.093,75.586,0.0,0.0,447.685,0.0,0.0,0.0,5.737,0,0.0,0.075,309.69,-0.8578,35.64,35.44645690917969,4.98,0.0,0
46806,-4.263,75.586,0.0,0.0,447.32300000000004,0.0,0.0,0.0,5.737,0,0.0,0.075,309.825,3.8930000000000002,36.33,35.44645690917969,4.98,0.0,0
46806,-4.093,75.586,-0.5,0.0,447.141,0.0,0.0,-0.2,5.737,0,0.0,0.09,309.915,3.3239,36.72,35.44645690917969,4.98,0.0,0
46806,-3.7520000000000002,75.586,-0.5,0.0,447.32300000000004,0.0,0.0,0.0,5.737,0,0.0,0.065,309.69,1.2537,37.32,35.44645690917969,4.98,0.0,0
46806,-3.922,75.586,0.0,0.0,447.081,0.0,0.0,-0.2,5.737,0,0.0,0.07,309.825,-3.7445000000000004,37.47,35.44645690917969,4.98,0.0,0
46806,-3.581,75.586,0.5,0.0,447.02,0.0,0.0,-0.2,5.737,0,0.0,0.085,309.825,-0.8413,37.08,35.44645690917969,4.98,0.0,0
46806,-3.7520000000000002,75.586,0.0,0.0,446.658,0.0,0.0,0.2,5.737,0,0.0,0.075,309.915,1.8310000000000002,35.7,35.44645690917969,4.98,0.0,0
46806,-3.411,75.586,0.5,0.0,446.839,0.0,0.0,0.0,5.737,0,0.0,0.07,309.69,-2.0867,34.800000000000004,35.44645690917969,4.98,0.0,0
46806,-3.581,75.586,0.0,0.0,446.96000000000004,0.0,0.0,0.0,5.737,0,0.0,0.07,309.825,1.3856000000000002,34.230000000000004,35.44645690917969,4.98,0.0,0
46806,-3.581,75.586,0.5,0.0,446.899,0.0,0.0,0.0,5.737,0,0.0,0.085,309.825,1.4681,34.11,35.44645690917969,4.98,0.0,0
46806,-3.581,75.586,-0.5,0.0,447.081,0.0,0.0,0.0,5.737,0,0.0,0.055,310.005,2.0784000000000002,34.47,35.44645690917969,4.98,0.0,0
46806,-3.581,75.586,0.0,0.0,447.444,0.0,0.0,0.2,5.737,0,0.0,0.06,309.915,2.8207,35.19,35.44645690917969,4.98,0.0,0
46806,-3.7520000000000002,75.586,0.0,0.0,447.444,0.0,0.0,0.0,5.737,0,0.0,0.075,309.69,-0.899,36.21,35.44645690917969,4.98,0.0,0
46806,-3.581,75.586,-0.5,0.0,447.141,0.0,0.0,0.2,5.737,0,0.0,0.065,309.69,-4.759,36.72,35.44645690917969,4.98,0.0,0
46806,-3.411,75.586,0.0,0.0,447.202,0.0,0.0,-0.2,5.737,0,0.0,0.085,309.825,-0.2639,36.84,35.44645690917969,4.98,0.0,0
46806,-3.922,75.586,0.0,0.0,447.202,0.0,0.0,0.2,5.737,0,0.0,0.08,309.825,-0.2639,36.84,35.44645690917969,4.98,0.0,0
46806,-3.411,75.586,-0.5,0.0,447.262,0.0,0.0,0.0,5.737,0,0.0,0.065,309.825,1.2207000000000001,36.69,35.44645690917969,4.98,0.0,0
46806,-3.411,75.586,0.0,0.0,447.262,0.0,0.0,0.0,5.737,0,0.0,0.075,309.825,1.4516,36.69,35.44645690917969,4.98,0.0,0
46806,-3.7520000000000002,75.586,0.0,0.0,447.32300000000004,0.0,0.0,0.2,5.737,0,0.0,0.055,309.825,-2.3754,36.300000000000004,35.44645690917969,4.98,0.0,0
46806,-3.7520000000000002,75.586,0.0,0.0,447.32300000000004,0.0,0.0,-0.2,5.737,0,0.0,0.09,309.825,-0.39590000000000003,36.27,35.44645690917969,4.98,0.0,0
46806,-3.411,75.586,0.0,0.0,447.202,0.0,0.0,0.0,5.737,0,0.0,0.065,309.825,1.5836000000000001,36.24,35.44645690917969,4.98,0.0,0
46806,-3.581,75.586,0.0,0.0,447.081,0.0,0.0,0.0,5.737,0,0.0,0.075,309.915,-0.132,36.0,35.44645690917969,4.98,0.0,0
46806,-3.7520000000000002,75.586,-0.5,0.0,447.262,0.0,0.0,0.0,5.737,0,0.0,0.065,309.825,0.5279,34.800000000000004,35.44645690917969,4.98,0.0,0
46806,-3.7520000000000002,75.586,-0.5,0.0,447.504,0.0,0.0,-0.2,5.737,0,0.0,0.075,309.915,3.0352,34.05,35.44645690917969,4.98,0.0,0
46806,-3.24,75.586,0.0,0.0,447.383,0.0,0.0,0.2,5.737,0,0.0,0.065,309.915,-3.4311000000000003,34.14,35.44645690917969,4.98,0.0,0
46806,-3.581,75.586,-0.5,0.0,447.564,0.0,0.0,0.0,5.737,0,0.0,0.075,309.825,0.0,35.19,35.44645690917969,4.98,0.0,0
46806,-3.411,75.586,0.0,0.0,447.383,0.0,0.0,0.0,5.737,0,0.0,0.05,309.825,2.4413,36.27,35.44645690917969,4.98,0.0,0
46806,-3.7520000000000002,75.586,0.0,0.0,446.839,0.0,0.0,0.0,5.737,0,0.0,0.07,309.825,-0.5279,36.9,35.44645690917969,4.98,0.0,0
46806,-3.24,75.586,-0.5,0.0,447.081,0.0,0.0,0.0,5.737,0,0.0,0.1,309.825,-1.5836000000000001,37.11,35.44645690917969,4.98,0.0,0
46806,-3.7520000000000002,75.586,-0.5,0.0,447.383,0.0,0.0,0.0,5.737,0,0.0,0.08,309.915,0.9238000000000001,36.45,35.44645690917969,4.98,0.0,0
46806,-3.411,75.586,-0.5,0.0,447.141,0.0,0.0,0.0,5.737,0,0.0,0.07,309.915,5.476500000000001,36.33,35.44645690917969,4.98,0.0,0
46806,-3.0700000000000003,75.586,-0.5,0.0,447.504,0.0,0.0,-0.2,5.737,0,0.0,0.06,309.825,-1.7155,36.6,35.44645690917969,4.98,0.0,0
46806,-3.581,75.586,0.0,0.0,447.504,0.0,0.0,-0.2,5.737,0,0.0,0.07,309.825,-2.5733,35.43,35.44645690917969,4.98,0.0,0
46806,-3.411,75.586,0.0,0.0,447.202,0.0,0.0,0.0,5.737,0,0.0,0.085,309.825,-1.8475000000000001,35.64,35.44645690917969,4.98,0.0,0
46806,-3.24,75.586,0.0,0.0,447.32300000000004,0.0,0.0,0.0,5.737,0,0.0,0.07,309.825,-1.3196,35.13,35.44645690917969,4.98,0.0,0
46806,-3.581,75.586,-0.5,0.0,447.081,0.0,0.0,0.0,5.737,0,0.0,0.06,309.825,1.3196,34.17,35.44645690917969,4.98,0.0,0
46806,-3.411,75.586,0.0,0.0,447.081,0.0,0.0,0.0,5.737,0,0.0,0.075,309.825,1.5836000000000001,33.99,35.44645690917969,4.98,0.0,0
46806,-3.411,75.586,0.0,0.0,447.444,0.0,0.0,0.0,5.737,0,0.0,0.07,309.915,2.1114,34.71,35.44645690917969,4.98,0.0,0
46806,-3.24,75.586,0.0,0.0,447.444,0.0,0.0,-0.2,5.737,0,0.0,0.075,309.69,-3.596,35.64,35.44645690917969,4.98,0.0,0
46806,-3.0700000000000003,75.586,0.5,0.0,447.685,0.0,0.0,0.2,5.737,0,0.0,0.07,309.69,-4.3548,36.69,35.44645690917969,4.98,0.0,0
46806,-3.0700000000000003,75.586,0.5,0.0,447.685,0.0,0.0,-0.2,5.737,0,0.0,0.055,309.825,-3.8930000000000002,36.78,35.44645690917969,4.98,0.0,0
46806,-3.24,75.586,0.5,0.0,447.564,0.0,0.0,0.0,5.737,0,0.0,0.05,309.825,2.4578,37.800000000000004,35.44645690917969,4.98,0.0,0
46806,-3.581,75.586,0.5,0.0,447.32300000000004,0.0,0.0,0.0,5.737,0,0.0,0.055,309.915,4.0497000000000005,37.83,35.44645690917969,4.98,0.0,0
46806,-3.24,75.586,0.0,0.0,447.504,0.0,0.0,0.0,5.737,0,0.0,0.08,309.915,3.1259,37.230000000000004,35.44645690917969,4.98,0.0,0
46806,-3.24,75.586,0.5,0.0,447.262,0.0,0.0,0.0,5.737,0,0.0,0.065,309.825,1.4516,36.27,35.44645690917969,4.98,0.0,0
46806,-3.0700000000000003,75.586,0.5,0.0,447.32300000000004,0.0,0.0,0.0,5.737,0,0.0,0.075,309.825,-4.6848,35.88,35.44645690917969,4.98,0.0,0
46806,-3.0700000000000003,75.586,-0.5,0.0,447.564,0.0,0.0,0.0,5.737,0,0.0,0.06,309.825,-1.897,36.09,35.44645690917969,4.98,0.0,0
46806,-3.24,75.586,0.5,0.0,447.564,0.0,0.0,-0.2,5.737,0,0.0,0.055,309.825,1.6496000000000002,36.06,35.44645690917969,4.98,0.0,0
46806,-3.24,75.586,0.0,0.0,447.504,0.0,0.0,0.2,5.737,0,0.0,0.06,309.825,-0.2639,35.25,35.44645690917969,4.98,0.0,0
46806,-3.24,75.586,0.0,0.0,447.262,0.0,0.0,0.0,5.737,0,0.0,0.08,309.825,1.3196,35.37,35.44645690917969,4.98,0.0,0
46806,-3.24,75.586,0.0,0.0,447.262,0.0,0.0,0.2,5.737,0,-1.0,0.06,309.825,-1.3196,34.89,35.44645690917969,4.98,0.0,0
46806,-3.0700000000000003,75.586,0.0,0.0,447.625,0.0,0.0,0.2,5.737,0,0.0,0.085,309.915,-1.9300000000000002,34.95,35.44645690917969,4.98,0.0,0
46806,-2.899,75.586,0.0,0.0,447.504,0.0,0.0,0.0,5.737,0,0.0,0.06,309.825,-1.3196,35.43,35.44645690917969,4.98,0.0,0
46806,-3.0700000000000003,75.586,0.5,0.0,447.444,0.0,0.0,0.0,5.737,0,0.0,0.07,309.825,2.7713,35.730000000000004,35.44645690917969,4.98,0.0,0
46806,-3.24,75.586,0.0,0.0,447.262,0.0,0.0,0.0,5.737,0,0.0,0.075,309.69,-1.2784,36.660000000000004,35.44645690917969,4.98,0.0,0
46806,-3.0700000000000003,75.586,0.5,0.0,447.262,0.0,0.0,0.0,5.737,0,0.0,0.075,309.69,-5.4518,37.410000000000004,35.44645690917969,4.98,0.0,0
46806,-3.0700000000000003,75.586,0.0,0.0,447.202,0.0,0.0,0.0,5.737,0,0.0,0.05,309.915,-2.5238,37.5,35.44645690917969,4.98,0.0,0
46806,-3.0700000000000003,75.586,0.0,0.0,447.081,0.0,0.0,0.0,5.737,0,-1.0,0.085,309.825,2.4826,36.63,35.44645690917969,4.98,0.0,0
46806,-3.24,75.586,-0.5,0.0,447.32300000000004,0.0,0.0,-0.2,5.737,0,0.0,0.08,309.825,2.9445,35.79,35.44645690917969,4.98,0.0,0
46806,-3.0700000000000003,75.586,0.0,0.0,447.625,0.0,0.0,0.0,5.737,0,0.0,0.075,309.915,2.2681,35.43,35.44645690917969,4.98,0.0,0
46806,-3.0700000000000003,75.586,0.0,0.0,447.383,0.0,0.0,0.0,5.737,0,0.0,0.06,309.69,-0.17320000000000002,34.95,35.44645690917969,4.98,0.0,0
46806,-3.24,75.586,0.0,0.0,447.444,0.0,0.0,0.0,5.737,0,0.0,0.08,309.69,-3.6043000000000003,34.92,35.44645690917969,4.98,0.0,0
46806,-3.24,75.586,-0.5,0.0,447.32300000000004,0.0,0.0,-0.2,5.737,0,-1.0,0.075,309.825,1.1382,34.62,35.44645690917969,4.98,0.0,0
46806,-3.0700000000000003,75.586,0.0,0.0,447.444,0.0,0.0,0.2,5.737,0,0.0,0.065,309.825,3.4476,33.9,35.44645690917969,4.98,0.0,0
46806,-2.5580000000000003,75.586,-0.5,0.0,447.32300000000004,0.0,0.0,0.2,5.737,0,0.0,0.09,309.825,2.4166000000000003,33.84,35.44645690917969,4.98,0.0,0
46806,-3.24,75.586,0.0,0.0,447.32300000000004,0.0,0.0,0.0,5.737,0,0.0,0.065,309.825,1.4846000000000001,33.78,35.44645690917969,4.98,0.0,0
46806,-3.0700000000000003,75.586,0.0,0.0,447.02,0.0,0.0,0.0,5.737,0,0.0,0.045,309.825,-0.2639,34.62,35.44645690917969,4.98,0.0,0
46806,-3.0700000000000003,75.586,0.5,0.0,446.778,0.0,0.0,-0.2,5.737,0,0.0,0.07,309.69,-1.4846000000000001,35.31,35.44645690917969,4.98,0.0,0
46806,-2.728,75.586,0.0,0.0,447.32300000000004,0.0,0.0,0.2,5.737,0,0.0,0.07,309.825,-2.9032,36.03,35.44645690917969,4.98,0.0,0
46806,-2.899,75.586,-0.5,0.0,447.383,0.0,0.0,0.2,5.737,0,0.0,0.065,309.915,0.7258,36.72,35.44645690917969,4.98,0.0,0
46806,-3.0700000000000003,75.586,0.5,0.0,447.625,0.0,0.0,0.0,5.737,0,0.0,0.05,309.825,3.563,36.87,35.44645690917969,4.98,0.0,0
46806,-3.0700000000000003,75.586,0.5,0.0,447.383,0.0,0.0,0.0,5.737,0,0.0,0.055,309.825,-1.8475000000000001,36.45,35.44645690917969,4.98,0.0,0
46806,-2.728,75.586,0.0,0.0,447.262,0.0,0.0,-0.2,5.737,0,0.0,0.07,309.825,-0.5279,36.09,35.44645690917969,4.98,0.0,0
46806,-3.24,75.586,0.0,0.0,447.141,0.0,0.0,0.0,5.737,0,-1.0,0.08,309.69,-1.4846000000000001,35.67,35.44645690917969,4.98,0.0,0
46806,-3.0700000000000003,75.586,-0.5,0.0,447.081,0.0,0.0,0.0,5.737,0,0.0,0.065,309.825,-1.1877,34.53,35.44645690917969,4.98,0.0,0
46806,-2.728,75.586,0.0,0.0,447.262,0.0,0.0,0.0,5.737,0,0.0,0.1,309.69,1.9465000000000001,34.14,35.44645690917969,4.98,0.0,0
46806,-2.899,75.586,-0.5,0.0,447.383,0.0,0.0,0.0,5.737,0,0.0,0.06,309.69,0.132,34.47,35.44645690917969,4.98,0.0,0
46806,-3.0700000000000003,75.586,-0.5,0.0,447.504,0.0,0.0,0.0,5.737,0,0.0,0.07,309.825,-2.6393,35.1,35.44645690917969,4.98,0.0,0
46806,-3.0700000000000003,75.586,0.0,0.0,447.262,0.0,0.0,0.0,5.737,0,0.0,0.075,309.825,2.6393,34.92,35.44645690917969,4.98,0.0,0
46806,-3.0700000000000003,75.586,0.5,0.0,447.141,0.0,0.0,0.2,5.737,0,0.0,0.065,309.825,1.4846000000000001,34.59,35.44645690917969,4.98,0.0,0
46806,-3.0700000000000003,75.586,0.0,0.0,447.262,0.0,0.0,0.0,5.737,0,0.0,0.07,309.915,0.5279,35.64,35.44645690917969,4.98,0.0,0
46806,-2.899,75.586,0.0,0.0,447.564,0.0,0.0,0.2,5.737,0,1.0,0.065,309.825,0.2639,35.82,35.44645690917969,4.98,0.0,0
46806,-3.24,75.586,0.5,0.0,447.444,0.0,0.0,0.0,5.737,0,0.0,0.065,309.915,3.4311000000000003,36.54,35.44645690917969,4.98,0.0,0
46806,-2.899,75.586,0.0,0.0,447.444,0.0,0.0,-0.2,5.737,0,0.0,0.055,309.915,2.9032,36.57,35.44645690917969,4.98,0.0,0
46806,-3.0700000000000003,75.586,0.0,0.0,447.202,0.0,0.0,0.2,5.737,0,0.0,0.09,309.69,-2.1114,36.69,35.44645690917969,4.98,0.0,0
46806,-3.0700000000000003,75.586,0.5,0.0,447.444,0.0,0.0,0.0,5.737,0,0.0,0.055,309.69,-2.4743,36.09,35.44645690917969,4.98,0.0,0
46806,-3.0700000000000003,75.586,0.5,0.0,447.685,0.0,0.0,0.0,5.737,0,-1.0,0.085,309.69,-3.9589000000000003,35.79,35.44645690917969,4.98,0.0,0
46806,-2.899,75.586,-0.5,0.0,447.504,0.0,0.0,0.0,5.737,0,0.0,0.08,309.825,2.8043,34.44,35.44645690917969,4.98,0.0,0
46806,-2.728,75.586,0.0,0.0,446.96000000000004,0.0,0.0,0.0,5.737,0,-1.0,0.095,309.825,3.9589000000000003,34.62,35.44645690917969,4.98,0.0,0
46806,-2.899,75.586,0.5,0.0,447.141,0.0,0.0,-0.2,5.737,0,-1.0,0.095,309.825,3.0682,34.38,35.44645690917969,4.98,0.0,0
46806,-2.899,75.586,0.0,0.0,447.262,0.0,0.0,-0.2,5.737,0,-1.0,0.0,309.915,2.1114,35.34,35.44645690917969,4.98,0.0,0
46806,-3.0700000000000003,75.586,0.0,0.0,447.444,0.0,0.0,0.0,5.737,0,0.0,0.07,309.915,-0.8578,34.95,35.44645690917969,4.98,0.0,0
46806,-2.728,75.586,0.0,0.0,447.444,0.0,0.0,0.0,5.737,0,0.0,0.07,309.825,-2.6393,34.62,35.44645690917969,4.98,0.0,0
46806,-3.0700000000000003,75.586,0.5,0.0,447.141,0.0,0.0,0.0,5.737,0,-1.0,0.06,309.915,0.5279,34.83,35.44645690917969,4.98,0.0,0
46806,-3.0700000000000003,75.586,0.5,0.0,447.444,0.0,0.0,0.0,5.737,0,0.0,0.035,309.69,-2.1114,35.94,35.44645690917969,4.98,0.0,0
46806,-2.899,75.586,0.0,0.0,447.32300000000004,0.0,0.0,-0.2,5.737,0,0.0,0.045,309.69,-1.7485000000000002,36.33,35.44645690917969,4.98,0.0,0
46806,-2.899,75.586,-0.5,0.0,447.262,0.0,0.0,0.0,5.737,0,0.0,0.065,309.915,-1.9795,36.300000000000004,35.44645690917969,4.98,0.0,0
46806,-2.899,75.586,0.0,0.0,447.262,0.0,0.0,0.0,5.737,0,0.0,0.065,309.69,-1.3196,35.910000000000004,35.44645690917969,4.98,0.0,0
46806,-3.0700000000000003,75.586,0.5,0.0,447.383,0.0,0.0,0.0,5.737,0,0.0,0.06,309.825,4.0909,35.730000000000004,35.44645690917969,4.98,0.0,0
46806,-2.728,75.586,0.0,0.0,447.383,0.0,0.0,0.2,5.737,0,0.0,0.045,309.69,2.8372,35.730000000000004,35.44645690917969,4.98,0.0,0
46806,-2.5580000000000003,75.586,0.0,0.0,447.141,0.0,0.0,-0.2,5.737,0,0.0,0.05,309.915,-1.7815,34.83,35.44645690917969,4.98,0.0,0
46806,-3.0700000000000003,75.586,0.0,0.0,447.141,0.0,0.0,0.0,5.737,0,-1.0,0.065,309.825,-0.8165,34.32,35.44645690917969,4.98,0.0,0
46806,-2.899,75.586,0.0,0.0,447.202,0.0,0.0,0.2,5.737,0,0.0,0.05,309.825,4.5528,33.42,35.44645690917969,4.98,0.0,0
46806,-2.5580000000000003,75.586,0.0,0.0,447.081,0.0,0.0,0.0,5.737,0,0.0,0.055,309.825,0.0825,33.27,35.44645690917969,4.98,0.0,0
46806,-2.899,75.586,0.0,0.0,447.202,0.0,0.0,0.0,5.737,0,-1.0,0.08,309.825,-0.42060000000000003,33.78,35.44645690917969,4.98,0.0,0
46806,-2.728,75.586,0.0,0.0,447.383,0.0,0.0,0.2,5.737,0,0.0,0.06,309.825,0.0,34.14,35.44645690917969,4.98,0.0,0
46806,-3.0700000000000003,75.586,-0.5,0.0,447.262,0.0,0.0,0.2,5.737,0,0.0,0.035,309.825,1.4516,35.160000000000004,35.44645690917969,4.98,0.0,0
46806,-3.0700000000000003,75.586,-0.5,0.0,446.96000000000004,0.0,0.0,0.0,5.737,0,0.0,0.04,309.825,1.3196,36.27,35.44645690917969,4.98,0.0,0
46806,-2.728,75.586,0.0,0.0,447.202,0.0,0.0,-0.2,5.737,0,0.0,0.05,309.69,-3.4723,37.050000000000004,35.44645690917969,4.98,0.0,0
46806,-2.899,75.586,0.0,0.0,447.32300000000004,0.0,0.0,0.0,5.737,0,0.0,0.085,309.825,-2.4413,36.36,35.44645690917969,4.98,0.0,0
46806,-3.24,75.586,0.0,0.0,447.32300000000004,0.0,0.0,0.2,5.737,0,0.0,0.045,309.825,0.9897,35.910000000000004,35.44645690917969,4.98,0.0,0
46806,-2.387,75.586,0.5,0.0,447.32300000000004,0.0,0.0,-0.2,5.737,0,0.0,0.06,309.69,3.1012,35.76,35.44645690917969,4.98,0.0,0
46806,-2.728,75.586,0.0,0.0,447.202,0.0,0.0,0.0,5.737,0,0.0,0.075,309.825,-3.1672000000000002,35.7,35.44645690917969,4.98,0.0,0
46806,-2.899,75.586,0.0,0.0,447.081,0.0,0.0,0.0,5.737,0,-1.0,0.06,309.825,-0.5279,35.550000000000004,35.44645690917969,4.98,0.0,0
46806,-2.728,75.586,0.5,0.0,447.141,0.0,0.0,0.0,5.737,0,0.0,0.07,309.915,5.2786,35.61,35.44645690917969,4.98,0.0,0
46806,-2.387,75.586,0.0,0.0,447.262,0.0,0.0,0.0,5.737,0,0.0,0.055,309.69,-0.1072,35.04,35.44645690917969,4.98,0.0,0
46806,-2.5580000000000003,75.586,0.5,0.0,447.444,0.0,0.0,0.0,5.737,0,0.0,0.05,309.915,-0.6103000000000001,34.32,35.44645690917969,4.98,0.0,0
46806,-2.899,75.586,0.5,0.0,447.202,0.0,0.0,-0.2,5.737,0,0.0,0.055,309.825,-2.7548,33.660000000000004,35.44645690917969,4.98,0.0,0
46806,-2.728,75.586,0.0,0.0,447.262,0.0,0.0,-0.2,5.737,0,0.0,0.045,309.69,0.6186,34.26,35.44645690917969,4.98,0.0,0
46806,-2.728,75.586,0.0,0.0,447.02,0.0,0.0,0.2,5.737,0,0.0,0.07,309.825,-0.9073,34.53,35.44645690917969,4.98,0.0,0
46806,-2.728,75.586,-0.5,0.0,447.202,0.0,0.0,0.0,5.737,0,0.0,0.05,309.69,-1.5836000000000001,36.12,35.44645690917969,4.98,0.0,0
46806,-2.728,75.586,0.0,0.0,447.262,0.0,0.0,0.2,5.737,0,0.0,0.05,309.69,-2.9032,36.24,35.44645690917969,4.98,0.0,0
46806,-2.899,75.586,0.0,0.0,447.383,0.0,0.0,-0.2,5.737,0,0.0,0.05,309.825,-1.6826,37.11,35.44645690917969,4.98,0.0,0
46806,-2.728,75.586,0.0,0.0,447.262,0.0,0.0,0.0,5.737,0,0.0,0.045,309.915,0.6598,37.29,35.44645690917969,4.98,0.0,0
46806,-2.728,75.586,-0.5,0.0,447.202,0.0,0.0,0.0,5.737,0,0.0,0.1,309.825,3.596,37.11,35.44645690917969,4.98,0.0,0
46806,-2.728,75.586,0.5,0.0,447.262,0.0,0.0,0.0,5.737,0,0.0,0.05,309.825,2.5073000000000003,36.18,35.44645690917969,4.98,0.0,0
46806,-2.387,75.586,-0.5,0.0,447.32300000000004,0.0,0.0,0.0,5.737,0,0.0,0.055,309.825,-0.9897,35.64,35.44645690917969,4.98,0.0,0
46806,-2.899,75.586,0.5,0.0,447.02,0.0,0.0,-0.2,5.737,0,0.0,0.06,309.825,-3.2991,35.76,35.44645690917969,4.98,0.0,0
46806,-2.5580000000000003,75.586,0.0,0.0,447.141,0.0,0.0,0.0,5.737,0,0.0,0.05,309.825,1.5836000000000001,36.24,35.44645690917969,4.98,0.0,0
46806,-2.728,75.586,0.0,0.0,447.262,0.0,0.0,0.2,5.737,0,0.0,0.055,309.915,4.0909,35.43,35.44645690917969,4.98,0.0,0
46806,-2.387,75.586,-0.5,0.0,447.444,0.0,0.0,0.0,5.737,0,0.0,0.035,309.825,-2.1114,35.19,35.44645690917969,4.98,0.0,0
46806,-2.899,75.586,0.5,0.0,447.444,0.0,0.0,-0.2,5.737,0,0.0,0.065,309.69,-3.1672000000000002,34.68,35.44645690917969,4.98,0.0,0
46806,-2.728,75.586,0.0,0.0,447.383,0.0,0.0,-0.2,5.737,0,0.0,0.045,309.825,2.1774,34.26,35.44645690917969,4.98,0.0,0
46806,-2.899,75.586,-0.5,0.0,447.262,0.0,0.0,0.0,5.737,0,0.0,0.05,309.825,-0.5279,35.07,35.44645690917969,4.98,0.0,0
46806,-2.217,75.586,0.0,0.0,447.081,0.0,0.0,0.0,5.737,0,0.0,0.06,309.825,2.0125,36.57,35.44645690917969,4.98,0.0,0
46806,-2.899,75.586,-0.5,0.0,447.383,0.0,0.0,0.2,5.737,0,0.0,0.055,309.825,3.563,37.02,35.44645690917969,4.98,0.0,0
46806,-2.387,75.586,-0.5,0.0,447.625,0.0,0.0,0.2,5.737,0,0.0,0.05,309.915,-2.4413,37.02,35.44645690917969,4.98,0.0,0
46806,-2.728,75.586,0.0,0.0,447.444,0.0,0.0,0.0,5.737,0,0.0,0.05,309.69,-3.6950000000000003,36.36,35.44645690917969,4.98,0.0,0
46806,-2.5580000000000003,75.586,0.0,0.0,447.504,0.0,0.0,-0.2,5.737,0,0.0,0.045,309.915,2.3094,36.24,35.44645690917969,4.98,0.0,0
46806,-2.5580000000000003,75.586,0.0,0.0,447.262,0.0,0.0,-0.2,5.737,0,0.0,0.05,309.825,1.1877,35.85,35.44645690917969,4.98,0.0,0
46806,-2.728,75.586,0.5,0.0,447.262,0.0,0.0,0.0,5.737,0,-1.0,0.05,309.825,1.4021000000000001,35.88,35.44645690917969,4.98,0.0,0
46806,-2.728,75.586,0.0,0.0,446.899,0.0,0.0,0.2,5.737,0,1.0,0.045,309.825,-1.7403000000000002,36.0,35.44645690917969,4.98,0.0,0
46806,-2.728,75.586,0.0,0.0,447.141,0.0,0.0,0.0,5.737,0,-1.0,0.05,309.825,-5.46,36.0,35.44645690917969,4.98,0.0,0
46806,-2.728,75.586,-0.5,0.0,447.383,0.0,0.0,-0.2,5.737,0,-1.0,0.07,309.825,0.8578,35.25,35.44645690917969,4.98,0.0,0
46806,-2.5580000000000003,75.586,0.0,0.0,447.141,0.0,0.0,0.2,5.737,0,0.0,0.04,309.825,2.7053000000000003,34.92,35.44645690917969,4.98,0.0,0
46806,-2.5580000000000003,75.586,0.0,0.0,447.32300000000004,0.0,0.0,0.0,5.737,0,0.0,0.07,309.825,-0.5526,33.42,35.44645690917969,4.98,0.0,0
46806,-2.5580000000000003,75.586,0.0,0.0,447.32300000000004,0.0,0.0,0.0,5.737,0,0.0,0.06,309.825,-0.2639,33.96,35.44645690917969,4.98,0.0,0
46806,-2.728,75.586,0.0,0.0,447.202,0.0,0.0,0.0,5.737,0,-1.0,0.06,309.825,-0.132,35.22,35.44645690917969,4.98,0.0,0
46806,-2.387,75.586,-0.5,0.0,447.262,0.0,0.0,0.2,5.737,0,-1.0,0.055,309.825,-4.024900000000001,36.660000000000004,35.44645690917969,4.98,0.0,0
46806,-2.5580000000000003,75.586,0.5,0.0,447.141,0.0,0.0,0.0,5.737,0,0.0,0.06,309.825,0.8578,37.14,35.44645690917969,4.98,0.0,0
46806,-2.728,75.586,0.5,0.0,446.96000000000004,0.0,0.0,-0.2,5.737,0,0.0,0.025,309.825,1.5176,37.44,35.44645690917969,4.98,0.0,0
46806,-2.5580000000000003,75.586,0.0,0.0,446.96000000000004,0.0,0.0,0.0,5.737,0,0.0,0.05,309.825,-0.42060000000000003,36.63,35.44645690917969,4.98,0.0,0
46806,-2.899,75.586,-0.5,0.0,446.839,0.0,0.0,0.0,5.737,0,0.0,0.03,309.825,2.9032,36.03,35.44645690917969,4.98,0.0,0
46806,-2.387,75.586,0.0,0.0,447.02,0.0,0.0,0.2,5.737,0,0.0,0.06,309.825,0.2639,35.13,35.44645690917969,4.98,0.0,0
46806,-2.728,75.586,0.0,0.0,447.081,0.0,0.0,0.0,5.737,0,0.0,0.02,309.825,-2.3754,35.31,35.44645690917969,4.98,0.0,0
46806,-2.728,75.586,-0.5,0.0,447.262,0.0,0.0,0.0,5.737,0,0.0,0.05,309.825,-2.6888,35.1,35.44645690917969,4.98,0.0,0
46806,-2.5580000000000003,75.586,0.0,0.0,447.202,0.0,0.0,0.2,5.737,0,0.0,0.05,309.825,-2.7713,35.4,35.44645690917969,4.98,0.0,0
46806,-2.5580000000000003,75.586,-0.5,0.0,447.141,0.0,0.0,0.2,5.737,0,1.0,0.02,309.915,0.4454,34.77,35.44645690917969,4.98,0.0,0
46806,-2.899,75.586,-0.5,0.0,447.262,0.0,0.0,0.0,5.737,0,-1.0,0.055,309.825,1.8475000000000001,34.35,35.44645690917969,4.98,0.0,0
46806,-2.728,75.586,-0.5,0.0,447.202,0.0,0.0,0.0,5.737,0,0.0,0.025,309.69,-2.4413,34.29,35.44645690917969,4.98,0.0,0
46806,-3.0700000000000003,75.586,0.0,0.0,447.141,0.0,0.0,-0.2,5.737,0,0.0,0.03,309.915,-4.6848,35.01,35.44645690917969,4.98,0.0,0
46806,-2.387,75.586,0.0,0.0,447.141,0.0,0.0,0.0,5.737,0,-1.0,0.045,309.825,3.1012,36.18,35.44645690917969,4.98,0.0,0
46806,-2.5580000000000003,75.586,0.5,0.0,446.899,0.0,0.0,0.0,5.737,0,0.0,0.02,309.825,-1.2124000000000001,37.11,35.44645690917969,4.98,0.0,0
46806,-2.728,75.586,0.0,0.0,447.02,0.0,0.0,0.2,5.737,0,0.0,0.07,309.825,-1.3444,37.14,35.44645690917969,4.98,0.0,0
46806,-2.5580000000000003,75.586,-0.5,0.0,447.081,0.0,0.0,0.0,5.737,0,0.0,0.03,309.915,5.79,36.54,35.44645690917969,4.98,0.0,0
46806,-2.217,75.586,0.0,0.0,447.141,0.0,0.0,0.2,5.737,0,0.0,0.04,309.915,3.5218000000000003,35.37,35.44645690917969,4.98,0.0,0
46806,-2.217,75.586,0.0,0.0,447.564,0.0,0.0,-0.2,5.737,0,0.0,0.015,309.69,-1.4929000000000001,35.49,35.44645690917969,4.98,0.0,0
46806,-2.387,75.586,0.0,0.0,447.383,0.0,0.0,0.0,5.737,0,0.0,0.065,309.915,-2.2434000000000003,35.82,35.44645690917969,4.98,0.0,0
46806,-2.899,75.586,0.0,0.0,447.262,0.0,0.0,0.0,5.737,0,0.0,0.035,309.915,-1.3196,35.7,35.44645690917969,4.98,0.0,0
46806,-2.387,75.586,0.0,0.0,447.32300000000004,0.0,0.0,0.0,5.737,0,0.0,0.065,309.825,0.066,35.43,35.44645690917969,4.98,0.0,0
46806,-2.5580000000000003,75.586,-0.5,0.0,447.444,0.0,0.0,-0.2,5.737,0,-1.0,0.035,309.825,0.39590000000000003,35.550000000000004,35.44645690917969,4.98,0.0,0
46806,-2.728,75.586,0.0,0.0,447.444,0.0,0.0,0.0,5.737,0,0.0,0.045,309.69,-1.6826,35.28,35.44645690917969,4.98,0.0,0
46806,-2.728,75.586,0.5,0.0,447.444,0.0,0.0,-0.2,5.737,0,0.0,0.055,309.825,1.1877,34.65,35.44645690917969,4.98,0.0,0
46806,-2.387,75.586,-0.5,0.0,447.262,0.0,0.0,-0.2,5.737,0,0.0,0.05,309.825,1.8475000000000001,34.95,35.44645690917969,4.98,0.0,0
46806,-2.387,75.586,0.0,0.0,447.262,0.0,0.0,0.2,5.737,0,0.0,0.05,309.825,0.132,35.31,35.44645690917969,4.98,0.0,0
46806,-2.387,75.586,0.5,0.0,447.927,0.0,0.0,-0.2,5.737,0,0.0,0.04,309.69,0.099,35.97,35.44645690917969,4.98,0.0,0
46806,-2.728,75.586,-0.5,0.0,447.625,0.0,0.0,-0.2,5.737,0,0.0,0.03,309.825,1.0557,36.51,35.44645690917969,4.98,0.0,0
46806,-2.5580000000000003,75.586,0.5,0.0,447.383,0.0,0.0,0.0,5.737,0,0.0,0.03,309.825,-1.8475000000000001,36.63,35.44645690917969,4.98,0.0,0
46806,-2.5580000000000003,75.586,0.5,0.0,447.32300000000004,0.0,0.0,-0.2,5.737,0,0.0,0.025,309.69,1.7155,37.02,35.44645690917969,4.98,0.0,0
46806,-2.5580000000000003,75.586,0.5,0.0,447.202,0.0,0.0,-0.2,5.737,0,0.0,0.05,309.825,-0.7918000000000001,37.29,35.44645690917969,4.98,0.0,0
46806,-2.5580000000000003,75.586,-0.5,0.0,447.081,0.0,0.0,0.0,5.737,0,0.0,0.065,309.825,-0.5279,36.54,35.44645690917969,4.98,0.0,0
46806,-2.387,75.586,-0.5,0.0,447.262,0.0,0.0,-0.2,5.737,0,0.0,0.02,309.825,3.0682,35.28,35.44645690917969,4.98,0.0,0
46806,-2.5580000000000003,75.586,0.0,0.0,447.32300000000004,0.0,0.0,0.0,5.737,0,1.0,0.03,309.915,1.8475000000000001,34.53,35.44645690917969,4.98,0.0,0
46806,-2.5580000000000003,75.586,0.0,0.0,447.746,0.0,0.0,-0.2,5.737,0,0.0,0.04,309.915,-0.066,33.3,35.44645690917969,4.98,0.0,0
46806,-2.387,75.586,-0.5,0.0,447.081,0.0,0.0,0.0,5.737,0,0.0,0.07,309.825,-1.5836000000000001,33.45,35.44645690917969,4.98,0.0,0
46806,-2.387,75.586,0.0,0.0,447.141,0.0,0.0,0.0,5.737,0,-1.0,0.035,309.825,1.9135000000000002,34.47,35.44645690917969,4.98,0.0,0
46806,-2.5580000000000003,75.586,0.0,0.0,447.202,0.0,0.0,0.2,5.737,0,0.0,0.035,309.825,-0.132,35.4,35.44645690917969,4.98,0.0,0
46806,-2.387,75.586,0.0,0.0,447.02,0.0,0.0,0.0,5.737,0,-1.0,0.03,309.825,-0.5279,35.88,35.44645690917969,4.98,0.0,0
46806,-2.5580000000000003,75.586,0.5,0.0,447.444,0.0,0.0,0.0,5.737,0,0.0,0.035,309.825,-0.2639,36.57,35.44645690917969,4.98,0.0,0
46806,-2.387,75.586,0.0,0.0,447.202,0.0,0.0,0.0,5.737,0,0.0,0.03,309.825,-3.9589000000000003,36.45,35.44645690917969,4.98,0.0,0
46806,-2.387,75.586,0.0,0.0,447.444,0.0,0.0,0.0,5.737,0,-1.0,0.025,309.825,-0.39590000000000003,36.12,35.44645690917969,4.98,0.0,0
46806,-2.5580000000000003,75.586,0.0,0.0,447.504,0.0,0.0,0.2,5.737,0,0.0,0.045,309.69,0.099,35.22,35.44645690917969,4.98,0.0,0
46806,-2.387,75.586,0.0,0.0,447.685,0.0,0.0,0.0,5.737,0,0.0,0.115,309.825,0.132,34.95,35.44645690917969,4.98,0.0,0
46806,-2.387,75.586,-0.5,0.0,447.262,0.0,0.0,0.2,5.737,0,0.0,0.055,309.825,2.3754,34.92,35.44645690917969,4.98,0.0,0
46806,-2.387,75.586,-0.5,0.0,447.262,0.0,0.0,0.0,5.737,0,0.0,0.085,309.69,0.2639,34.68,35.44645690917969,4.98,0.0,0
46806,-2.728,75.586,0.0,0.0,447.262,0.0,0.0,-0.2,5.737,0,0.0,0.04,309.825,-1.8475000000000001,35.04,35.44645690917969,4.98,0.0,0
46806,-2.387,75.586,0.0,0.0,447.141,0.0,0.0,0.0,5.737,0,0.0,0.045,309.825,-0.132,34.5,35.44645690917969,4.98,0.0,0
46806,-2.217,75.586,-0.5,0.0,447.081,0.0,0.0,0.0,5.737,0,0.0,0.035,309.825,1.4846000000000001,33.39,35.44645690917969,4.98,0.0,0
46806,-2.5580000000000003,75.586,0.0,0.0,447.081,0.0,0.0,0.0,5.737,0,1.0,0.035,309.825,0.0,33.6,35.44645690917969,4.98,0.0,0
46806,-2.5580000000000003,75.586,0.0,0.0,447.081,0.0,0.0,-0.2,5.737,0,0.0,0.045,309.825,0.0,33.63,35.44645690917969,4.98,0.0,0
46806,-2.387,75.586,0.5,0.0,447.444,0.0,0.0,-0.2,5.737,0,1.0,0.035,309.825,-2.1774,34.47,35.44645690917969,4.98,0.0,0
46806,-2.5580000000000003,75.586,0.0,0.0,447.32300000000004,0.0,0.0,-0.2,5.737,0,0.0,0.035,309.825,-1.9795,35.46,35.44645690917969,4.98,0.0,0
46806,-2.0460000000000003,75.586,-0.5,0.0,447.383,0.0,0.0,0.0,5.737,0,0.0,0.105,309.69,-2.3506,36.36,35.44645690917969,4.98,0.0,0
46806,-2.217,75.586,0.0,0.0,447.504,0.0,0.0,0.0,5.737,0,0.0,0.05,309.825,-3.3651,35.79,35.44645690917969,4.98,0.0,0
46806,-2.387,75.586,0.0,0.0,447.32300000000004,0.0,0.0,-0.2,5.737,0,0.0,0.015,309.825,2.3754,34.83,35.44645690917969,4.98,0.0,0
46806,-2.387,75.586,0.0,0.0,447.625,0.0,0.0,-0.2,5.737,0,0.0,0.05,309.915,4.8415,35.910000000000004,35.44645690917969,4.98,0.0,0
46806,-2.387,75.586,0.0,0.0,447.625,0.0,0.0,0.0,5.737,0,0.0,0.025,309.915,2.4001,35.64,35.44645690917969,4.98,0.0,0
46806,-2.387,75.586,-0.5,0.0,447.564,0.0,0.0,0.0,5.737,0,-1.0,0.04,309.825,-2.3754,35.67,35.44645690917969,4.98,0.0,0
46806,-2.387,75.586,-0.5,0.0,447.504,0.0,0.0,0.0,5.737,0,0.0,0.045,309.915,-0.767,35.160000000000004,35.44645690917969,4.98,0.0,0
46806,-2.5580000000000003,75.586,0.5,0.0,447.444,0.0,0.0,0.0,5.737,0,0.0,0.045,309.825,-1.963,34.65,35.44645690917969,4.98,0.0,0
46806,-2.387,75.586,0.0,0.0,447.504,0.0,0.0,0.2,5.737,0,0.0,0.01,309.825,-0.48660000000000003,33.87,35.44645690917969,4.98,0.0,0
46806,-2.0460000000000003,75.586,0.5,0.0,447.444,0.0,0.0,0.0,5.737,0,0.0,0.045,309.69,0.37120000000000003,33.93,35.44645690917969,4.98,0.0,0
46806,-2.387,75.586,0.5,0.0,447.625,0.0,0.0,-0.2,5.737,0,0.0,0.05,309.69,-2.9032,33.6,35.44645690917969,4.98,0.0,0
46806,-2.387,75.586,0.0,0.0,447.504,0.0,0.0,0.0,5.737,0,0.0,0.035,309.915,-1.3361,33.75,35.44645690917969,4.98,0.0,0
46806,-2.387,75.586,0.0,0.0,447.746,0.0,0.0,0.0,5.737,0,0.0,0.07,309.69,2.3341000000000003,35.13,35.44645690917969,4.98,0.0,0
46806,-2.217,75.586,0.0,0.0,447.746,0.0,0.0,0.0,5.737,0,-1.0,0.045,309.825,0.7011000000000001,36.39,35.44645690917969,4.98,0.0,0
46806,-2.387,75.586,0.5,0.0,447.564,0.0,0.0,0.2,5.737,0,0.0,0.035,309.915,1.3032000000000001,36.660000000000004,35.44645690917969,4.98,0.0,0
46806,-2.217,75.586,-0.5,0.0,447.383,0.0,0.0,0.0,5.737,0,-1.0,0.045,309.825,5.7817,36.03,35.44645690917969,4.98,0.0,0
46806,-2.5580000000000003,75.586,0.0,0.0,447.383,0.0,0.0,-0.2,5.737,0,-1.0,0.03,309.825,4.9157,35.88,35.44645690917969,4.98,0.0,0
46806,-2.217,75.586,0.0,0.0,447.685,0.0,0.0,0.0,5.737,0,1.0,0.03,309.825,-0.5279,34.77,35.44645690917969,4.98,0.0,0
46806,-2.387,75.586,-0.5,0.0,447.444,0.0,0.0,0.0,5.737,0,0.0,0.03,309.825,-2.0455,34.68,35.44645690917969,4.98,0.0,0
46806,-2.5580000000000003,75.586,0.0,0.0,447.444,0.0,0.0,0.0,5.737,0,0.0,0.06,309.915,1.8475000000000001,34.89,35.44645690917969,4.98,0.0,0
46806,-2.217,75.586,0.0,0.0,447.504,0.0,0.0,0.2,5.737,0,1.0,0.035,309.69,-2.5403000000000002,35.160000000000004,35.44645690917969,4.98,0.0,0
46806,-2.387,75.586,-0.5,0.0,447.746,0.0,0.0,0.2,5.737,0,0.0,0.025,309.69,-4.3548,35.04,35.44645690917969,4.98,0.0,0
46806,-1.8760000000000001,75.586,0.0,0.0,447.504,0.0,0.0,0.0,5.737,0,0.0,0.045,309.825,-0.19790000000000002,34.53,35.44645690917969,4.98,0.0,0
46806,-2.387,75.586,0.5,0.0,447.141,0.0,0.0,0.2,5.737,0,0.0,0.055,309.69,-0.39590000000000003,33.03,35.44645690917969,4.98,0.0,0
46806,-2.387,75.586,-0.5,0.0,447.141,0.0,0.0,0.2,5.737,0,1.0,0.035,309.69,2.6393,32.67,35.44645690917969,4.98,0.0,0
46806,-2.217,75.586,0.0,0.0,447.32300000000004,0.0,0.0,-0.2,5.737,0,-1.0,0.04,309.825,1.7155,33.06,35.44645690917969,4.98,0.0,0
46806,-1.8760000000000001,75.586,0.5,0.0,447.32300000000004,0.0,0.0,0.0,5.737,0,0.0,0.045,309.69,-2.1114,34.68,35.44645690917969,4.98,0.0,0
46806,-2.217,75.586,0.0,0.0,447.081,0.0,0.0,0.0,5.737,0,0.0,0.045,309.825,0.9238000000000001,36.12,35.44645690917969,4.98,0.0,0
46806,-2.387,75.586,0.5,0.0,447.262,0.0,0.0,0.2,5.737,0,0.0,0.035,309.825,0.7918000000000001,36.45,35.44645690917969,4.98,0.0,0
46806,-1.8760000000000001,75.586,0.5,0.0,447.685,0.0,0.0,0.0,5.737,0,0.0,0.045,309.825,2.7713,35.67,35.44645690917969,4.98,0.0,0
46806,-2.217,75.586,0.0,0.0,447.504,0.0,0.0,0.0,5.737,0,0.0,0.01,309.69,-2.8043,35.13,35.44645690917969,4.98,0.0,0
46806,-2.387,75.586,0.0,0.0,447.504,0.0,0.0,0.0,5.737,0,0.0,0.025,309.825,-1.8475000000000001,34.65,35.44645690917969,4.98,0.0,0
46806,-2.0460000000000003,75.586,0.0,0.0,447.141,0.0,0.0,0.0,5.737,0,1.0,0.025,309.69,0.3629,35.07,35.44645690917969,4.98,0.0,0
46806,-2.387,75.586,0.0,0.0,447.081,0.0,0.0,0.0,5.737,0,1.0,0.035,309.69,-1.4516,35.34,35.44645690917969,4.98,0.0,0
46806,-2.387,75.586,0.0,0.0,447.02,0.0,0.0,0.0,5.737,0,0.0,0.035,309.825,-1.5836000000000001,35.76,35.44645690917969,4.98,0.0,0
46806,-2.387,75.586,0.0,0.0,447.202,0.0,0.0,0.0,5.737,0,1.0,0.02,309.69,1.1877,34.11,35.44645690917969,4.98,0.0,0
46806,-2.217,75.586,0.0,0.0,447.262,0.0,0.0,-0.2,5.737,0,0.0,0.02,309.825,1.7485000000000002,33.33,35.44645690917969,4.98,0.0,0
46806,-2.387,75.586,0.0,0.0,447.32300000000004,0.0,0.0,0.0,5.737,0,0.0,0.03,309.915,4.0909,33.3,35.44645690917969,4.98,0.0,0
46806,-2.217,75.586,-0.5,0.0,447.262,0.0,0.0,0.2,5.737,0,0.0,0.01,309.915,-0.9567,33.72,35.44645690917969,4.98,0.0,0
46806,-1.8760000000000001,75.586,0.0,0.0,447.625,0.0,0.0,0.0,5.737,0,-1.0,0.02,309.825,-3.6950000000000003,34.980000000000004,35.44645690917969,4.98,0.0,0
46806,-2.0460000000000003,75.586,0.0,0.0,447.504,0.0,0.0,0.0,5.737,0,0.0,0.0,309.915,-1.3196,35.46,35.44645690917969,4.98,0.0,0
46806,-2.0460000000000003,75.586,0.5,0.0,447.444,0.0,0.0,-0.2,5.737,0,0.0,0.04,309.69,-4.2229,35.910000000000004,35.44645690917969,4.98,0.0,0
46806,-2.5580000000000003,75.586,0.5,0.0,447.202,0.0,0.0,0.0,5.737,0,0.0,0.015,309.915,2.3094,35.85,35.44645690917969,4.98,0.0,0
46806,-2.387,75.586,0.5,0.0,447.444,0.0,0.0,0.0,5.737,0,0.0,0.025,309.825,1.8475000000000001,35.34,35.44645690917969,4.98,0.0,0
46806,-2.387,75.586,0.0,0.0,447.32300000000004,0.0,0.0,0.2,5.737,0,0.0,0.01,309.915,0.3629,34.53,35.44645690917969,4.98,0.0,0
46806,-2.387,75.586,0.0,0.0,447.141,0.0,0.0,-0.2,5.737,0,0.0,0.01,309.69,-2.5073000000000003,34.92,35.44645690917969,4.98,0.0,0
46806,-2.217,75.586,-0.5,0.0,447.081,0.0,0.0,0.0,5.737,0,1.0,0.025,309.69,-0.165,34.62,35.44645690917969,4.98,0.0,0
46806,-2.387,75.586,0.5,0.0,447.081,0.0,0.0,-0.2,5.737,0,0.0,0.03,309.69,-1.1629,34.59,35.44645690917969,4.98,0.0,0
46806,-2.217,75.586,0.5,0.0,447.02,0.0,0.0,-0.2,5.737,0,0.0,0.005,309.825,-1.0392000000000001,34.71,35.44645690917969,4.98,0.0,0
46806,-2.5580000000000003,75.586,0.0,0.0,446.96000000000004,0.0,0.0,0.2,5.737,0,0.0,0.045,309.69,-1.4516,35.13,35.44645690917969,4.98,0.0,0
46806,-2.217,75.586,0.0,0.0,446.96000000000004,0.0,0.0,0.0,5.737,0,0.0,0.03,309.915,-0.899,35.07,35.44645690917969,4.98,0.0,0
46806,-2.0460000000000003,75.586,0.0,0.0,447.081,0.0,0.0,0.2,5.737,0,0.0,0.0,309.825,-1.7650000000000001,34.56,35.44645690917969,4.98,0.0,0
46806,-2.217,75.586,0.0,0.0,446.96000000000004,0.0,0.0,0.0,5.737,0,0.0,0.015,309.825,4.923900000000001,34.56,35.44645690917969,4.98,0.0,0
46806,-2.217,75.586,0.0,0.0,446.899,0.0,0.0,0.0,5.737,0,0.0,0.02,309.825,-0.066,35.01,35.44645690917969,4.98,0.0,0
46806,-2.387,75.586,-0.5,0.0,446.96000000000004,0.0,0.0,0.0,5.737,0,0.0,0.03,309.915,-2.7218,36.12,35.44645690917969,4.98,0.0,0
46806,-2.217,75.586,0.0,0.0,447.32300000000004,0.0,0.0,-0.2,5.737,0,0.0,0.025,309.915,2.5568,36.03,35.44645690917969,4.98,0.0,0
46806,-2.217,75.586,0.5,0.0,447.746,0.0,0.0,0.2,5.737,0,0.0,0.08,309.825,-1.9135000000000002,36.33,35.44645690917969,4.98,0.0,0
46806,-2.0460000000000003,75.586,0.0,0.0,447.625,0.0,0.0,-0.2,5.737,0,1.0,0.01,309.69,-7.1014,36.09,35.44645690917969,4.98,0.0,0
46806,-2.217,75.586,-0.5,0.0,447.383,0.0,0.0,0.0,5.737,0,-2.0,0.04,309.825,0.9402,35.88,35.44645690917969,4.98,0.0,0
46806,-2.387,75.586,0.0,0.0,447.444,0.0,0.0,0.0,5.737,0,0.0,0.025,309.69,-0.7918000000000001,35.46,35.44645690917969,4.98,0.0,0
46806,-2.387,75.586,-0.5,0.0,447.444,0.0,0.0,-0.2,5.737,0,0.0,0.03,309.825,0.9650000000000001,35.01,35.44645690917969,4.98,0.0,0
46806,-2.387,75.586,-0.5,0.0,446.899,0.0,0.0,0.0,5.737,0,0.0,0.06,309.69,-1.5588000000000002,35.07,35.44645690917969,4.98,0.0,0
46806,-2.0460000000000003,75.586,0.5,0.0,447.081,0.0,0.0,0.0,5.737,0,0.0,0.035,309.825,2.6805000000000003,34.410000000000004,35.44645690917969,4.98,0.0,0
46806,-2.387,75.586,0.0,0.0,447.383,0.0,0.0,0.2,5.737,0,0.0,0.015,309.915,4.6023000000000005,35.1,35.44645690917969,4.98,0.0,0
46806,-2.217,75.586,0.0,0.0,447.444,0.0,0.0,0.0,5.737,0,0.0,0.02,309.825,0.1072,35.13,35.44645690917969,4.98,0.0,0
46806,-1.8760000000000001,75.586,0.0,0.0,447.625,0.0,0.0,0.0,5.737,0,0.0,0.03,309.915,1.9135000000000002,35.550000000000004,35.44645690917969,4.98,0.0,0
46806,-2.387,75.586,0.0,0.0,447.383,0.0,0.0,0.2,5.737,0,0.0,0.015,309.825,3.2496,36.18,35.44645690917969,4.98,0.0,0
46806,-2.0460000000000003,75.586,-0.5,0.0,447.081,0.0,0.0,0.0,5.737,0,-2.0,0.03,309.915,-0.0165,36.39,35.44645690917969,4.98,0.0,0
46806,-2.217,75.586,-0.5,0.0,447.02,0.0,0.0,0.0,5.737,0,0.0,0.02,309.915,-1.1877,36.33,35.44645690917969,4.98,0.0,0
46806,-2.387,75.586,-0.5,0.0,447.02,0.0,0.0,0.0,5.737,0,0.0,0.025,309.915,-0.5279,36.24,35.44645690917969,4.98,0.0,0
46806,-2.217,75.586,0.0,0.0,447.262,0.0,0.0,0.2,5.737,0,0.0,0.035,309.825,0.0,36.06,35.44645690917969,4.98,0.0,0
46806,-2.0460000000000003,75.586,0.5,0.0,447.141,0.0,0.0,-0.2,5.737,0,0.0,0.05,309.825,-0.46190000000000003,35.82,35.44645690917969,4.98,0.0,0
46806,-2.387,75.586,-0.5,0.0,447.262,0.0,0.0,0.2,5.737,0,0.0,0.075,309.825,-0.7918000000000001,36.03,35.44645690917969,4.98,0.0,0
46806,-2.0460000000000003,75.586,0.0,0.0,447.32300000000004,0.0,0.0,0.0,5.737,0,0.0,0.03,309.915,-2.9692000000000003,35.7,35.44645690917969,4.98,0.0,0
46806,-2.0460000000000003,75.586,-0.5,0.0,447.081,0.0,0.0,0.0,5.737,0,0.0,0.02,309.825,-0.9238000000000001,35.49,35.44645690917969,4.98,0.0,0
46806,-1.8760000000000001,75.586,0.5,0.0,447.383,0.0,0.0,0.0,5.737,0,0.0,0.02,309.915,0.46190000000000003,34.95,35.44645690917969,4.98,0.0,0
46806,-2.387,75.586,0.0,0.0,447.625,0.0,0.0,0.0,5.737,0,-1.0,0.0,309.915,1.1877,34.14,35.44645690917969,4.98,0.0,0
46806,-2.217,75.586,0.5,0.0,447.383,0.0,0.0,-0.2,5.737,0,0.0,0.015,309.69,-0.4289,34.02,35.44645690917969,4.98,0.0,0
46806,-2.217,75.586,0.0,0.0,447.081,0.0,0.0,0.0,5.737,0,-1.0,0.0,309.69,-5.938400000000001,34.02,35.44645690917969,4.98,0.0,0
46806,-2.217,75.586,0.0,0.0,447.262,0.0,0.0,0.0,5.737,0,0.0,0.05,309.825,-0.9897,35.01,35.44645690917969,4.98,0.0,0
46806,-2.387,75.586,0.0,0.0,447.32300000000004,0.0,0.0,0.0,5.737,0,0.0,0.04,309.69,-0.132,36.12,35.44645690917969,4.98,0.0,0
46806,-2.387,75.586,0.0,0.0,447.081,0.0,0.0,0.2,5.737,0,0.0,0.035,309.825,-0.8908,37.08,35.44645690917969,4.98,0.0,0
46806,-2.387,75.586,0.5,0.0,447.262,0.0,0.0,0.0,5.737,0,0.0,0.015,309.825,1.5836000000000001,37.53,35.44645690917969,4.98,0.0,0
46806,-2.217,75.586,0.0,0.0,447.504,0.0,0.0,-0.2,5.737,0,-1.0,-0.005,309.825,3.8600000000000003,36.81,35.44645690917969,4.98,0.0,0
46806,-2.387,75.586,0.0,0.0,447.444,0.0,0.0,0.0,5.737,0,-1.0,0.0,309.825,0.0,35.7,35.44645690917969,4.98,0.0,0
46806,-2.217,75.586,0.0,0.0,447.202,0.0,0.0,0.0,5.737,0,0.0,0.02,309.825,-1.5836000000000001,34.95,35.44645690917969,4.98,0.0,0
46806,-2.217,75.586,0.5,0.0,447.383,0.0,0.0,0.0,5.737,0,0.0,0.01,309.825,0.39590000000000003,35.52,35.44645690917969,4.98,0.0,0
46806,-2.217,75.586,0.0,0.0,447.32300000000004,0.0,0.0,-0.2,5.737,0,0.0,-0.01,309.825,-1.5836000000000001,35.82,35.44645690917969,4.98,0.0,0
46806,-2.0460000000000003,75.586,0.0,0.0,447.383,0.0,0.0,0.0,5.737,0,0.0,0.005,309.825,0.0,35.19,35.44645690917969,4.98,0.0,0
46806,-2.217,75.586,0.5,0.0,447.444,0.0,0.0,0.0,5.737,0,0.0,0.045,309.825,3.9589000000000003,34.92,35.44645690917969,4.98,0.0,0
46806,-2.217,75.586,0.5,0.0,447.02,0.0,0.0,0.0,5.737,0,0.0,0.0,309.915,1.8475000000000001,34.5,35.44645690917969,4.98,0.0,0
46806,-2.5580000000000003,75.586,0.0,0.0,447.202,0.0,0.0,0.2,5.737,0,0.0,0.105,309.69,-2.2764,34.29,35.44645690917969,4.98,0.0,0
46806,-2.387,75.586,0.0,0.0,447.746,0.0,0.0,0.0,5.737,0,0.0,0.02,309.69,-5.4106000000000005,34.86,35.44645690917969,4.98,0.0,0
46806,-2.387,75.586,0.0,0.0,447.625,0.0,0.0,0.0,5.737,0,0.0,0.025,309.825,-2.3094,36.300000000000004,35.44645690917969,4.98,0.0,0
46806,-1.8760000000000001,75.586,0.0,0.0,447.202,0.0,0.0,0.2,5.737,0,0.0,0.01,309.825,3.2991,36.93,35.44645690917969,4.98,0.0,0
46806,-2.0460000000000003,75.586,0.0,0.0,447.262,0.0,0.0,0.0,5.737,0,-1.0,0.0,309.825,-0.8908,37.11,35.44645690917969,4.98,0.0,0
46806,-2.0460000000000003,75.586,0.5,0.0,447.141,0.0,0.0,0.2,5.737,0,0.0,0.015,309.69,-1.8475000000000001,36.57,35.44645690917969,4.98,0.0,0
46806,-2.387,75.586,0.5,0.0,447.202,0.0,0.0,0.0,5.737,0,1.0,0.04,309.69,0.8908,36.69,35.44645690917969,4.98,0.0,0
46806,-2.217,75.586,0.5,0.0,447.625,0.0,0.0,0.0,5.737,0,-1.0,0.015,309.915,-1.1877,35.94,35.44645690917969,4.98,0.0,0
46806,-2.217,75.586,0.0,0.0,447.262,0.0,0.0,0.0,5.737,0,0.0,0.02,309.915,2.7383,35.67,35.44645690917969,4.98,0.0,0
46806,-2.0460000000000003,75.586,0.0,0.0,447.262,0.0,0.0,0.0,5.737,0,0.0,0.055,309.825,4.7507,36.0,35.44645690917969,4.98,0.0,0
46806,-1.705,75.586,0.5,0.0,447.746,0.0,0.0,0.0,5.737,0,0.0,-0.05,309.825,-3.8930000000000002,36.12,35.44645690917969,4.98,0.0,0
46806,-2.0460000000000003,75.586,-0.5,0.0,447.444,0.0,0.0,0.0,5.737,0,0.0,-0.01,309.825,-4.2229,35.22,35.44645690917969,4.98,0.0,0
46806,-2.217,75.586,0.0,0.0,447.444,0.0,0.0,-0.2,5.737,0,0.0,0.02,309.915,-2.9032,35.13,35.44645690917969,4.98,0.0,0
46806,-1.705,75.586,-0.5,0.0,447.32300000000004,0.0,0.0,0.0,5.737,0,0.0,-0.01,309.69,-1.4269,34.410000000000004,35.44645690917969,4.98,0.0,0
46806,-2.217,75.586,0.0,0.0,447.081,0.0,0.0,0.0,5.737,0,1.0,0.01,309.915,1.1052,34.35,35.44645690917969,4.98,0.0,0
46806,-2.0460000000000003,75.586,0.0,0.0,447.141,0.0,0.0,0.0,5.737,0,0.0,0.0,309.825,1.9795,34.74,35.44645690917969,4.98,0.0,0
46806,-2.387,75.586,0.0,0.0,447.444,0.0,0.0,0.0,5.737,0,0.0,0.045,309.915,2.2681,36.03,35.44645690917969,4.98,0.0,0
46806,-2.217,75.586,-0.5,0.0,447.262,0.0,0.0,0.0,5.737,0,-2.0,0.03,309.825,-0.7918000000000001,37.62,35.44645690917969,4.98,0.0,0
46806,-1.8760000000000001,75.586,0.0,0.0,447.262,0.0,0.0,0.0,5.737,0,0.0,0.005,309.825,-2.1774,37.68,35.44645690917969,4.98,0.0,0
46806,-2.217,75.586,-0.5,0.0,447.262,0.0,0.0,0.0,5.737,0,0.0,-0.005,309.825,-0.066,37.38,35.44645690917969,4.98,0.0,0
46806,-2.217,75.586,0.0,0.0,446.899,0.0,0.0,-0.2,5.737,0,0.0,0.005,309.825,-2.0455,36.33,35.44645690917969,4.98,0.0,0
46806,-2.387,75.586,0.0,0.0,446.899,0.0,0.0,0.0,5.737,0,0.0,0.055,309.915,-0.14850000000000002,35.94,35.44645690917969,4.98,0.0,0
46806,-1.705,75.586,-0.5,0.0,447.262,0.0,0.0,0.0,5.737,0,0.0,0.0,309.825,4.2229,35.85,35.44645690917969,4.98,0.0,0
46806,-2.387,75.586,0.0,0.0,447.444,0.0,0.0,0.0,5.737,0,0.0,0.015,309.825,0.1072,36.06,35.44645690917969,4.98,0.0,0
46806,-2.0460000000000003,75.586,0.0,0.0,447.262,0.0,0.0,0.0,5.737,0,-1.0,0.0,309.825,1.4681,35.88,35.44645690917969,4.98,0.0,0
46806,-2.0460000000000003,75.586,0.0,0.0,447.081,0.0,0.0,-0.2,5.737,0,0.0,0.015,309.915,1.699,34.71,35.44645690917969,4.98,0.0,0
46806,-2.387,75.586,0.0,0.0,447.141,0.0,0.0,0.2,5.737,0,0.0,0.005,309.825,-6.0704,34.44,35.44645690917969,4.98,0.0,0
46806,-1.8760000000000001,75.586,0.0,0.0,447.32300000000004,0.0,0.0,0.2,5.737,0,0.0,0.0,309.825,-3.7445000000000004,33.87,35.44645690917969,4.98,0.0,0
46806,-1.5350000000000001,75.586,0.0,0.0,447.444,0.0,0.0,0.0,5.737,0,0.0,0.0,309.825,3.6455,34.17,35.44645690917969,4.98,0.0,0
46806,-2.217,75.586,0.0,0.0,447.383,0.0,0.0,0.0,5.737,0,0.0,0.005,309.69,2.2434000000000003,34.980000000000004,35.44645690917969,4.98,0.0,0
46806,-1.8760000000000001,75.586,0.5,0.0,447.444,0.0,0.0,-0.2,5.737,0,0.0,0.03,309.69,-2.5486,36.54,35.44645690917969,4.98,0.0,0
46806,-2.0460000000000003,75.586,0.0,0.0,447.383,0.0,0.0,0.0,5.737,0,-1.0,-0.005,309.825,-2.0949,37.62,35.44645690917969,4.98,0.0,0
46806,-2.0460000000000003,75.586,-0.5,0.0,447.081,0.0,0.0,0.2,5.737,0,0.0,0.005,309.825,2.7465,37.44,35.44645690917969,4.98,0.0,0
46806,-2.387,75.586,-0.5,0.0,447.081,0.0,0.0,0.0,5.737,0,0.0,0.0,309.69,0.42060000000000003,36.54,35.44645690917969,4.98,0.0,0
46806,-2.387,75.586,0.0,0.0,447.32300000000004,0.0,0.0,0.0,5.737,0,0.0,0.01,309.69,-1.7568000000000001,35.550000000000004,35.44645690917969,4.98,0.0,0
46806,-1.705,75.586,0.0,0.0,447.32300000000004,0.0,0.0,-0.2,5.737,0,0.0,0.0,309.825,-0.39590000000000003,35.28,35.44645690917969,4.98,0.0,0
46806,-2.217,75.586,0.5,0.0,447.625,0.0,0.0,-0.2,5.737,0,0.0,0.01,309.825,2.7465,34.59,35.44645690917969,4.98,0.0,0
46806,-2.0460000000000003,75.586,0.0,0.0,447.504,0.0,0.0,0.0,5.737,0,-1.0,0.005,309.825,4.024900000000001,33.96,35.44645690917969,4.98,0.0,0
46806,-1.705,75.586,0.0,0.0,447.444,0.0,0.0,0.0,5.737,0,0.0,0.005,309.69,-3.2084,34.59,35.44645690917969,4.98,0.0,0
46806,-2.217,75.586,0.0,0.0,447.444,0.0,0.0,0.2,5.737,0,0.0,0.01,309.69,-5.3198,34.71,35.44645690917969,4.98,0.0,0
46806,-2.0460000000000003,75.586,-0.5,0.0,447.746,0.0,0.0,0.0,5.737,0,0.0,0.045,309.69,-5.6745,34.65,35.44645690917969,4.98,0.0,0
46806,-2.0460000000000003,75.586,-0.5,0.0,447.32300000000004,0.0,0.0,0.0,5.737,0,0.0,0.015,309.69,-3.8600000000000003,35.07,35.44645690917969,4.98,0.0,0
46806,-2.0460000000000003,75.586,-0.5,0.0,447.141,0.0,0.0,0.0,5.737,0,-1.0,0.01,309.825,2.7713,35.82,35.44645690917969,4.98,0.0,0
46806,-1.705,75.586,0.0,0.0,447.262,0.0,0.0,0.0,5.737,0,0.0,0.005,309.825,10.4582,35.52,35.44645690917969,4.98,0.0,0
46806,-1.5350000000000001,75.586,-0.5,0.0,447.202,0.0,0.0,-0.2,5.737,0,0.0,0.03,309.915,4.8827,35.97,35.44645690917969,4.98,0.0,0
46806,-2.0460000000000003,75.586,0.0,0.0,447.141,0.0,0.0,0.0,5.737,0,0.0,-0.005,309.825,-3.1672000000000002,36.03,35.44645690917969,4.98,0.0,0
46806,-1.8760000000000001,75.586,0.5,0.0,447.081,0.0,0.0,0.0,5.737,0,0.0,0.0,309.69,-3.563,36.12,35.44645690917969,4.98,0.0,0
46806,-1.705,75.586,0.0,0.0,447.262,0.0,0.0,0.2,5.737,0,0.0,0.0,309.69,-2.2104,35.94,35.44645690917969,4.98,0.0,0
46806,-1.705,75.586,0.0,0.0,447.262,0.0,0.0,-0.2,5.737,0,0.0,0.03,309.825,-0.2639,36.03,35.44645690917969,4.98,0.0,0
46806,-1.8760000000000001,75.586,0.0,0.0,446.899,0.0,0.0,0.0,5.737,0,0.0,0.01,309.825,0.6928000000000001,35.85,35.44645690917969,4.98,0.0,0
46806,-1.8760000000000001,75.586,0.0,0.0,447.262,0.0,0.0,0.0,5.737,0,0.0,0.0,309.915,4.6188,35.61,35.44645690917969,4.98,0.0,0
46806,-2.0460000000000003,75.586,0.0,0.0,447.444,0.0,0.0,0.0,5.737,0,0.0,0.0,309.825,-3.4311000000000003,34.47,35.44645690917969,4.98,0.0,0
46806,-2.0460000000000003,75.586,0.0,0.0,447.262,0.0,0.0,0.0,5.737,0,-1.0,0.0,309.915,2.3754,34.62,35.44645690917969,4.98,0.0,0
46806,-1.705,75.586,0.0,0.0,447.202,0.0,0.0,0.0,5.737,0,-1.0,0.005,309.825,6.1364,34.38,35.44645690917969,4.98,0.0,0
46806,-2.387,75.586,0.0,0.0,447.383,0.0,0.0,0.2,5.737,0,-1.0,0.025,309.915,-0.2639,34.35,35.44645690917969,4.98,0.0,0
46806,-1.8760000000000001,75.586,0.0,0.0,447.262,0.0,0.0,0.2,5.737,0,0.0,0.015,309.825,-4.6848,34.56,35.44645690917969,4.98,0.0,0
46806,-2.217,75.586,0.0,0.0,447.081,0.0,0.0,0.2,5.737,0,0.0,0.0,309.825,-2.3754,35.19,35.44645690917969,4.98,0.0,0
46806,-2.0460000000000003,75.586,0.0,0.0,446.899,0.0,0.0,0.0,5.737,0,0.0,0.02,309.69,-1.6826,35.76,35.44645690917969,4.98,0.0,0
46806,-2.217,75.586,0.5,0.0,447.262,0.0,0.0,0.2,5.737,0,-1.0,0.04,309.915,3.0352,36.81,35.44645690917969,4.98,0.0,0
46806,-2.217,75.586,-0.5,0.0,447.625,0.0,0.0,0.0,5.737,0,0.0,0.0,309.825,3.6950000000000003,37.11,35.44645690917969,4.98,0.0,0
46806,-2.0460000000000003,75.586,-0.5,0.0,447.262,0.0,0.0,0.0,5.737,0,-1.0,0.0,309.915,5.1466,36.81,35.44645690917969,4.98,0.0,0
46806,-1.5350000000000001,75.586,0.0,0.0,447.444,0.0,0.0,0.0,5.737,0,1.0,-0.015,309.825,-0.46190000000000003,36.15,35.44645690917969,4.98,0.0,0
46806,-2.217,75.586,0.0,0.0,447.444,0.0,0.0,0.2,5.737,0,0.0,-0.005,309.825,-2.1114,35.7,35.44645690917969,4.98,0.0,0
46806,-1.8760000000000001,75.586,0.5,0.0,447.564,0.0,0.0,-0.2,5.737,0,0.0,-0.005,309.825,0.066,35.04,35.44645690917969,4.98,0.0,0
46806,-2.0460000000000003,75.586,0.0,0.0,447.081,0.0,0.0,0.0,5.737,0,0.0,0.005,309.825,1.0557,34.08,35.44645690917969,4.98,0.0,0
46806,-2.217,75.586,0.0,0.0,447.081,0.0,0.0,0.2,5.737,0,0.0,0.015,309.825,0.7918000000000001,34.05,35.44645690917969,4.98,0.0,0
46806,-1.5350000000000001,75.586,0.0,0.0,447.02,0.0,0.0,0.2,5.737,0,0.0,0.0,309.825,-1.8475000000000001,33.36,35.44645690917969,4.98,0.0,0
46806,-2.0460000000000003,75.586,0.0,0.0,447.262,0.0,0.0,0.0,5.737,0,0.0,0.02,309.915,-0.9402,33.39,35.44645690917969,4.98,0.0,0
46806,-2.217,75.586,-0.5,0.0,447.081,0.0,0.0,0.0,5.737,0,0.0,0.02,309.69,0.2227,34.17,35.44645690917969,4.98,0.0,0
46806,-1.5350000000000001,75.586,0.0,0.0,447.081,0.0,0.0,0.2,5.737,0,0.0,0.005,309.915,-0.7423000000000001,34.89,35.44645690917969,4.98,0.0,0
46806,-2.0460000000000003,75.586,-0.5,0.0,447.262,0.0,0.0,0.0,5.737,0,0.0,0.005,309.69,-1.6908,35.97,35.44645690917969,4.98,0.0,0
46806,-1.364,75.586,0.5,0.0,447.444,0.0,0.0,-0.2,5.737,0,-1.0,0.0,309.825,2.6146000000000003,36.300000000000004,35.44645690917969,4.98,0.0,0
46806,-2.217,75.586,0.0,0.0,447.444,0.0,0.0,0.2,5.737,0,0.0,0.0,309.69,-3.6703,36.45,35.44645690917969,4.98,0.0,0
46806,-1.705,75.586,0.0,0.0,447.262,0.0,0.0,0.2,5.737,0,0.0,0.0,309.69,-0.5279,35.49,35.44645690917969,4.98,0.0,0
46806,-1.5350000000000001,75.586,0.5,0.0,447.444,0.0,0.0,0.0,5.737,0,-1.0,0.02,309.69,-6.689,35.34,35.44645690917969,4.98,0.0,0
46806,-1.8760000000000001,75.586,0.0,0.0,447.32300000000004,0.0,0.0,0.0,5.737,0,0.0,0.0,309.825,1.4269,35.07,35.44645690917969,4.98,0.0,0
46806,-2.217,75.586,0.0,0.0,447.262,0.0,0.0,0.0,5.737,0,-1.0,0.0,309.69,4.3796,34.86,35.44645690917969,4.98,0.0,0
46806,-2.387,75.586,0.0,0.0,447.262,0.0,0.0,0.2,5.737,0,0.0,0.005,309.825,1.1629,33.99,35.44645690917969,4.98,0.0,0
46806,-1.8760000000000001,75.586,0.0,0.0,447.262,0.0,0.0,0.0,5.737,0,0.0,0.035,309.825,2.4413,33.69,35.44645690917969,4.98,0.0,0
46806,-2.217,75.586,-0.5,0.0,447.262,0.0,0.0,0.2,5.737,0,0.0,-0.005,309.915,0.2227,33.99,35.44645690917969,4.98,0.0,0
46806,-1.8760000000000001,75.586,0.5,0.0,447.081,0.0,0.0,0.0,5.737,0,0.0,0.02,309.69,-3.0104,34.17,35.44645690917969,4.98,0.0,0
46806,-1.8760000000000001,75.586,0.5,0.0,447.32300000000004,0.0,0.0,0.0,5.737,0,0.0,0.02,309.825,-2.5733,34.2,35.44645690917969,4.98,0.0,0
46806,-2.217,75.586,0.0,0.0,447.32300000000004,0.0,0.0,0.0,5.737,0,-1.0,0.005,309.825,0.899,34.95,35.44645690917969,4.98,0.0,0
46806,-1.8760000000000001,75.586,0.0,0.0,447.081,0.0,0.0,0.0,5.737,0,0.0,0.005,309.825,3.6703,36.78,35.44645690917969,4.98,0.0,0
46806,-2.0460000000000003,75.586,0.0,0.0,447.444,0.0,0.0,0.0,5.737,0,0.0,0.005,309.825,-2.5981,37.32,35.44645690917969,4.98,0.0,0
46806,-2.217,75.586,0.0,0.0,447.625,0.0,0.0,0.0,5.737,0,0.0,0.0,309.825,-0.19790000000000002,36.24,35.44645690917969,4.98,0.0,0
46806,-1.705,75.586,-0.5,0.0,447.685,0.0,0.0,0.0,5.737,0,0.0,0.015,309.69,-2.5486,35.67,35.44645690917969,4.98,0.0,0
46806,-1.705,75.586,0.0,0.0,447.444,0.0,0.0,0.2,5.737,0,0.0,0.0,309.825,-3.761,35.46,35.44645690917969,4.98,0.0,0
46806,-1.8760000000000001,75.586,-0.5,0.0,447.625,0.0,0.0,0.2,5.737,0,-1.0,0.005,309.825,2.1774,35.82,35.44645690917969,4.98,0.0,0
46806,-2.0460000000000003,75.586,0.5,0.0,446.899,0.0,0.0,0.2,5.737,0,0.0,0.0,309.825,0.9650000000000001,36.21,35.44645690917969,4.98,0.0,0
46806,-1.8760000000000001,75.586,0.5,0.0,447.02,0.0,0.0,0.2,5.737,0,0.0,0.0,309.69,-1.9795,35.52,35.44645690917969,4.98,0.0,0
46806,-2.387,75.586,-0.5,0.0,447.02,0.0,0.0,0.0,5.737,0,0.0,0.005,309.915,0.9073,34.92,35.44645690917969,4.98,0.0,0
46806,-2.217,75.586,0.5,0.0,447.202,0.0,0.0,0.0,5.737,0,0.0,0.005,309.915,4.1157,33.99,35.44645690917969,4.98,0.0,0
46806,-2.217,75.586,0.5,0.0,447.02,0.0,0.0,-0.2,5.737,0,0.0,0.03,309.825,-0.1567,33.6,35.44645690917969,4.98,0.0,0
46806,-1.8760000000000001,75.586,0.0,0.0,447.202,0.0,0.0,0.2,5.737,0,0.0,0.01,309.825,-5.1466,34.29,35.44645690917969,4.98,0.0,0
46806,-1.194,75.586,0.0,0.0,447.262,0.0,0.0,0.0,5.737,0,0.0,-0.02,309.825,-0.2474,35.4,35.44645690917969,4.98,0.0,0
46806,-2.0460000000000003,75.586,0.0,0.0,447.262,0.0,0.0,0.0,5.737,0,0.0,0.0,309.825,0.5938,35.46,35.44645690917969,4.98,0.0,0
46806,-1.705,75.586,0.0,0.0,447.02,0.0,0.0,0.0,5.737,0,0.0,0.0,309.825,1.9795,36.54,35.44645690917969,4.98,0.0,0
46806,-2.217,75.586,-0.5,0.0,447.141,0.0,0.0,-0.2,5.737,0,1.0,0.0,309.69,-3.0682,37.44,35.44645690917969,4.98,0.0,0
46806,-2.0460000000000003,75.586,0.0,0.0,446.96000000000004,0.0,0.0,0.0,5.737,0,0.0,0.005,309.825,-0.7918000000000001,37.5,35.44645690917969,4.98,0.0,0
46806,-1.5350000000000001,75.586,-0.5,0.0,446.778,0.0,0.0,-0.2,5.737,0,-1.0,0.0,309.825,1.5836000000000001,36.45,35.44645690917969,4.98,0.0,0
46806,-1.5350000000000001,75.586,0.0,0.0,446.899,0.0,0.0,-0.2,5.737,0,0.0,0.005,309.69,-1.5836000000000001,36.21,35.44645690917969,4.98,0.0,0
46806,-2.0460000000000003,75.586,0.5,0.0,447.202,0.0,0.0,0.2,5.737,0,0.0,-0.005,309.825,2.6393,35.94,35.44645690917969,4.98,0.0,0
46806,-1.5350000000000001,75.586,0.0,0.0,447.202,0.0,0.0,0.0,5.737,0,0.0,0.01,309.69,0.132,35.730000000000004,35.44645690917969,4.98,0.0,0
46806,-1.8760000000000001,75.586,0.0,0.0,446.96000000000004,0.0,0.0,0.0,5.737,0,-1.0,0.03,309.69,-1.3196,35.85,35.44645690917969,4.98,0.0,0
46806,-1.8760000000000001,75.586,0.0,0.0,447.141,0.0,0.0,0.2,5.737,0,0.0,0.005,310.005,3.4311000000000003,36.09,35.44645690917969,4.98,0.0,0
46806,-1.8760000000000001,75.586,-0.5,0.0,447.262,0.0,0.0,0.0,5.737,0,0.0,-0.02,309.69,0.2639,35.43,35.44645690917969,4.98,0.0,0
46806,-2.217,75.586,0.0,0.0,446.778,0.0,0.0,0.0,5.737,0,0.0,0.0,309.825,-1.9795,34.17,35.44645690917969,4.98,0.0,0
46806,-1.8760000000000001,75.586,0.0,0.0,446.59700000000004,0.0,0.0,0.0,5.737,0,-1.0,-0.01,309.69,-2.6723000000000003,33.81,35.44645690917969,4.98,0.0,0
46806,-2.217,75.586,0.0,0.0,446.536,0.0,0.0,-0.2,5.737,0,-1.0,0.005,309.825,3.563,35.07,35.44645690917969,4.98,0.0,0
46806,-1.5350000000000001,75.586,-0.5,0.0,446.778,0.0,0.0,0.0,5.737,0,0.0,0.01,309.69,1.9465000000000001,36.36,35.44645690917969,4.98,0.0,0
46806,-1.8760000000000001,75.586,0.0,0.0,446.899,0.0,0.0,0.0,5.737,0,-1.0,0.01,309.825,1.5836000000000001,37.5,35.44645690917969,4.98,0.0,0
46806,-1.8760000000000001,75.586,0.0,0.0,446.899,0.0,0.0,0.0,5.737,0,-1.0,0.0,309.915,1.4104,37.53,35.44645690917969,4.98,0.0,0
46806,-1.8760000000000001,75.586,0.0,0.0,447.202,0.0,0.0,0.0,5.737,0,0.0,0.02,309.69,-3.1424000000000003,37.92,35.44645690917969,4.98,0.0,0
46806,-1.705,75.586,0.0,0.0,447.262,0.0,0.0,0.0,5.737,0,-1.0,0.02,309.69,-2.5733,36.81,35.44645690917969,4.98,0.0,0
46806,-1.8760000000000001,75.586,0.0,0.0,447.202,0.0,0.0,0.0,5.737,0,0.0,0.005,309.825,-2.7053000000000003,35.43,35.44645690917969,4.98,0.0,0
46806,-1.8760000000000001,75.586,0.0,0.0,446.839,0.0,0.0,0.2,5.737,0,0.0,0.005,309.825,4.1321,35.22,35.44645690917969,4.98,0.0,0
46806,-2.0460000000000003,75.586,-0.5,0.0,446.778,0.0,0.0,0.2,5.737,0,0.0,0.0,309.825,3.3404000000000003,35.160000000000004,35.44645690917969,4.98,0.0,0
46806,-2.0460000000000003,75.586,0.5,0.0,447.141,0.0,0.0,-0.2,5.737,0,0.0,-0.01,309.825,1.1877,35.52,35.44645690917969,4.98,0.0,0
46806,-1.5350000000000001,75.586,0.0,0.0,447.081,0.0,0.0,-0.2,5.737,0,0.0,0.015,309.69,-4.4621,36.06,35.44645690917969,4.98,0.0,0
46806,-1.5350000000000001,75.586,0.0,0.0,446.536,0.0,0.0,0.0,5.737,0,0.0,0.035,309.825,-2.7053000000000003,35.61,35.44645690917969,4.98,0.0,0
46806,-1.705,75.586,0.0,0.0,446.839,0.0,0.0,0.0,5.737,0,0.0,0.005,309.825,3.3651,34.71,35.44645690917969,4.98,0.0,0
46806,-1.364,75.586,0.0,0.0,447.444,0.0,0.0,-0.2,5.737,0,0.0,0.01,309.69,3.8270000000000004,34.11,35.44645690917969,4.98,0.0,0
46806,-1.8760000000000001,75.586,0.0,0.0,447.444,0.0,0.0,-0.2,5.737,0,-1.0,-0.025,309.825,-4.2064,35.01,35.44645690917969,4.98,0.0,0
46806,-1.364,75.586,0.0,0.0,447.081,0.0,0.0,0.0,5.737,0,0.0,0.02,309.69,-4.396100000000001,36.03,35.44645690917969,4.98,0.0,0
46806,-1.8760000000000001,75.586,0.0,0.0,447.081,0.0,0.0,0.0,5.737,0,-1.0,-0.015,309.825,2.3754,36.87,35.44645690917969,4.98,0.0,0
46806,-1.5350000000000001,75.586,-0.5,0.0,447.262,0.0,0.0,-0.2,5.737,0,-1.0,-0.01,309.69,1.2124000000000001,36.93,35.44645690917969,4.98,0.0,0
46806,-1.364,75.586,0.0,0.0,447.02,0.0,0.0,0.2,5.737,0,0.0,0.02,309.69,-0.19790000000000002,36.300000000000004,35.44645690917969,4.98,0.0,0
46806,-2.0460000000000003,75.586,0.0,0.0,447.202,0.0,0.0,0.0,5.737,0,0.0,0.0,309.825,-2.1774,35.88,35.44645690917969,4.98,0.0,0
46806,-1.5350000000000001,75.586,-0.5,0.0,447.141,0.0,0.0,0.2,5.737,0,-1.0,-0.015,309.915,3.0187,35.76,35.44645690917969,4.98,0.0,0
46806,-1.8760000000000001,75.586,-0.5,0.0,446.778,0.0,0.0,0.2,5.737,0,-1.0,0.015,309.825,4.792,35.46,35.44645690917969,4.98,0.0,0
46806,-1.8760000000000001,75.586,0.0,0.0,446.839,0.0,0.0,0.2,5.737,0,1.0,0.005,309.825,1.1217000000000001,35.46,35.44645690917969,4.98,0.0,0
46806,-1.5350000000000001,75.586,0.5,0.0,446.839,0.0,0.0,0.2,5.737,0,0.0,0.025,309.825,-3.2166,35.85,35.44645690917969,4.98,0.0,0
46806,-2.0460000000000003,75.586,-0.5,0.0,446.96000000000004,0.0,0.0,0.0,5.737,0,0.0,0.005,309.915,3.0847,35.550000000000004,35.44645690917969,4.98,0.0,0
46806,-1.705,75.586,0.0,0.0,447.081,0.0,0.0,0.0,5.737,0,0.0,0.015,309.825,2.9032,34.74,35.44645690917969,4.98,0.0,0
46806,-1.705,75.586,0.0,0.0,447.02,0.0,0.0,0.0,5.737,0,0.0,0.005,309.825,-1.2537,34.32,35.44645690917969,4.98,0.0,0
46806,-1.364,75.586,0.0,0.0,446.839,0.0,0.0,0.0,5.737,0,0.0,0.0,309.69,0.23920000000000002,34.83,35.44645690917969,4.98,0.0,0
46806,-1.705,75.586,0.0,0.0,446.778,0.0,0.0,0.0,5.737,0,0.0,0.01,309.915,0.8578,36.18,35.44645690917969,4.98,0.0,0
46806,-1.5350000000000001,75.586,0.0,0.0,446.839,0.0,0.0,0.0,5.737,0,0.0,0.03,309.825,-0.066,37.14,35.44645690917969,4.98,0.0,0
46806,-2.217,75.586,-0.5,0.0,446.96000000000004,0.0,0.0,0.0,5.737,0,0.0,-0.005,309.825,-1.4516,37.14,35.44645690917969,4.98,0.0,0
46806,-1.8760000000000001,75.586,0.0,0.0,447.081,0.0,0.0,-0.2,5.737,0,-1.0,0.055,309.825,-1.3196,37.08,35.44645690917969,4.98,0.0,0
46806,-1.5350000000000001,75.586,0.0,0.0,447.141,0.0,0.0,0.2,5.737,0,-1.0,0.015,309.825,-0.9897,37.2,35.44645690917969,4.98,0.0,0
46806,-1.705,75.586,-0.5,0.0,447.081,0.0,0.0,0.0,5.737,0,0.0,0.005,309.915,1.8475000000000001,36.42,35.44645690917969,4.98,0.0,0
46806,-1.8760000000000001,75.586,-0.5,0.0,447.081,0.0,0.0,0.2,5.737,0,0.0,0.04,309.825,-0.7918000000000001,36.0,35.44645690917969,4.98,0.0,0
46806,-1.8760000000000001,75.586,0.0,0.0,447.02,0.0,0.0,0.2,5.737,0,1.0,0.01,309.825,0.5279,36.0,35.44645690917969,4.98,0.0,0
46806,-1.5350000000000001,75.586,-0.5,0.0,446.899,0.0,0.0,0.2,5.737,0,0.0,-0.05,309.825,-0.9897,35.67,35.44645690917969,4.98,0.0,0
46806,-1.364,75.586,-0.5,0.0,447.081,0.0,0.0,-0.2,5.737,0,0.0,-0.015,309.69,-4.7507,34.74,35.44645690917969,4.98,0.0,0
46806,-2.217,75.586,0.0,0.0,447.262,0.0,0.0,0.0,5.737,0,0.0,0.005,309.69,-3.596,34.47,35.44645690917969,4.98,0.0,0
46806,-1.5350000000000001,75.586,0.0,0.0,447.081,0.0,0.0,0.0,5.737,0,0.0,0.0,309.825,2.6393,34.86,35.44645690917969,4.98,0.0,0
46806,-2.217,75.586,0.0,0.0,447.141,0.0,0.0,0.0,5.737,0,-1.0,-0.02,309.69,1.8475000000000001,34.74,35.44645690917969,4.98,0.0,0
46806,-2.217,75.586,0.0,0.0,447.141,0.0,0.0,-0.2,5.737,0,0.0,0.0,309.825,1.3196,35.67,35.44645690917969,4.98,0.0,0
46806,-1.5350000000000001,75.586,0.0,0.0,447.141,0.0,0.0,0.0,5.737,0,0.0,0.02,309.69,-2.2764,36.57,35.44645690917969,4.98,0.0,0
46806,-1.705,75.586,0.0,0.0,446.96000000000004,0.0,0.0,0.2,5.737,0,0.0,0.02,309.825,0.2639,36.660000000000004,35.44645690917969,4.98,0.0,0
46806,-1.705,75.586,0.0,0.0,446.778,0.0,0.0,0.0,5.737,0,0.0,0.01,309.69,-4.651800000000001,36.660000000000004,35.44645690917969,4.98,0.0,0
46806,-1.8760000000000001,75.586,0.0,0.0,447.262,0.0,0.0,0.0,5.737,0,1.0,0.0,309.825,2.9032,36.63,35.44645690917969,4.98,0.0,0
46806,-1.364,75.586,0.0,0.0,447.262,0.0,0.0,0.0,5.737,0,-1.0,-0.01,309.915,4.1569,36.93,35.44645690917969,4.98,0.0,0
46806,-1.705,75.586,0.5,0.0,447.262,0.0,0.0,0.2,5.737,0,-1.0,-0.005,309.825,2.6393,36.18,35.44645690917969,4.98,0.0,0
46806,-1.194,75.586,0.0,0.0,447.081,0.0,0.0,0.0,5.737,0,0.0,0.015,309.915,0.46190000000000003,35.1,35.44645690917969,4.98,0.0,0
46806,-1.8760000000000001,75.586,0.0,0.0,447.504,0.0,0.0,0.2,5.737,0,0.0,0.0,309.825,-1.4516,34.53,35.44645690917969,4.98,0.0,0
46806,-1.705,75.586,0.0,0.0,447.444,0.0,0.0,0.0,5.737,0,-1.0,0.0,309.915,-0.3299,33.84,35.44645690917969,4.98,0.0,0
46806,-1.5350000000000001,75.586,0.0,0.0,446.96000000000004,0.0,0.0,0.0,5.737,0,0.0,-0.02,309.825,-3.4311000000000003,33.660000000000004,35.44645690917969,4.98,0.0,0
46806,-1.364,75.586,0.0,0.0,447.262,0.0,0.0,0.2,5.737,0,-1.0,0.0,309.825,-0.5279,33.660000000000004,35.44645690917969,4.98,0.0,0
46806,-1.5350000000000001,75.586,0.0,0.0,447.262,0.0,0.0,0.0,5.737,0,-1.0,-0.005,309.69,-2.2434000000000003,34.2,35.44645690917969,4.98,0.0,0
46806,-1.194,75.586,0.5,0.0,446.899,0.0,0.0,0.0,5.737,0,0.0,0.025,309.825,1.5836000000000001,35.64,35.44645690917969,4.98,0.0,0
46806,-2.217,75.586,0.0,0.0,446.839,0.0,0.0,0.0,5.737,0,0.0,0.0,309.915,3.0352,36.06,35.44645690917969,4.98,0.0,0
46806,-1.0230000000000001,75.586,0.0,0.0,446.718,0.0,0.0,0.2,5.737,0,0.0,0.01,309.825,2.0125,36.75,35.44645690917969,4.98,0.0,0
46806,-1.705,75.586,0.0,0.0,447.262,0.0,0.0,0.0,5.737,0,0.0,0.0,309.69,-2.2434000000000003,36.39,35.44645690917969,4.98,0.0,0
46806,-1.705,75.586,-0.5,0.0,447.081,0.0,0.0,0.0,5.737,0,-1.0,0.0,309.69,-4.8497,35.79,35.44645690917969,4.98,0.0,0
46806,-1.8760000000000001,75.586,-1.0,0.0,447.081,0.0,0.0,0.0,5.737,0,0.0,0.025,309.69,-4.7755,35.76,35.44645690917969,4.98,0.0,0
46806,-1.364,75.586,0.0,0.0,446.899,0.0,0.0,0.0,5.737,0,0.0,0.015,309.825,-3.0352,36.21,35.44645690917969,4.98,0.0,0
46806,-1.364,75.586,-0.5,0.0,447.081,0.0,0.0,-0.2,5.737,0,-1.0,0.0,309.915,5.1714,35.67,35.44645690917969,4.98,0.0,0
46806,-2.217,75.586,-0.5,0.0,447.081,0.0,0.0,0.0,5.737,0,0.0,-0.005,309.825,4.1981,35.19,35.44645690917969,4.98,0.0,0
46806,-1.705,75.586,0.0,0.0,447.141,0.0,0.0,0.0,5.737,0,0.0,0.01,309.915,-0.6351,33.96,35.44645690917969,4.98,0.0,0
46806,-2.0460000000000003,75.586,0.0,0.0,446.778,0.0,0.0,0.0,5.737,0,0.0,-0.005,309.825,-0.9732000000000001,33.33,35.44645690917969,4.98,0.0,0
46806,-1.364,75.586,0.0,0.0,447.02,0.0,0.0,0.0,5.737,0,0.0,0.035,309.825,1.1217000000000001,33.39,35.44645690917969,4.98,0.0,0
46806,-1.364,75.586,0.0,0.0,447.081,0.0,0.0,0.0,5.737,0,-1.0,-0.025,309.825,-1.5011,33.9,35.44645690917969,4.98,0.0,0
46806,-1.5350000000000001,75.586,0.5,0.0,447.081,0.0,0.0,0.2,5.737,0,0.0,0.025,309.825,-1.5836000000000001,34.59,35.44645690917969,4.98,0.0,0
46806,-1.364,75.586,0.0,0.0,447.444,0.0,0.0,-0.2,5.737,0,0.0,-0.065,309.825,1.0557,35.79,35.44645690917969,4.98,0.0,0
46806,-1.194,75.586,0.0,0.0,447.02,0.0,0.0,-0.2,5.737,0,0.0,0.04,309.825,1.2702,36.51,35.44645690917969,4.98,0.0,0
46806,-1.705,75.586,1.0,0.0,446.718,0.0,0.0,0.0,5.737,0,0.0,0.04,309.825,-4.3548,36.12,35.44645690917969,4.98,0.0,0
46806,-1.8760000000000001,75.586,0.5,0.0,446.658,0.0,0.0,-0.2,5.737,0,0.0,-0.04,309.825,-0.39590000000000003,35.550000000000004,35.44645690917969,4.98,0.0,0
46806,-2.0460000000000003,75.586,0.5,0.0,447.081,0.0,0.0,0.2,5.737,0,-1.0,-0.01,309.825,0.9897,35.04,35.44645690917969,4.98,0.0,0
46806,-1.5350000000000001,75.586,0.0,0.0,447.02,0.0,0.0,-0.2,5.737,0,0.0,-0.01,309.825,0.17320000000000002,35.1,35.44645690917969,4.98,0.0,0
46806,-1.5350000000000001,75.586,0.0,0.0,447.081,0.0,0.0,0.0,5.737,0,-1.0,-0.005,309.69,0.6186,35.58,35.44645690917969,4.98,0.0,0
46806,-1.8760000000000001,75.586,0.0,0.0,447.141,0.0,0.0,0.0,5.737,0,0.0,0.03,309.915,-1.3609,35.550000000000004,35.44645690917969,4.98,0.0,0
46806,-2.0460000000000003,75.586,0.0,0.0,447.383,0.0,0.0,0.0,5.737,0,0.0,0.005,309.915,3.2826,35.31,35.44645690917969,4.98,0.0,0
46806,-1.5350000000000001,75.586,0.0,0.0,447.383,0.0,0.0,-0.2,5.737,0,0.0,-0.01,309.915,6.449800000000001,34.11,35.44645690917969,4.98,0.0,0
46806,-1.194,75.586,0.0,0.0,447.262,0.0,0.0,0.2,5.737,0,0.0,-0.035,309.69,-4.2476,33.24,35.44645690917969,4.98,0.0,0
46806,-1.5350000000000001,75.586,0.0,0.0,447.141,0.0,0.0,0.0,5.737,0,-1.0,0.005,309.915,-3.563,32.7,35.44645690917969,4.98,0.0,0
46806,-1.364,75.586,0.0,0.0,447.444,0.0,0.0,0.0,5.737,0,0.0,-0.01,309.825,-0.2474,33.78,35.44645690917969,4.98,0.0,0
46806,-1.705,75.586,0.0,0.0,447.262,0.0,0.0,0.0,5.737,0,1.0,-0.015,309.69,1.9795,35.550000000000004,35.44645690917969,4.98,0.0,0
46806,-1.5350000000000001,75.586,-0.5,0.0,447.141,0.0,0.0,0.2,5.737,0,0.0,-0.015,309.825,-1.1052,36.87,35.44645690917969,4.98,0.0,0
46806,-1.5350000000000001,75.586,0.5,0.0,447.504,0.0,0.0,-0.2,5.737,0,0.0,0.02,309.69,-2.4826,36.54,35.44645690917969,4.98,0.0,0
46806,-1.8760000000000001,75.586,1.0,0.0,447.564,0.0,0.0,0.0,5.737,0,-1.0,-0.005,309.69,-3.1672000000000002,36.51,35.44645690917969,4.98,0.0,0
46806,-1.705,75.586,0.0,0.0,447.32300000000004,0.0,0.0,-0.2,5.737,0,1.0,0.055,309.825,-3.2661000000000002,35.85,35.44645690917969,4.98,0.0,0
46806,-1.8760000000000001,75.586,0.5,0.0,447.262,0.0,0.0,0.0,5.737,0,0.0,-0.025,309.825,-1.1877,34.44,35.44645690917969,4.98,0.0,0
46806,-1.705,75.586,0.0,0.0,447.444,0.0,0.0,0.0,5.737,0,-1.0,0.005,309.825,4.651800000000001,34.44,35.44645690917969,4.98,0.0,0
46806,-1.5350000000000001,75.586,-0.5,0.0,447.262,0.0,0.0,-0.2,5.737,0,0.0,0.0,309.825,3.563,35.19,35.44645690917969,4.98,0.0,0
46806,-1.364,75.586,0.5,0.0,447.262,0.0,0.0,0.2,5.737,0,0.0,0.015,309.915,-0.066,34.95,35.44645690917969,4.98,0.0,0
46806,-1.194,75.586,0.5,0.0,447.262,0.0,0.0,0.0,5.737,0,1.0,0.0,309.825,-2.5073000000000003,34.5,35.44645690917969,4.98,0.0,0
46806,-1.364,75.586,-0.5,0.0,446.899,0.0,0.0,0.0,5.737,0,0.0,-0.015,309.915,-0.8578,33.99,35.44645690917969,4.98,0.0,0
46806,-1.364,75.586,0.0,0.0,447.444,0.0,0.0,0.0,5.737,0,0.0,0.025,309.69,-1.1877,32.94,35.44645690917969,4.98,0.0,0
46806,-2.0460000000000003,75.586,0.5,0.0,447.32300000000004,0.0,0.0,0.0,5.737,0,1.0,0.0,309.915,0.7258,32.46,35.44645690917969,4.98,0.0,0
46806,-1.5350000000000001,75.586,0.5,0.0,447.504,0.0,0.0,-0.2,5.737,0,0.0,-0.01,309.69,-4.2229,32.85,35.44645690917969,4.98,0.0,0
46806,-1.364,75.586,0.5,0.0,447.262,0.0,0.0,0.0,5.737,0,0.0,0.025,309.825,-3.794,34.29,35.44645690917969,4.98,0.0,0
46806,-2.0460000000000003,75.586,0.0,0.0,447.141,0.0,0.0,0.0,5.737,0,0.0,-0.025,309.825,-1.0557,35.67,35.44645690917969,4.98,0.0,0
46806,-1.194,75.586,0.0,0.0,447.383,0.0,0.0,-0.2,5.737,0,0.0,0.01,309.825,3.0682,36.15,35.44645690917969,4.98,0.0,0
46806,-1.5350000000000001,75.586,0.0,0.0,447.262,0.0,0.0,-0.2,5.737,0,-1.0,0.0,309.825,0.0,36.15,35.44645690917969,4.98,0.0,0
46806,-2.0460000000000003,75.586,0.0,0.0,447.32300000000004,0.0,0.0,0.0,5.737,0,-1.0,0.0,309.825,0.0,35.61,35.44645690917969,4.98,0.0,0
46806,-1.364,75.586,0.0,0.0,447.262,0.0,0.0,0.2,5.737,0,0.0,0.0,309.915,-0.132,35.13,35.44645690917969,4.98,0.0,0
46806,-1.8760000000000001,75.586,0.0,0.0,447.202,0.0,0.0,0.0,5.737,0,0.0,-0.025,309.915,1.5176,34.44,35.44645690917969,4.98,0.0,0
46806,-1.705,75.586,0.0,0.0,446.899,0.0,0.0,0.0,5.737,0,0.0,0.025,309.825,1.9795,34.29,35.44645690917969,4.98,0.0,0
46806,-1.364,75.586,0.0,0.0,447.02,0.0,0.0,-0.2,5.737,0,0.0,-0.01,309.69,-3.0022,34.35,35.44645690917969,4.98,0.0,0
46806,-1.5350000000000001,75.586,0.0,0.0,447.141,0.0,0.0,-0.2,5.737,0,0.0,-0.045,309.69,-5.806500000000001,34.56,35.44645690917969,4.98,0.0,0
46806,-1.364,75.586,0.0,0.0,447.081,0.0,0.0,0.0,5.737,0,0.0,0.005,309.915,2.5733,34.410000000000004,35.44645690917969,4.98,0.0,0
46806,-1.705,75.586,0.5,0.0,447.081,0.0,0.0,0.2,5.737,0,0.0,-0.005,309.825,5.0147,33.57,35.44645690917969,4.98,0.0,0
46806,-1.5350000000000001,75.586,0.5,0.0,447.444,0.0,0.0,0.2,5.737,0,0.0,0.04,309.825,0.9567,33.33,35.44645690917969,4.98,0.0,0
46806,-1.0230000000000001,75.586,0.0,0.0,447.081,0.0,0.0,0.2,5.737,0,0.0,0.0,309.825,-0.7918000000000001,34.05,35.44645690917969,4.98,0.0,0
46806,-1.8760000000000001,75.586,0.0,0.0,446.899,0.0,0.0,0.0,5.737,0,0.0,-0.01,309.825,-3.9589000000000003,35.31,35.44645690917969,4.98,0.0,0
46806,-1.5350000000000001,75.586,0.0,0.0,447.081,0.0,0.0,-0.2,5.737,0,0.0,0.0,309.825,-1.7155,36.21,35.44645690917969,4.98,0.0,0
46806,-1.194,75.586,-0.5,0.0,447.02,0.0,0.0,0.0,5.737,0,0.0,-0.01,309.69,1.1547,35.94,35.44645690917969,4.98,0.0,0
46806,-1.705,75.586,0.0,0.0,447.02,0.0,0.0,0.2,5.737,0,0.0,-0.015,309.69,0.5526,35.910000000000004,35.44645690917969,4.98,0.0,0
46806,-1.194,75.586,0.0,0.0,447.02,0.0,0.0,0.0,5.737,0,-1.0,-0.015,309.69,-3.9342,35.64,35.44645690917969,4.98,0.0,0
46806,-1.364,75.586,-0.5,0.0,447.202,0.0,0.0,0.0,5.737,0,0.0,0.0,309.825,-4.0909,35.730000000000004,35.44645690917969,4.98,0.0,0
46806,-1.364,75.586,-0.5,0.0,447.081,0.0,0.0,-0.2,5.737,0,-2.0,-0.015,309.825,4.726,35.550000000000004,35.44645690917969,4.98,0.0,0
46806,-1.5350000000000001,75.586,-0.5,0.0,446.899,0.0,0.0,0.2,5.737,0,-1.0,0.005,309.825,5.806500000000001,35.19,35.44645690917969,4.98,0.0,0
46806,-1.5350000000000001,75.586,0.0,0.0,447.141,0.0,0.0,-0.2,5.737,0,-1.0,0.0,309.825,3.0352,34.77,35.44645690917969,4.98,0.0,0
46806,-1.194,75.586,0.0,0.0,447.262,0.0,0.0,0.2,5.737,0,0.0,-0.01,309.825,-0.9238000000000001,34.32,35.44645690917969,4.98,0.0,0
46806,-1.705,75.586,0.0,0.0,447.262,0.0,0.0,0.2,5.737,0,0.0,0.01,309.825,-4.9487000000000005,34.05,35.44645690917969,4.98,0.0,0
46806,-1.705,75.586,0.0,0.0,447.02,0.0,0.0,0.0,5.737,0,-1.0,-0.025,309.69,-3.2579000000000002,34.32,35.44645690917969,4.98,0.0,0
46806,-1.0230000000000001,75.586,0.5,0.0,447.141,0.0,0.0,0.2,5.737,0,0.0,-0.005,309.825,-1.3856000000000002,34.53,35.44645690917969,4.98,0.0,0
46806,-1.705,75.586,0.5,0.0,447.141,0.0,0.0,0.0,5.737,0,0.0,-0.005,309.825,-0.7918000000000001,34.47,35.44645690917969,4.98,0.0,0
46806,-1.8760000000000001,75.586,0.5,0.0,447.081,0.0,0.0,-0.2,5.737,0,0.0,0.045,309.69,-1.1877,35.28,35.44645690917969,4.98,0.0,0
46806,-1.705,75.586,0.0,0.0,447.141,0.0,0.0,0.2,5.737,0,2.0,0.01,309.69,1.5836000000000001,35.67,35.44645690917969,4.98,0.0,0
46806,-1.705,75.586,-0.5,0.0,447.081,0.0,0.0,0.0,5.737,0,-1.0,-0.035,309.825,0.0,36.42,35.44645690917969,4.98,0.0,0
46806,-1.364,75.586,0.0,0.0,446.96000000000004,0.0,0.0,0.0,5.737,0,0.0,-0.02,309.915,1.6826,36.09,35.44645690917969,4.98,0.0,0
46806,-1.364,75.586,0.0,0.0,447.32300000000004,0.0,0.0,-0.2,5.737,0,0.0,0.07,309.825,3.9589000000000003,35.94,35.44645690917969,4.98,0.0,0
46806,-1.705,75.586,0.0,0.0,446.96000000000004,0.0,0.0,-0.2,5.737,0,0.0,-0.015,309.825,4.486800000000001,35.82,35.44645690917969,4.98,0.0,0
46806,-1.5350000000000001,75.586,0.0,0.0,447.141,0.0,0.0,-0.2,5.737,0,0.0,-0.045,309.915,0.0,35.4,35.44645690917969,4.98,0.0,0
46806,-1.705,75.586,0.0,0.0,447.081,0.0,0.0,0.0,5.737,0,0.0,-0.01,309.825,-3.6950000000000003,35.76,35.44645690917969,4.98,0.0,0
46806,-1.5350000000000001,75.586,0.5,0.0,447.141,0.0,0.0,0.0,5.737,0,-1.0,-0.01,309.825,-0.39590000000000003,35.85,35.44645690917969,4.98,0.0,0
46806,-1.705,75.586,0.0,0.0,447.262,0.0,0.0,0.0,5.737,0,0.0,0.01,309.69,-0.099,35.43,35.44645690917969,4.98,0.0,0
46806,-1.8760000000000001,75.586,0.5,0.0,447.081,0.0,0.0,0.0,5.737,0,0.0,-0.005,309.825,0.7918000000000001,34.47,35.44645690917969,4.98,0.0,0
46806,-1.364,75.586,-0.5,0.0,447.081,0.0,0.0,0.2,5.737,0,0.0,0.0,309.69,0.6268,34.47,35.44645690917969,4.98,0.0,0
46806,-1.5350000000000001,75.586,0.0,0.0,446.899,0.0,0.0,0.0,5.737,0,0.0,-0.03,309.825,0.9238000000000001,34.29,35.44645690917969,4.98,0.0,0
46806,-1.194,75.586,0.0,0.0,447.081,0.0,0.0,0.0,5.737,0,0.0,-0.01,309.825,2.1114,35.04,35.44645690917969,4.98,0.0,0
46806,-1.194,75.586,0.0,0.0,447.262,0.0,0.0,0.0,5.737,0,0.0,-0.015,309.69,0.0,36.03,35.44645690917969,4.98,0.0,0
46806,-1.8760000000000001,75.586,0.5,0.0,446.899,0.0,0.0,0.0,5.737,0,0.0,-0.03,309.825,1.8475000000000001,36.72,35.44645690917969,4.98,0.0,0
46806,-1.0230000000000001,75.586,-0.5,0.0,446.658,0.0,0.0,0.0,5.737,0,0.0,-0.01,309.69,-1.5836000000000001,36.03,35.44645690917969,4.98,0.0,0
46806,-1.364,75.586,0.0,0.0,446.839,0.0,0.0,0.0,5.737,0,0.0,0.065,309.69,-2.3754,35.7,35.44645690917969,4.98,0.0,0
46806,-2.0460000000000003,75.586,0.0,0.0,447.141,0.0,0.0,0.0,5.737,0,-2.0,-0.025,309.825,-0.2639,36.21,35.44645690917969,4.98,0.0,0
46806,-1.364,75.586,0.5,0.0,446.718,0.0,0.0,0.0,5.737,0,0.0,-0.03,309.825,0.6928000000000001,36.21,35.44645690917969,4.98,0.0,0
46806,-1.5350000000000001,75.586,0.0,0.0,447.081,0.0,0.0,0.2,5.737,0,-1.0,0.02,309.825,0.7918000000000001,35.76,35.44645690917969,4.98,0.0,0
46806,-1.705,75.586,0.5,0.0,447.081,0.0,0.0,0.2,5.737,0,0.0,0.0,309.825,0.37120000000000003,35.67,35.44645690917969,4.98,0.0,0
46806,-1.5350000000000001,75.586,0.0,0.0,447.141,0.0,0.0,0.0,5.737,0,0.0,0.0,309.69,-1.9547,35.46,35.44645690917969,4.98,0.0,0
46806,-1.194,75.586,-0.5,0.0,447.383,0.0,0.0,0.0,5.737,0,0.0,-0.02,309.825,-0.5938,35.22,35.44645690917969,4.98,0.0,0
46806,-1.5350000000000001,75.586,-0.5,0.0,447.141,0.0,0.0,0.0,5.737,0,0.0,-0.05,309.69,-0.9650000000000001,33.81,35.44645690917969,4.98,0.0,0
46806,-1.364,75.586,0.5,0.0,446.96000000000004,0.0,0.0,0.0,5.737,0,0.0,0.01,309.825,1.9547,33.63,35.44645690917969,4.98,0.0,0
46806,-1.5350000000000001,75.586,0.5,0.0,447.02,0.0,0.0,0.0,5.737,0,0.0,0.0,309.825,0.2639,34.29,35.44645690917969,4.98,0.0,0
46806,-1.705,75.586,1.0,0.0,447.141,0.0,0.0,0.2,5.737,0,-1.0,0.005,309.915,2.5981,35.25,35.44645690917969,4.98,0.0,0
46806,-1.0230000000000001,75.586,0.0,0.0,447.262,0.0,0.0,0.2,5.737,0,0.0,-0.055,309.825,1.6908,37.32,35.44645690917969,4.98,0.0,0
46806,-1.364,75.586,0.0,0.0,447.32300000000004,0.0,0.0,0.0,5.737,0,0.0,-0.03,309.825,-2.9692000000000003,37.53,35.44645690917969,4.98,0.0,0
46806,-1.194,75.586,1.0,0.0,446.899,0.0,0.0,0.0,5.737,0,0.0,0.0,309.825,-2.3094,36.72,35.44645690917969,4.98,0.0,0
46806,-1.5350000000000001,75.586,0.0,0.0,447.262,0.0,0.0,0.2,5.737,0,0.0,-0.02,309.69,0.6186,35.49,35.44645690917969,4.98,0.0,0
46806,-1.705,75.586,-0.5,0.0,447.141,0.0,0.0,0.0,5.737,0,-2.0,-0.01,309.825,-0.6186,36.0,35.44645690917969,4.98,0.0,0
46806,-1.194,75.586,-0.5,0.0,446.718,0.0,0.0,-0.2,5.737,0,0.0,0.01,309.69,-0.17320000000000002,36.24,35.44645690917969,4.98,0.0,0
46806,-1.705,75.586,0.5,0.0,446.96000000000004,0.0,0.0,-0.2,5.737,0,-1.0,-0.025,309.915,2.6228000000000002,36.24,35.44645690917969,4.98,0.0,0
46806,-1.0230000000000001,75.586,0.0,0.0,447.444,0.0,0.0,0.0,5.737,0,-1.0,0.025,309.69,0.42060000000000003,35.58,35.44645690917969,4.98,0.0,0
46806,-1.194,75.586,0.0,0.0,447.32300000000004,0.0,0.0,-0.2,5.737,0,-1.0,0.05,309.915,4.0084,35.25,35.44645690917969,4.98,0.0,0
46806,-1.5350000000000001,75.586,0.0,0.0,447.081,0.0,0.0,0.0,5.737,0,-1.0,0.0,309.825,1.1382,34.56,35.44645690917969,4.98,0.0,0
46806,-1.0230000000000001,75.586,0.0,0.0,446.839,0.0,0.0,0.0,5.737,0,0.0,-0.01,309.915,3.6950000000000003,34.89,35.44645690917969,4.98,0.0,0
46806,-1.705,75.586,0.0,0.0,446.899,0.0,0.0,0.2,5.737,0,0.0,0.045,309.825,-1.1712,34.92,35.44645690917969,4.98,0.0,0
46806,-1.0230000000000001,75.586,0.5,0.0,447.202,0.0,0.0,0.0,5.737,0,0.0,-0.015,309.915,-0.7258,36.0,35.44645690917969,4.98,0.0,0
46806,-1.8760000000000001,75.586,-0.5,0.0,446.96000000000004,0.0,0.0,0.0,5.737,0,-1.0,-0.01,309.69,2.3506,37.68,35.44645690917969,4.98,0.0,0
46806,-1.364,75.586,0.0,0.0,446.96000000000004,0.0,0.0,0.0,5.737,0,-1.0,0.0,309.915,-0.2144,37.83,35.44645690917969,4.98,0.0,0
46806,-1.5350000000000001,75.586,0.0,0.0,447.02,0.0,0.0,0.2,5.737,0,0.0,0.0,309.69,-0.6846,36.99,35.44645690917969,4.98,0.0,0
46806,-1.705,75.586,0.0,0.0,446.96000000000004,0.0,0.0,0.0,5.737,0,0.0,-0.02,309.825,1.3361,35.97,35.44645690917969,4.98,0.0,0
46806,-2.217,75.586,0.5,0.0,447.02,0.0,0.0,0.2,5.737,0,-1.0,-0.03,309.825,-2.1609000000000003,35.79,35.44645690917969,4.98,0.0,0
46806,-1.194,75.586,0.0,0.0,447.02,0.0,0.0,0.0,5.737,0,0.0,-0.005,309.825,-1.7815,35.730000000000004,35.44645690917969,4.98,0.0,0
46806,-1.5350000000000001,75.586,0.0,0.0,447.02,0.0,0.0,-0.2,5.737,0,0.0,-0.02,309.825,2.7713,36.06,35.44645690917969,4.98,0.0,0
46806,-1.194,75.586,0.0,0.0,447.02,0.0,0.0,0.0,5.737,0,0.0,-0.03,309.825,-1.5836000000000001,35.67,35.44645690917969,4.98,0.0,0
46806,-1.5350000000000001,75.586,-0.5,0.0,447.262,0.0,0.0,0.2,5.737,0,-1.0,0.0,309.825,-0.9238000000000001,35.7,35.44645690917969,4.98,0.0,0
46806,-1.705,75.586,0.0,0.0,447.202,0.0,0.0,-0.2,5.737,0,0.0,-0.04,309.69,1.9465000000000001,35.64,35.44645690917969,4.98,0.0,0
46806,-1.8760000000000001,75.586,0.0,0.0,447.383,0.0,0.0,-0.2,5.737,0,0.0,0.065,309.69,-4.2229,35.25,35.44645690917969,4.98,0.0,0
46806,-1.364,75.586,-0.5,0.0,447.141,0.0,0.0,-0.2,5.737,0,-1.0,-0.035,309.825,-3.9589000000000003,34.95,35.44645690917969,4.98,0.0,0
46806,-1.0230000000000001,75.586,0.0,0.0,447.262,0.0,0.0,0.0,5.737,0,0.0,0.065,309.825,1.5836000000000001,34.68,35.44645690917969,4.98,0.0,0
46806,-1.194,75.586,0.0,0.0,447.262,0.0,0.0,0.0,5.737,0,0.0,-0.015,309.825,4.1239,35.76,35.44645690917969,4.98,0.0,0
46806,-1.364,75.586,0.0,0.0,447.262,0.0,0.0,-0.2,5.737,0,0.0,0.0,309.825,-0.2639,36.99,35.44645690917969,4.98,0.0,0
46806,-1.364,75.586,0.0,0.0,447.081,0.0,0.0,0.0,5.737,0,0.0,0.0,309.825,-1.5836000000000001,37.59,35.44645690917969,4.98,0.0,0
46806,-2.0460000000000003,75.586,0.0,0.0,447.081,0.0,0.0,0.2,5.737,0,-1.0,0.005,309.69,-0.7918000000000001,37.230000000000004,35.44645690917969,4.98,0.0,0
46806,-1.5350000000000001,75.586,0.0,0.0,447.202,0.0,0.0,0.0,5.737,0,1.0,-0.005,309.825,-0.7918000000000001,36.24,35.44645690917969,4.98,0.0,0
46806,-1.364,75.586,0.5,0.0,447.383,0.0,0.0,0.0,5.737,0,0.0,-0.085,309.69,-0.9238000000000001,36.24,35.44645690917969,4.98,0.0,0
46806,-1.364,75.586,0.0,0.0,447.625,0.0,0.0,-0.2,5.737,0,0.0,0.01,309.915,3.0022,35.82,35.44645690917969,4.98,0.0,0
46806,-1.364,75.586,0.0,0.0,447.746,0.0,0.0,0.0,5.737,0,0.0,-0.065,309.825,0.0,35.34,35.44645690917969,4.98,0.0,0
46806,-1.5350000000000001,75.586,0.0,0.0,447.383,0.0,0.0,0.0,5.737,0,0.0,0.0,309.915,3.0022,34.62,35.44645690917969,4.98,0.0,0
46806,-1.5350000000000001,75.586,0.0,0.0,447.444,0.0,0.0,-0.2,5.737,0,0.0,0.0,309.69,-4.0909,34.59,35.44645690917969,4.98,0.0,0
46806,-1.194,75.586,0.5,0.0,447.383,0.0,0.0,0.0,5.737,0,-1.0,-0.025,309.825,-2.9032,35.01,35.44645690917969,4.98,0.0,0
46806,-1.0230000000000001,75.586,0.0,0.0,447.02,0.0,0.0,0.0,5.737,0,-1.0,-0.025,309.825,1.3196,34.980000000000004,35.44645690917969,4.98,0.0,0
46806,-1.364,75.586,0.0,0.0,447.02,0.0,0.0,0.2,5.737,0,-1.0,0.01,309.69,0.0,34.74,35.44645690917969,4.98,0.0,0
46806,-1.5350000000000001,75.586,0.0,0.0,447.141,0.0,0.0,0.0,5.737,0,0.0,-0.035,309.825,-1.1877,35.7,35.44645690917969,4.98,0.0,0
46806,-1.364,75.586,0.0,0.0,447.444,0.0,0.0,0.0,5.737,0,0.0,0.0,309.825,1.8475000000000001,36.660000000000004,35.44645690917969,4.98,0.0,0
46806,-1.8760000000000001,75.586,0.0,0.0,447.383,0.0,0.0,0.0,5.737,0,0.0,-0.025,309.825,2.5073000000000003,37.35,35.44645690917969,4.98,0.0,0
46806,-1.364,75.586,-0.5,0.0,447.262,0.0,0.0,0.0,5.737,0,0.0,-0.005,309.915,0.9897,37.2,35.44645690917969,4.98,0.0,0
46806,-1.364,75.586,0.5,0.0,447.202,0.0,0.0,0.0,5.737,0,0.0,0.005,309.825,1.0557,37.32,35.44645690917969,4.98,0.0,0
46806,-1.364,75.586,0.0,0.0,447.141,0.0,0.0,0.0,5.737,0,0.0,-0.005,309.825,-1.5836000000000001,36.480000000000004,35.44645690917969,4.98,0.0,0
46806,-1.364,75.586,0.5,0.0,446.899,0.0,0.0,0.2,5.737,0,-1.0,-0.01,309.825,-1.8475000000000001,35.52,35.44645690917969,4.98,0.0,0
46806,-1.194,75.586,0.0,0.0,447.262,0.0,0.0,0.0,5.737,0,0.0,-0.04,309.825,0.0,34.86,35.44645690917969,4.98,0.0,0
46806,-1.5350000000000001,75.586,0.0,0.0,447.262,0.0,0.0,0.0,5.737,0,-1.0,-0.035,309.825,0.0,34.17,35.44645690917969,4.98,0.0,0
46806,-1.5350000000000001,75.586,0.0,0.0,447.32300000000004,0.0,0.0,-0.2,5.737,0,0.0,0.0,309.915,0.9897,34.02,35.44645690917969,4.98,0.0,0
46806,-1.5350000000000001,75.586,0.0,0.0,447.081,0.0,0.0,0.0,5.737,0,-1.0,0.02,309.915,2.6393,34.47,35.44645690917969,4.98,0.0,0
46806,-1.194,75.586,0.5,0.0,447.202,0.0,0.0,0.0,5.737,0,0.0,-0.01,309.825,0.0,34.74,35.44645690917969,4.98,0.0,0
46806,-1.0230000000000001,75.586,0.5,0.0,446.899,0.0,0.0,0.2,5.737,0,-1.0,-0.035,309.825,-2.6393,35.31,35.44645690917969,4.98,0.0,0
46806,-1.364,75.586,-0.5,0.0,447.081,0.0,0.0,0.0,5.737,0,0.0,0.0,309.825,-0.9897,35.34,35.44645690917969,4.98,0.0,0
46806,-1.194,75.586,0.0,0.0,446.778,0.0,0.0,0.0,5.737,0,0.0,0.01,309.69,-1.4516,36.24,35.44645690917969,4.98,0.0,0
46806,-1.0230000000000001,75.586,0.0,0.0,446.59700000000004,0.0,0.0,0.0,5.737,0,0.0,0.0,309.69,-4.651800000000001,36.87,35.44645690917969,4.98,0.0,0
46806,-1.364,75.586,0.0,0.0,446.59700000000004,0.0,0.0,0.0,5.737,0,0.0,-0.02,309.69,-5.0559,36.9,35.44645690917969,4.98,0.0,0
46806,-1.194,75.586,0.0,0.0,446.839,0.0,0.0,0.0,5.737,0,-2.0,-0.015,309.69,-2.0207,37.32,35.44645690917969,4.98,0.0,0
46806,-1.0230000000000001,75.586,-0.5,0.0,446.839,0.0,0.0,0.0,5.737,0,0.0,0.015,309.69,1.4516,36.54,35.44645690917969,4.98,0.0,0
46806,-2.217,75.586,-0.5,0.0,447.141,0.0,0.0,0.0,5.737,0,0.0,0.01,309.825,1.8887,37.02,35.44645690917969,4.98,0.0,0
46806,-1.194,75.586,0.0,0.0,447.141,0.0,0.0,0.0,5.737,0,0.0,0.0,309.825,3.8270000000000004,35.67,35.44645690917969,4.98,0.0,0
46806,-1.194,75.586,-0.5,0.0,446.899,0.0,0.0,-0.2,5.737,0,0.0,-0.01,309.825,-0.2887,35.07,35.44645690917969,4.98,0.0,0
46806,-1.364,75.586,-0.5,0.0,447.081,0.0,0.0,-0.2,5.737,0,0.0,0.0,309.825,-3.9589000000000003,34.08,35.44645690917969,4.98,0.0,0
46806,-1.0230000000000001,75.586,0.0,0.0,447.32300000000004,0.0,0.0,0.0,5.737,0,0.0,-0.005,309.825,1.1217000000000001,34.17,35.44645690917969,4.98,0.0,0
46806,-1.194,75.586,0.0,0.0,447.02,0.0,0.0,0.0,5.737,0,0.0,0.02,309.825,3.1424000000000003,34.800000000000004,35.44645690917969,4.98,0.0,0
46806,-1.0230000000000001,75.586,-0.5,0.0,447.081,0.0,0.0,0.0,5.737,0,-1.0,-0.02,309.825,-0.5279,34.53,35.44645690917969,4.98,0.0,0
46806,-1.0230000000000001,75.586,-0.5,0.0,447.141,0.0,0.0,0.2,5.737,0,0.0,-0.015,309.825,-2.4908,35.13,35.44645690917969,4.98,0.0,0
46806,-1.194,75.586,0.0,0.0,447.444,0.0,0.0,0.0,5.737,0,0.0,-0.025,309.825,0.19790000000000002,35.34,35.44645690917969,4.98,0.0,0
46806,-1.705,75.586,-0.5,0.0,447.141,0.0,0.0,0.0,5.737,0,0.0,-0.02,309.825,1.9795,35.52,35.44645690917969,4.98,0.0,0
46806,-1.194,75.586,0.5,0.0,446.839,0.0,0.0,-0.2,5.737,0,0.0,0.005,309.825,2.1114,35.37,35.44645690917969,4.98,0.0,0
46806,-1.0230000000000001,75.586,0.5,0.0,446.778,0.0,0.0,0.0,5.737,0,0.0,-0.01,309.69,-1.5588000000000002,36.03,35.44645690917969,4.98,0.0,0
46806,-1.0230000000000001,75.586,0.0,0.0,447.081,0.0,0.0,0.2,5.737,0,-1.0,0.0,309.69,1.2124000000000001,36.42,35.44645690917969,4.98,0.0,0
46806,-1.5350000000000001,75.586,0.0,0.0,446.899,0.0,0.0,-0.2,5.737,0,0.0,-0.02,309.69,-2.664,36.78,35.44645690917969,4.98,0.0,0
46806,-1.0230000000000001,75.586,0.0,0.0,447.32300000000004,0.0,0.0,-0.2,5.737,0,0.0,0.015,309.69,-1.7155,36.39,35.44645690917969,4.98,0.0,0
46806,-1.0230000000000001,75.586,0.5,0.0,447.564,0.0,0.0,0.0,5.737,0,0.0,0.015,309.69,-2.4661,35.88,35.44645690917969,4.98,0.0,0
46806,-1.364,75.586,-0.5,0.0,447.262,0.0,0.0,0.0,5.737,0,0.0,-0.06,309.825,3.7363000000000004,33.660000000000004,35.44645690917969,4.98,0.0,0
46806,-1.364,75.586,-0.5,0.0,447.141,0.0,0.0,0.2,5.737,0,0.0,-0.005,309.825,6.796200000000001,32.61,35.44645690917969,4.98,0.0,0
46806,-1.705,75.586,0.5,0.0,447.262,0.0,0.0,0.2,5.737,0,-1.0,-0.015,309.825,2.2846,32.82,35.44645690917969,4.98,0.0,0
46806,-1.0230000000000001,75.586,0.0,0.0,447.262,0.0,0.0,-0.2,5.737,0,0.0,-0.01,309.69,-5.5178,34.17,35.44645690917969,4.98,0.0,0
46806,-1.194,75.586,-0.5,0.0,447.383,0.0,0.0,0.0,5.737,0,1.0,-0.01,309.825,-3.761,35.04,35.44645690917969,4.98,0.0,0
46806,-1.194,75.586,0.0,0.0,447.32300000000004,0.0,0.0,0.0,5.737,0,0.0,-0.05,309.825,0.0,36.36,35.44645690917969,4.98,0.0,0
46806,-1.194,75.586,0.5,0.0,447.081,0.0,0.0,-0.2,5.737,0,0.0,-0.03,309.825,5.0559,36.99,35.44645690917969,4.98,0.0,0
46806,-1.0230000000000001,75.586,0.0,0.0,447.262,0.0,0.0,-0.2,5.737,0,0.0,0.0,309.825,4.396100000000001,36.6,35.44645690917969,4.98,0.0,0
46806,-1.194,75.586,0.0,0.0,447.081,0.0,0.0,0.2,5.737,0,0.0,-0.015,309.825,-3.3651,35.43,35.44645690917969,4.98,0.0,0
46806,-1.364,75.586,0.0,0.0,447.081,0.0,0.0,-0.2,5.737,0,0.0,0.0,309.825,-3.4311000000000003,35.34,35.44645690917969,4.98,0.0,0
46806,-1.364,75.586,0.5,0.0,447.262,0.0,0.0,0.0,5.737,0,0.0,-0.025,309.825,-0.39590000000000003,34.68,35.44645690917969,4.98,0.0,0
46806,-1.0230000000000001,75.586,0.0,0.0,447.444,0.0,0.0,0.0,5.737,0,0.0,-0.04,309.825,0.0,34.77,35.44645690917969,4.98,0.0,0
46806,-1.194,75.586,0.0,0.0,447.32300000000004,0.0,0.0,-0.2,5.737,0,-1.0,-0.015,309.825,-0.9238000000000001,34.980000000000004,35.44645690917969,4.98,0.0,0
46806,-1.364,75.586,0.0,0.0,447.444,0.0,0.0,0.2,5.737,0,-1.0,-0.005,309.825,2.3754,34.86,35.44645690917969,4.98,0.0,0
46806,-1.364,75.586,0.5,0.0,447.262,0.0,0.0,0.0,5.737,0,0.0,-0.015,309.69,-1.4516,34.230000000000004,35.44645690917969,4.98,0.0,0
46806,-1.364,75.586,-0.5,0.0,446.899,0.0,0.0,0.0,5.737,0,1.0,0.0,309.825,-0.7918000000000001,34.17,35.44645690917969,4.98,0.0,0
46806,-1.194,75.586,-0.5,0.0,446.96000000000004,0.0,0.0,0.2,5.737,0,0.0,-0.02,309.825,-0.132,33.480000000000004,35.44645690917969,4.98,0.0,0
46806,-1.364,75.586,0.5,0.0,446.899,0.0,0.0,-0.2,5.737,0,-1.0,-0.02,309.915,2.4743,33.63,35.44645690917969,4.98,0.0,0
46806,-1.364,75.586,0.5,0.0,447.444,0.0,0.0,0.0,5.737,0,0.0,-0.025,309.825,0.7918000000000001,34.980000000000004,35.44645690917969,4.98,0.0,0
46806,-1.0230000000000001,75.586,-0.5,0.0,447.444,0.0,0.0,0.0,5.737,0,0.0,0.04,309.69,-0.1072,35.19,35.44645690917969,4.98,0.0,0
46806,-1.5350000000000001,75.586,-0.5,0.0,447.444,0.0,0.0,0.0,5.737,0,-1.0,-0.035,309.825,-2.0455,36.9,35.44645690917969,4.98,0.0,0
46806,-1.194,75.586,-0.5,0.0,447.504,0.0,0.0,0.0,5.737,0,0.0,0.0,309.825,-0.8413,36.96,35.44645690917969,4.98,0.0,0
46806,-1.194,75.586,0.0,0.0,447.32300000000004,0.0,0.0,0.0,5.737,0,-1.0,-0.03,309.825,2.5733,36.42,35.44645690917969,4.98,0.0,0
46806,-1.194,75.586,-0.5,0.0,447.02,0.0,0.0,0.2,5.737,0,-1.0,-0.025,309.825,1.7155,36.06,35.44645690917969,4.98,0.0,0
46806,-1.194,75.586,-0.5,0.0,447.262,0.0,0.0,-0.2,5.737,0,0.0,-0.01,309.6,-3.1919,36.36,35.44645690917969,4.98,0.0,0
46806,-1.364,75.586,0.5,0.0,447.504,0.0,0.0,0.0,5.737,0,0.0,0.0,309.825,-1.3856000000000002,35.94,35.44645690917969,4.98,0.0,0
46806,-1.364,75.586,0.0,0.0,447.383,0.0,0.0,-0.2,5.737,0,-1.0,-0.005,309.69,-1.1464,35.4,35.44645690917969,4.98,0.0,0
46806,-1.0230000000000001,75.586,0.0,0.0,447.32300000000004,0.0,0.0,0.0,5.737,0,0.0,0.01,309.825,1.1464,35.43,35.44645690917969,4.98,0.0,0
46806,-1.194,75.586,0.0,0.0,447.262,0.0,0.0,0.0,5.737,0,-1.0,-0.025,309.825,2.4413,35.43,35.44645690917969,4.98,0.0,0
46806,-1.0230000000000001,75.586,0.0,0.0,447.081,0.0,0.0,0.0,5.737,0,-1.0,0.01,309.69,-1.0557,34.44,35.44645690917969,4.98,0.0,0
46806,-1.5350000000000001,75.586,0.5,0.0,447.262,0.0,0.0,0.0,5.737,0,0.0,-0.02,309.825,-3.1672000000000002,34.14,35.44645690917969,4.98,0.0,0
46806,-1.0230000000000001,75.586,-0.5,0.0,447.081,0.0,0.0,-0.2,5.737,0,0.0,0.0,309.69,-0.5691,34.65,35.44645690917969,4.98,0.0,0
46806,-1.364,75.586,0.5,0.0,447.262,0.0,0.0,0.2,5.737,0,0.0,0.025,309.915,3.5878,35.160000000000004,35.44645690917969,4.98,0.0,0
46806,-1.364,75.586,0.0,0.0,447.444,0.0,0.0,0.0,5.737,0,0.0,0.0,309.69,2.664,36.36,35.44645690917969,4.98,0.0,0
46806,-1.0230000000000001,75.586,-0.5,0.0,447.262,0.0,0.0,-0.2,5.737,0,0.0,-0.01,309.915,1.963,37.56,35.44645690917969,4.98,0.0,0
46806,-1.0230000000000001,75.586,0.0,0.0,447.081,0.0,0.0,0.2,5.737,0,-1.0,0.0,309.915,-4.024900000000001,37.5,35.44645690917969,4.98,0.0,0
46806,-1.194,75.586,0.0,0.0,446.899,0.0,0.0,0.0,5.737,0,0.0,-0.02,309.825,0.2639,36.69,35.44645690917969,4.98,0.0,0
46806,-0.853,75.586,0.0,0.0,447.202,0.0,0.0,0.0,5.737,0,0.0,0.0,309.825,1.5341,35.67,35.44645690917969,4.98,0.0,0
46806,-1.364,75.586,0.5,0.0,447.202,0.0,0.0,0.2,5.737,0,-1.0,-0.04,309.825,2.4413,35.64,35.44645690917969,4.98,0.0,0
46806,-1.5350000000000001,75.586,-0.5,0.0,446.718,0.0,0.0,0.0,5.737,0,0.0,-0.005,309.825,0.132,35.61,35.44645690917969,4.98,0.0,0
46806,-1.0230000000000001,75.586,0.0,0.0,446.778,0.0,0.0,-0.2,5.737,0,-2.0,-0.005,309.69,-3.0682,35.22,35.44645690917969,4.98,0.0,0
46806,-1.0230000000000001,75.586,0.5,0.0,446.96000000000004,0.0,0.0,0.0,5.737,0,0.0,-0.025,309.825,-0.7918000000000001,35.64,35.44645690917969,4.98,0.0,0
46806,-1.0230000000000001,75.586,0.0,0.0,447.444,0.0,0.0,0.0,5.737,0,0.0,0.005,309.825,3.1672000000000002,35.64,35.44645690917969,4.98,0.0,0
46806,-1.194,75.586,0.0,0.0,447.202,0.0,0.0,0.0,5.737,0,0.0,0.005,309.825,2.7713,35.04,35.44645690917969,4.98,0.0,0
46806,-1.194,75.586,0.5,0.0,447.202,0.0,0.0,0.0,5.737,0,0.0,0.015,309.69,1.1547,33.96,35.44645690917969,4.98,0.0,0
46806,-1.194,75.586,0.5,0.0,447.383,0.0,0.0,-0.2,5.737,0,0.0,-0.075,309.915,0.6598,33.96,35.44645690917969,4.98,0.0,0
46806,-1.194,75.586,0.0,0.0,447.262,0.0,0.0,0.0,5.737,0,0.0,0.025,309.825,-1.3196,34.44,35.44645690917969,4.98,0.0,0
46806,-1.194,75.586,0.5,0.0,447.444,0.0,0.0,0.2,5.737,0,0.0,-0.005,309.915,4.486800000000001,35.82,35.44645690917969,4.98,0.0,0
46806,-1.0230000000000001,75.586,0.0,0.0,447.383,0.0,0.0,0.2,5.737,0,0.0,0.015,309.915,1.8475000000000001,36.81,35.44645690917969,4.98,0.0,0
46806,-1.194,75.586,0.0,0.0,447.444,0.0,0.0,-0.2,5.737,0,0.0,0.0,309.69,-2.7713,37.08,35.44645690917969,4.98,0.0,0
46806,-1.364,75.586,-0.5,0.0,447.383,0.0,0.0,0.0,5.737,0,-1.0,0.015,309.825,-4.6848,36.54,35.44645690917969,4.98,0.0,0
46806,-1.194,75.586,0.0,0.0,447.02,0.0,0.0,0.2,5.737,0,0.0,-0.035,309.825,-1.0557,36.27,35.44645690917969,4.98,0.0,0
46806,-1.364,75.586,-0.5,0.0,447.383,0.0,0.0,0.2,5.737,0,-1.0,-0.02,309.825,3.0682,35.910000000000004,35.44645690917969,4.98,0.0,0
46806,-1.364,75.586,0.0,0.0,446.899,0.0,0.0,0.2,5.737,0,0.0,-0.005,309.825,-1.3196,35.22,35.44645690917969,4.98,0.0,0
46806,-1.5350000000000001,75.586,0.0,0.0,446.899,0.0,0.0,0.2,5.737,0,0.0,0.0,309.825,0.0,35.1,35.44645690917969,4.98,0.0,0
46806,-1.194,75.586,0.0,0.0,447.081,0.0,0.0,0.0,5.737,0,-1.0,0.0,309.69,-1.4516,34.86,35.44645690917969,4.98,0.0,0
46806,-1.0230000000000001,75.586,0.0,0.0,447.202,0.0,0.0,0.0,5.737,0,0.0,0.04,309.825,0.7918000000000001,34.32,35.44645690917969,4.98,0.0,0
46806,-1.364,75.586,-0.5,0.0,447.262,0.0,0.0,0.0,5.737,0,-1.0,0.005,309.915,1.3196,34.83,35.44645690917969,4.98,0.0,0
46806,-1.364,75.586,0.0,0.0,447.262,0.0,0.0,0.2,5.737,0,0.0,-0.07,309.69,-2.1114,34.89,35.44645690917969,4.98,0.0,0
46806,-1.0230000000000001,75.586,0.0,0.0,447.32300000000004,0.0,0.0,-0.2,5.737,0,-1.0,-0.04,309.69,-2.3754,36.0,35.44645690917969,4.98,0.0,0
46806,-1.0230000000000001,75.586,0.5,0.0,447.625,0.0,0.0,0.0,5.737,0,-1.0,-0.02,309.825,0.066,36.27,35.44645690917969,4.98,0.0,0
46806,-1.194,75.586,-0.5,0.0,447.32300000000004,0.0,0.0,-0.2,5.737,0,0.0,0.01,309.825,4.6188,36.6,35.44645690917969,4.98,0.0,0
46806,-1.705,75.586,0.0,0.0,447.383,0.0,0.0,0.0,5.737,0,-1.0,-0.035,309.825,3.596,36.81,35.44645690917969,4.98,0.0,0
46806,-1.194,75.586,-0.5,0.0,447.383,0.0,0.0,0.2,5.737,0,0.0,-0.02,309.825,2.5486,36.69,35.44645690917969,4.98,0.0,0
46806,-1.0230000000000001,75.586,0.0,0.0,447.32300000000004,0.0,0.0,0.2,5.737,0,0.0,0.0,309.915,-4.305400000000001,36.300000000000004,35.44645690917969,4.98,0.0,0
46806,-0.853,75.586,0.0,0.0,447.141,0.0,0.0,0.2,5.737,0,-1.0,-0.02,309.915,-1.6661000000000001,36.12,35.44645690917969,4.98,0.0,0
46806,-1.0230000000000001,75.586,0.5,0.0,447.202,0.0,0.0,0.0,5.737,0,0.0,-0.015,309.825,0.2639,36.6,35.44645690917969,4.98,0.0,0
46806,-1.194,75.586,0.0,0.0,447.262,0.0,0.0,0.0,5.737,0,0.0,-0.01,309.825,-0.8825000000000001,35.46,35.44645690917969,4.98,0.0,0
46806,-1.0230000000000001,75.586,0.5,0.0,447.262,0.0,0.0,0.0,5.737,0,0.0,0.0,309.825,-3.1507,35.1,35.44645690917969,4.98,0.0,0
46806,-1.364,75.586,0.0,0.0,447.141,0.0,0.0,0.2,5.737,0,0.0,0.0,309.825,-2.4001,34.95,35.44645690917969,4.98,0.0,0
46806,-1.0230000000000001,75.586,0.0,0.0,447.202,0.0,0.0,0.0,5.737,0,1.0,0.0,309.915,5.3941,34.89,35.44645690917969,4.98,0.0,0
46806,-1.194,75.586,0.0,0.0,447.444,0.0,0.0,0.0,5.737,0,-1.0,-0.025,309.69,0.8165,34.71,35.44645690917969,4.98,0.0,0
46806,-1.364,75.586,0.0,0.0,446.899,0.0,0.0,0.0,5.737,0,0.0,-0.025,309.825,-8.1158,34.62,35.44645690917969,4.98,0.0,0
46806,-1.0230000000000001,75.586,-0.5,0.0,447.02,0.0,0.0,0.0,5.737,0,0.0,0.005,309.69,-5.9632000000000005,35.64,35.44645690917969,4.98,0.0,0
46806,-1.0230000000000001,75.586,0.0,0.0,447.081,0.0,0.0,-0.2,5.737,0,0.0,-0.05,309.69,4.9487000000000005,36.18,35.44645690917969,4.98,0.0,0
46806,-1.705,75.586,0.0,0.0,447.02,0.0,0.0,0.2,5.737,0,0.0,-0.025,309.825,-0.1567,36.480000000000004,35.44645690917969,4.98,0.0,0
46806,-1.0230000000000001,75.586,0.0,0.0,447.141,0.0,0.0,-0.2,5.737,0,-1.0,-0.035,309.915,1.6083,36.51,35.44645690917969,4.98,0.0,0
46806,-1.0230000000000001,75.586,0.0,0.0,447.444,0.0,0.0,0.0,5.737,0,0.0,0.02,309.825,3.1012,36.72,35.44645690917969,4.98,0.0,0
46806,-1.0230000000000001,75.586,0.0,0.0,447.383,0.0,0.0,0.2,5.737,0,0.0,-0.02,309.825,0.5938,36.9,35.44645690917969,4.98,0.0,0
46806,-1.364,75.586,0.0,0.0,447.564,0.0,0.0,0.0,5.737,0,0.0,-0.015,309.825,-2.2434000000000003,36.12,35.44645690917969,4.98,0.0,0
46806,-1.0230000000000001,75.586,0.0,0.0,447.504,0.0,0.0,-0.2,5.737,0,0.0,0.055,309.825,-3.0352,35.79,35.44645690917969,4.98,0.0,0
46806,-1.0230000000000001,75.586,0.0,0.0,447.504,0.0,0.0,0.2,5.737,0,0.0,-0.025,309.69,-1.097,35.25,35.44645690917969,4.98,0.0,0
46806,-1.0230000000000001,75.586,0.5,0.0,447.746,0.0,0.0,0.0,5.737,0,0.0,0.0,309.69,-1.4516,35.19,35.44645690917969,4.98,0.0,0
46806,-1.364,75.586,0.0,0.0,447.625,0.0,0.0,0.2,5.737,0,0.0,-0.02,309.69,0.3629,34.62,35.44645690917969,4.98,0.0,0
46806,-1.5350000000000001,75.586,0.0,0.0,447.262,0.0,0.0,-0.2,5.737,0,0.0,-0.005,309.915,1.8475000000000001,34.35,35.44645690917969,4.98,0.0,0
46806,-1.0230000000000001,75.586,0.0,0.0,447.081,0.0,0.0,0.2,5.737,0,0.0,-0.04,309.915,2.7383,34.5,35.44645690917969,4.98,0.0,0
46806,-1.194,75.586,-0.5,0.0,447.02,0.0,0.0,-0.2,5.737,0,-1.0,0.015,309.825,1.0557,35.4,35.44645690917969,4.98,0.0,0
46806,-1.0230000000000001,75.586,0.0,0.0,447.383,0.0,0.0,0.0,5.737,0,0.0,0.0,309.825,-1.5176,35.82,35.44645690917969,4.98,0.0,0
46806,-0.853,75.586,0.0,0.0,447.444,0.0,0.0,0.0,5.737,0,0.0,-0.025,309.69,-2.9032,36.39,35.44645690917969,4.98,0.0,0
46806,-1.194,75.586,0.5,0.0,447.504,0.0,0.0,0.0,5.737,0,1.0,-0.03,309.825,-2.3754,36.45,35.44645690917969,4.98,0.0,0
46806,-1.0230000000000001,75.586,0.5,0.0,447.32300000000004,0.0,0.0,0.2,5.737,0,0.0,-0.01,309.825,-0.7918000000000001,36.03,35.44645690917969,4.98,0.0,0
46806,-1.364,75.586,-0.5,0.0,447.262,0.0,0.0,0.0,5.737,0,0.0,-0.035,309.825,2.5403000000000002,35.7,35.44645690917969,4.98,0.0,0
46806,-1.0230000000000001,75.586,0.5,0.0,447.202,0.0,0.0,0.0,5.737,0,0.0,-0.005,309.915,3.563,35.550000000000004,35.44645690917969,4.98,0.0,0
46806,-1.0230000000000001,75.586,-0.5,0.0,447.444,0.0,0.0,0.2,5.737,0,0.0,-0.01,309.825,0.5279,35.94,35.44645690917969,4.98,0.0,0
46806,-1.0230000000000001,75.586,0.0,0.0,447.141,0.0,0.0,0.0,5.737,0,0.0,0.005,309.69,-3.2991,36.06,35.44645690917969,4.98,0.0,0
46806,-1.194,75.586,0.5,0.0,447.141,0.0,0.0,0.2,5.737,0,0.0,-0.045,309.825,-0.19790000000000002,34.92,35.44645690917969,4.98,0.0,0
46806,-1.0230000000000001,75.586,0.0,0.0,447.625,0.0,0.0,-0.2,5.737,0,0.0,-0.005,309.69,-1.5836000000000001,34.02,35.44645690917969,4.98,0.0,0
46806,-1.194,75.586,0.0,0.0,447.625,0.0,0.0,0.0,5.737,0,0.0,-0.025,309.825,-4.3218000000000005,33.51,35.44645690917969,4.98,0.0,0
46806,-1.364,75.586,0.0,0.0,447.564,0.0,0.0,0.0,5.737,0,0.0,-0.025,309.915,2.6393,33.3,35.44645690917969,4.98,0.0,0
46806,-1.0230000000000001,75.586,0.0,0.0,447.141,0.0,0.0,0.2,5.737,0,-1.0,0.0,309.825,3.596,34.56,35.44645690917969,4.98,0.0,0
46806,-1.364,75.586,0.0,0.0,447.32300000000004,0.0,0.0,0.0,5.737,0,0.0,-0.01,309.915,3.0352,36.36,35.44645690917969,4.98,0.0,0
46806,-1.0230000000000001,75.586,-0.5,0.0,447.564,0.0,0.0,0.0,5.737,0,-1.0,0.03,309.69,0.9567,36.78,35.44645690917969,4.98,0.0,0
46806,-1.194,75.586,0.0,0.0,447.32300000000004,0.0,0.0,0.0,5.737,0,0.0,0.0,309.69,-5.806500000000001,35.88,35.44645690917969,4.98,0.0,0
46806,-1.0230000000000001,75.586,0.0,0.0,447.625,0.0,0.0,0.2,5.737,0,0.0,-0.01,309.69,-1.9465000000000001,35.550000000000004,35.44645690917969,4.98,0.0,0
46806,-1.194,75.586,0.0,0.0,447.504,0.0,0.0,0.0,5.737,0,0.0,0.01,309.69,-1.7155,35.34,35.44645690917969,4.98,0.0,0
46806,-1.0230000000000001,75.586,0.0,0.0,447.02,0.0,0.0,0.2,5.737,0,0.0,0.045,309.915,-0.9567,35.67,35.44645690917969,4.98,0.0,0
46806,-1.194,75.586,0.0,0.0,447.383,0.0,0.0,0.0,5.737,0,0.0,-0.045,309.825,6.334300000000001,36.51,35.44645690917969,4.98,0.0,0
46806,-1.194,75.586,0.0,0.0,447.32300000000004,0.0,0.0,0.2,5.737,0,0.0,0.0,309.825,2.5403000000000002,36.09,35.44645690917969,4.98,0.0,0
46806,-1.0230000000000001,75.586,0.0,0.0,447.444,0.0,0.0,-0.2,5.737,0,0.0,-0.015,309.825,-1.1877,34.980000000000004,35.44645690917969,4.98,0.0,0
46806,-0.853,75.586,0.0,0.0,447.383,0.0,0.0,-0.2,5.737,0,-1.0,-0.035,309.69,-0.165,34.14,35.44645690917969,4.98,0.0,0
46806,-1.0230000000000001,75.586,0.0,0.0,447.383,0.0,0.0,0.0,5.737,0,0.0,-0.015,309.69,-3.2991,33.21,35.44645690917969,4.98,0.0,0
46806,-1.0230000000000001,75.586,-0.5,0.0,447.02,0.0,0.0,0.2,5.737,0,0.0,0.01,309.825,0.0,32.58,35.44645690917969,4.98,0.0,0
46806,-1.0230000000000001,75.586,0.0,0.0,447.081,0.0,0.0,-0.2,5.737,0,0.0,-0.02,309.825,3.2991,34.02,35.44645690917969,4.98,0.0,0
46806,-1.194,75.586,-0.5,0.0,447.081,0.0,0.0,-0.2,5.737,0,0.0,-0.015,309.69,2.1774,34.14,35.44645690917969,4.98,0.0,0
46806,-1.194,75.586,-0.5,0.0,447.081,0.0,0.0,-0.2,5.737,0,-1.0,-0.005,309.825,-2.73,35.67,35.44645690917969,4.98,0.0,0
46806,-1.0230000000000001,75.586,0.0,0.0,447.444,0.0,0.0,0.0,5.737,0,0.0,0.005,309.825,1.5836000000000001,36.9,35.44645690917969,4.98,0.0,0
46806,-1.364,75.586,0.0,0.0,447.444,0.0,0.0,-0.2,5.737,0,0.0,-0.01,309.825,4.2229,37.38,35.44645690917969,4.98,0.0,0
46806,-1.194,75.586,0.0,0.0,447.262,0.0,0.0,-0.2,5.737,0,0.0,-0.01,309.825,0.2639,36.9,35.44645690917969,4.98,0.0,0
46806,-1.0230000000000001,75.586,0.0,0.0,447.081,0.0,0.0,-0.2,5.737,0,0.0,0.01,309.825,-1.7815,35.67,35.44645690917969,4.98,0.0,0
46806,-1.194,75.586,0.0,0.0,447.262,0.0,0.0,-0.2,5.737,0,0.0,-0.03,309.825,-1.1217000000000001,35.46,35.44645690917969,4.98,0.0,0
46806,-1.0230000000000001,75.586,-0.5,0.0,447.202,0.0,0.0,0.0,5.737,0,-1.0,0.025,309.825,1.2702,35.52,35.44645690917969,4.98,0.0,0
46806,-1.0230000000000001,75.586,0.0,0.0,447.141,0.0,0.0,0.2,5.737,0,0.0,0.0,309.915,0.5114000000000001,35.67,35.44645690917969,4.98,0.0,0
46806,-1.194,75.586,-0.5,0.0,446.778,0.0,0.0,-0.2,5.737,0,0.0,0.04,309.825,0.9238000000000001,34.95,35.44645690917969,4.98,0.0,0
46806,-1.194,75.586,0.0,0.0,447.202,0.0,0.0,-0.2,5.737,0,0.0,-0.02,309.915,0.1155,33.36,35.44645690917969,4.98,0.0,0
46806,-1.0230000000000001,75.586,0.0,0.0,447.383,0.0,0.0,0.0,5.737,0,0.0,0.025,309.825,-0.7918000000000001,32.79,35.44645690917969,4.98,0.0,0
46806,-1.0230000000000001,75.586,0.0,0.0,447.32300000000004,0.0,0.0,-0.2,5.737,0,0.0,-0.025,309.69,-3.7363000000000004,33.06,35.44645690917969,4.98,0.0,0
46806,-1.194,75.586,0.0,0.0,447.081,0.0,0.0,-0.2,5.737,0,0.0,-0.01,309.69,-8.0251,33.87,35.44645690917969,4.98,0.0,0
46806,-1.0230000000000001,75.586,0.0,0.0,447.141,0.0,0.0,0.2,5.737,0,0.0,-0.005,309.69,1.7403000000000002,35.43,35.44645690917969,4.98,0.0,0
46806,-1.0230000000000001,75.586,-0.5,0.0,447.081,0.0,0.0,0.2,5.737,0,0.0,-0.01,309.825,5.1219,36.27,35.44645690917969,4.98,0.0,0
46806,-1.194,75.586,0.5,0.0,446.839,0.0,0.0,0.0,5.737,0,0.0,-0.03,309.825,0.0412,35.85,35.44645690917969,4.98,0.0,0
46806,-1.0230000000000001,75.586,0.0,0.0,447.081,0.0,0.0,0.0,5.737,0,-1.0,0.04,309.825,3.7115,35.94,35.44645690917969,4.98,0.0,0
46806,-1.0230000000000001,75.586,0.5,0.0,447.262,0.0,0.0,0.0,5.737,0,0.0,0.0,309.825,2.2434000000000003,35.25,35.44645690917969,4.98,0.0,0
46806,-1.194,75.586,-0.5,0.0,447.262,0.0,0.0,-0.2,5.737,0,0.0,0.0,309.825,-0.5938,35.04,35.44645690917969,4.98,0.0,0
46806,-0.853,75.586,0.0,0.0,447.081,0.0,0.0,0.0,5.737,0,0.0,-0.065,309.69,0.48660000000000003,35.160000000000004,35.44645690917969,4.98,0.0,0
46806,-1.5350000000000001,75.586,0.0,0.0,447.081,0.0,0.0,0.2,5.737,0,0.0,-0.005,309.825,-0.4454,34.800000000000004,35.44645690917969,4.98,0.0,0
46806,-1.194,75.586,0.0,0.0,447.32300000000004,0.0,0.0,0.0,5.737,0,0.0,-0.02,309.825,0.7258,34.230000000000004,35.44645690917969,4.98,0.0,0
46806,-1.0230000000000001,75.586,0.5,0.0,447.32300000000004,0.0,0.0,0.2,5.737,0,0.0,-0.005,309.69,0.6846,33.75,35.44645690917969,4.98,0.0,0
46806,-1.194,75.586,0.0,0.0,447.383,0.0,0.0,-0.2,5.737,0,-1.0,-0.055,309.825,-2.6393,33.36,35.44645690917969,4.98,0.0,0
46806,-1.0230000000000001,75.586,-0.5,0.0,447.141,0.0,0.0,0.2,5.737,0,0.0,-0.005,309.825,-2.1774,33.06,35.44645690917969,4.98,0.0,0
46806,-1.194,75.586,0.5,0.0,447.081,0.0,0.0,0.0,5.737,0,-1.0,-0.06,309.825,4.1321,33.0,35.44645690917969,4.98,0.0,0
46806,-1.0230000000000001,75.586,0.0,0.0,447.262,0.0,0.0,0.0,5.737,0,-1.0,0.01,309.825,3.2331000000000003,33.72,35.44645690917969,4.98,0.0,0
46806,-1.0230000000000001,75.586,-0.5,0.0,447.383,0.0,0.0,0.2,5.737,0,0.0,0.035,309.825,0.132,35.13,35.44645690917969,4.98,0.0,0
46806,-1.0230000000000001,75.586,0.0,0.0,447.262,0.0,0.0,0.0,5.737,0,0.0,0.0,309.825,-3.3651,36.0,35.44645690917969,4.98,0.0,0
46806,-0.853,75.586,-0.5,0.0,446.96000000000004,0.0,0.0,0.0,5.737,0,0.0,-0.01,309.915,0.3134,36.15,35.44645690917969,4.98,0.0,0
46806,-1.0230000000000001,75.586,0.0,0.0,446.96000000000004,0.0,0.0,-0.2,5.737,0,0.0,-0.035,309.915,0.9897,36.06,35.44645690917969,4.98,0.0,0
46806,-1.0230000000000001,75.586,0.0,0.0,447.081,0.0,0.0,0.0,5.737,0,0.0,-0.02,309.825,4.0909,36.06,35.44645690917969,4.98,0.0,0
46806,-1.0230000000000001,75.586,-0.5,0.0,447.081,0.0,0.0,0.0,5.737,0,0.0,-0.005,309.825,-0.5279,35.28,35.44645690917969,4.98,0.0,0
46806,-1.0230000000000001,75.586,0.0,0.0,447.262,0.0,0.0,0.0,5.737,0,-1.0,-0.005,309.825,-3.1672000000000002,35.22,35.44645690917969,4.98,0.0,0
46806,-0.682,75.586,0.0,0.0,447.444,0.0,0.0,0.0,5.737,0,0.0,-0.05,309.915,0.9897,34.95,35.44645690917969,4.98,0.0,0
46806,-1.0230000000000001,75.586,0.0,0.0,447.262,0.0,0.0,0.0,5.737,0,0.0,-0.07,309.825,-1.1877,34.14,35.44645690917969,4.98,0.0,0
46806,-1.194,75.586,0.5,0.0,447.444,0.0,0.0,0.0,5.737,0,-1.0,-0.035,309.825,-0.5279,34.14,35.44645690917969,4.98,0.0,0
46806,-0.853,75.586,0.0,0.0,447.141,0.0,0.0,0.0,5.737,0,0.0,0.005,309.825,0.132,34.53,35.44645690917969,4.98,0.0,0
46806,-1.0230000000000001,75.586,0.5,0.0,446.778,0.0,0.0,0.0,5.737,0,0.0,-0.03,309.825,1.0557,33.45,35.44645690917969,4.98,0.0,0
46806,-1.0230000000000001,75.586,-0.5,0.0,446.96000000000004,0.0,0.0,0.0,5.737,0,0.0,-0.07,309.825,1.0557,33.9,35.44645690917969,4.98,0.0,0
46806,-1.0230000000000001,75.586,0.0,0.0,447.141,0.0,0.0,0.0,5.737,0,0.0,-0.03,309.825,-3.1672000000000002,34.59,35.44645690917969,4.98,0.0,0
46806,-1.194,75.586,0.5,0.0,447.081,0.0,0.0,0.0,5.737,0,-1.0,-0.05,309.825,0.39590000000000003,35.910000000000004,35.44645690917969,4.98,0.0,0
46806,-1.194,75.586,0.0,0.0,447.262,0.0,0.0,0.0,5.737,0,0.0,-0.015,309.825,3.9589000000000003,36.15,35.44645690917969,4.98,0.0,0
46806,-0.853,75.586,0.5,0.0,447.262,0.0,0.0,0.0,5.737,0,0.0,-0.01,309.825,3.8930000000000002,36.21,35.44645690917969,4.98,0.0,0
46806,-0.853,75.586,0.0,0.0,446.899,0.0,0.0,0.0,5.737,0,-1.0,0.005,309.915,-0.8083,36.54,35.44645690917969,4.98,0.0,0
46806,-1.194,75.586,0.0,0.0,447.141,0.0,0.0,0.0,5.737,0,-1.0,-0.005,309.825,-0.2639,36.27,35.44645690917969,4.98,0.0,0
46806,-1.0230000000000001,75.586,-0.5,0.0,447.202,0.0,0.0,0.0,5.737,0,0.0,0.005,309.825,-2.9692000000000003,35.67,35.44645690917969,4.98,0.0,0
46806,-1.0230000000000001,75.586,0.5,0.0,446.899,0.0,0.0,0.0,5.737,0,0.0,-0.025,309.825,-4.486800000000001,34.800000000000004,35.44645690917969,4.98,0.0,0
46806,-1.0230000000000001,75.586,-0.5,0.0,446.96000000000004,0.0,0.0,0.2,5.737,0,0.0,0.065,309.825,1.1217000000000001,34.74,35.44645690917969,4.98,0.0,0
46806,-0.853,75.586,0.0,0.0,447.262,0.0,0.0,0.2,5.737,0,-1.0,-0.015,309.69,-2.6393,34.68,35.44645690917969,4.98,0.0,0
46806,-1.5350000000000001,75.586,0.0,0.0,447.383,0.0,0.0,0.0,5.737,0,0.0,-0.005,309.915,-1.3361,34.14,35.44645690917969,4.98,0.0,0
46806,-1.0230000000000001,75.586,0.0,0.0,447.02,0.0,0.0,0.0,5.737,0,0.0,-0.005,309.825,2.3919,34.17,35.44645690917969,4.98,0.0,0
46806,-1.0230000000000001,75.586,0.0,0.0,446.839,0.0,0.0,-0.2,5.737,0,0.0,0.005,309.915,-0.1072,34.230000000000004,35.44645690917969,4.98,0.0,0
46806,-1.194,75.586,0.0,0.0,446.899,0.0,0.0,0.0,5.737,0,-1.0,0.0,309.69,-3.7363000000000004,34.53,35.44645690917969,4.98,0.0,0
46806,-1.0230000000000001,75.586,0.5,0.0,447.081,0.0,0.0,-0.2,5.737,0,-1.0,-0.01,309.69,-1.3609,34.980000000000004,35.44645690917969,4.98,0.0,0
46806,-0.853,75.586,0.0,0.0,447.444,0.0,0.0,0.2,5.737,0,0.0,-0.06,309.915,1.2784,36.03,35.44645690917969,4.98,0.0,0
46806,-1.194,75.586,0.0,0.0,447.081,0.0,0.0,0.2,5.737,0,-1.0,-0.06,309.825,5.9797,36.21,35.44645690917969,4.98,0.0,0
46806,-1.194,75.586,0.0,0.0,446.839,0.0,0.0,0.0,5.737,0,0.0,0.0,309.69,1.8475000000000001,36.27,35.44645690917969,4.98,0.0,0
46806,-1.0230000000000001,75.586,0.0,0.0,447.081,0.0,0.0,0.0,5.737,0,0.0,-0.055,309.69,-3.3239,36.0,35.44645690917969,4.98,0.0,0
46806,-1.0230000000000001,75.586,0.0,0.0,446.899,0.0,0.0,0.2,5.737,0,0.0,0.0,309.825,-1.7155,36.03,35.44645690917969,4.98,0.0,0
46806,-1.194,75.586,0.0,0.0,446.718,0.0,0.0,0.0,5.737,0,1.0,-0.045,309.825,-0.0907,36.24,35.44645690917969,4.98,0.0,0
46806,-0.853,75.586,0.0,0.0,446.658,0.0,0.0,-0.2,5.737,0,0.0,-0.07,309.825,1.8475000000000001,35.49,35.44645690917969,4.98,0.0,0
46806,-1.194,75.586,0.0,0.0,446.718,0.0,0.0,0.2,5.737,0,0.0,-0.035,309.69,-2.6146000000000003,34.56,35.44645690917969,4.98,0.0,0
46806,-1.0230000000000001,75.586,0.0,0.0,446.899,0.0,0.0,0.2,5.737,0,0.0,-0.005,309.825,-2.5981,34.35,35.44645690917969,4.98,0.0,0
46806,-1.0230000000000001,75.586,0.0,0.0,446.839,0.0,0.0,0.2,5.737,0,0.0,-0.005,309.825,4.2889,33.75,35.44645690917969,4.98,0.0,0
46806,-1.0230000000000001,75.586,0.0,0.0,446.839,0.0,0.0,0.0,5.737,0,0.0,-0.05,309.825,4.7507,33.660000000000004,35.44645690917969,4.98,0.0,0
46806,-0.853,75.586,-0.5,0.0,447.081,0.0,0.0,0.0,5.737,0,0.0,0.0,309.6,0.39590000000000003,33.81,35.44645690917969,4.98,0.0,0
46806,-1.5350000000000001,75.586,-0.5,0.0,447.444,0.0,0.0,0.0,5.737,0,0.0,-0.03,309.825,-3.9589000000000003,35.01,35.44645690917969,4.98,0.0,0
46806,-1.0230000000000001,75.586,0.0,0.0,447.081,0.0,0.0,0.0,5.737,0,-1.0,-0.005,309.825,2.3754,36.15,35.44645690917969,4.98,0.0,0
46806,-1.0230000000000001,75.586,0.0,0.0,447.081,0.0,0.0,0.0,5.737,0,-2.0,0.01,309.825,2.4743,36.45,35.44645690917969,4.98,0.0,0
46806,-1.194,75.586,0.0,0.0,447.081,0.0,0.0,0.0,5.737,0,-1.0,-0.035,309.825,-2.3754,36.54,35.44645690917969,4.98,0.0,0
46806,-1.194,75.586,0.0,0.0,447.02,0.0,0.0,0.0,5.737,0,0.0,0.0,309.915,0.19790000000000002,36.42,35.44645690917969,4.98,0.0,0
46806,-1.194,75.586,0.0,0.0,446.899,0.0,0.0,-0.2,5.737,0,-1.0,-0.06,309.825,0.39590000000000003,36.03,35.44645690917969,4.98,0.0,0
46806,-1.0230000000000001,75.586,0.0,0.0,447.202,0.0,0.0,0.0,5.737,0,0.0,-0.045,309.69,2.2104,36.45,35.44645690917969,4.98,0.0,0
46806,-1.364,75.586,0.0,0.0,446.96000000000004,0.0,0.0,-0.2,5.737,0,0.0,-0.03,309.825,-1.0557,36.03,35.44645690917969,4.98,0.0,0
46806,-1.0230000000000001,75.586,0.0,0.0,446.718,0.0,0.0,0.0,5.737,0,0.0,0.03,309.825,-0.2639,35.43,35.44645690917969,4.98,0.0,0
46806,-1.0230000000000001,75.586,0.0,0.0,446.778,0.0,0.0,0.0,5.737,0,0.0,-0.03,309.825,1.0557,34.77,35.44645690917969,4.98,0.0,0
46806,-1.0230000000000001,75.586,0.0,0.0,446.839,0.0,0.0,0.0,5.737,0,0.0,0.005,309.825,0.5279,33.84,35.44645690917969,4.98,0.0,0
46806,-1.0230000000000001,75.586,0.0,0.0,446.96000000000004,0.0,0.0,0.2,5.737,0,-1.0,0.01,309.825,2.2434000000000003,33.3,35.44645690917969,4.98,0.0,0
46806,-1.0230000000000001,75.586,0.0,0.0,446.899,0.0,0.0,0.0,5.737,0,0.0,0.045,309.825,-1.0557,33.93,35.44645690917969,4.98,0.0,0
46806,-0.682,75.586,0.0,0.0,446.778,0.0,0.0,0.0,5.737,0,0.0,0.005,309.825,-1.3196,34.65,35.44645690917969,4.98,0.0,0
46806,-0.853,75.586,0.5,0.0,446.778,0.0,0.0,-0.2,5.737,0,1.0,-0.005,309.915,2.3094,35.97,35.44645690917969,4.98,0.0,0
46806,-1.0230000000000001,75.586,0.5,0.0,446.96000000000004,0.0,0.0,0.0,5.737,0,0.0,-0.02,309.825,0.7918000000000001,37.11,35.44645690917969,4.98,0.0,0
46806,-0.682,75.586,0.0,0.0,447.02,0.0,0.0,0.2,5.737,0,0.0,-0.025,309.825,-2.9032,37.980000000000004,35.44645690917969,4.98,0.0,0
46806,-1.0230000000000001,75.586,0.0,0.0,447.141,0.0,0.0,-0.2,5.737,0,0.0,0.01,309.825,-0.2639,37.26,35.44645690917969,4.98,0.0,0
46806,-1.0230000000000001,75.586,0.0,0.0,446.899,0.0,0.0,0.0,5.737,0,0.0,-0.025,309.915,3.629,36.27,35.44645690917969,4.98,0.0,0
46806,-1.0230000000000001,75.586,0.5,0.0,446.778,0.0,0.0,0.0,5.737,0,-1.0,-0.02,309.825,0.5279,35.34,35.44645690917969,4.98,0.0,0
46806,-1.194,75.586,0.0,0.0,446.778,0.0,0.0,0.0,5.737,0,0.0,0.0,309.69,-0.5031,35.28,35.44645690917969,4.98,0.0,0
46806,-1.0230000000000001,75.586,0.5,0.0,446.718,0.0,0.0,0.2,5.737,0,0.0,-0.025,309.915,-4.5033,35.76,35.44645690917969,4.98,0.0,0
46806,-1.0230000000000001,75.586,0.0,0.0,446.778,0.0,0.0,0.2,5.737,0,0.0,-0.005,309.69,-1.1464,35.88,35.44645690917969,4.98,0.0,0
46806,-1.194,75.586,0.0,0.0,446.899,0.0,0.0,-0.2,5.737,0,0.0,-0.025,309.69,0.1567,35.85,35.44645690917969,4.98,0.0,0
46806,-1.0230000000000001,75.586,0.0,0.0,446.839,0.0,0.0,0.0,5.737,0,0.0,0.01,309.825,-0.6433,36.09,35.44645690917969,4.98,0.0,0
46806,-1.0230000000000001,75.586,0.0,0.0,446.778,0.0,0.0,0.0,5.737,0,0.0,-0.015,309.825,3.4311000000000003,34.95,35.44645690917969,4.98,0.0,0
46806,-0.682,75.586,0.0,0.0,446.96000000000004,0.0,0.0,0.2,5.737,0,-1.0,-0.035,309.69,1.1217000000000001,34.410000000000004,35.44645690917969,4.98,0.0,0
46806,-1.0230000000000001,75.586,0.0,0.0,447.141,0.0,0.0,0.0,5.737,0,0.0,-0.015,309.69,-3.6703,34.17,35.44645690917969,4.98,0.0,0
46806,-1.0230000000000001,75.586,0.5,0.0,446.96000000000004,0.0,0.0,0.0,5.737,0,-1.0,-0.05,309.825,-0.132,35.28,35.44645690917969,4.98,0.0,0
46806,-1.0230000000000001,75.586,0.0,0.0,446.899,0.0,0.0,-0.2,5.737,0,0.0,-0.045,309.825,3.9589000000000003,37.17,35.44645690917969,4.98,0.0,0
46806,-1.0230000000000001,75.586,0.0,0.0,446.658,0.0,0.0,0.0,5.737,0,0.0,-0.01,309.69,0.46190000000000003,37.68,35.44645690917969,4.98,0.0,0
46806,-1.0230000000000001,75.586,0.0,0.0,446.59700000000004,0.0,0.0,0.0,5.737,0,0.0,-0.03,309.825,-1.897,37.410000000000004,35.44645690917969,4.98,0.0,0
46806,-1.0230000000000001,75.586,0.0,0.0,446.778,0.0,0.0,-0.2,5.737,0,0.0,-0.02,309.69,-1.9547,36.51,35.44645690917969,4.98,0.0,0
46806,-0.853,75.586,0.0,0.0,446.839,0.0,0.0,-0.2,5.737,0,0.0,0.0,309.69,-0.767,35.37,35.44645690917969,4.98,0.0,0
46806,-1.0230000000000001,75.586,-0.5,0.0,446.839,0.0,0.0,0.0,5.737,0,0.0,-0.01,309.915,2.2929,35.34,35.44645690917969,4.98,0.0,0
46806,-1.0230000000000001,75.586,-0.5,0.0,447.141,0.0,0.0,0.0,5.737,0,0.0,-0.025,309.915,5.9219,35.910000000000004,35.44645690917969,4.98,0.0,0
46806,-1.0230000000000001,75.586,0.0,0.0,447.081,0.0,0.0,0.0,5.737,0,0.0,-0.03,309.915,-1.4269,35.76,35.44645690917969,4.98,0.0,0
46806,-0.853,75.586,0.0,0.0,447.081,0.0,0.0,-0.2,5.737,0,0.0,-0.025,309.69,-4.0002,35.25,35.44645690917969,4.98,0.0,0
46806,-0.853,75.586,0.0,0.0,447.081,0.0,0.0,0.2,5.737,0,0.0,-0.01,309.825,-1.8310000000000002,34.65,35.44645690917969,4.98,0.0,0
46806,-1.364,75.586,0.5,0.0,447.081,0.0,0.0,-0.2,5.737,0,0.0,-0.02,309.825,-0.7258,34.62,35.44645690917969,4.98,0.0,0
46806,-1.0230000000000001,75.586,-0.5,0.0,446.839,0.0,0.0,-0.2,5.737,0,0.0,-0.005,309.69,-3.8270000000000004,34.53,35.44645690917969,4.98,0.0,0
46806,-1.0230000000000001,75.586,0.5,0.0,446.778,0.0,0.0,0.0,5.737,0,-1.0,-0.01,309.915,4.8497,34.11,35.44645690917969,4.98,0.0,0
46806,-1.364,75.586,-0.5,0.0,447.141,0.0,0.0,0.0,5.737,0,0.0,-0.005,309.825,0.2639,35.31,35.44645690917969,4.98,0.0,0
46806,-1.0230000000000001,75.586,-0.5,0.0,446.899,0.0,0.0,0.0,5.737,0,0.0,-0.02,309.915,-0.6928000000000001,37.17,35.44645690917969,4.98,0.0,0
46806,-1.0230000000000001,75.586,0.5,0.0,446.658,0.0,0.0,-0.2,5.737,0,0.0,-0.005,309.825,1.3196,37.35,35.44645690917969,4.98,0.0,0
46806,-1.0230000000000001,75.586,0.0,0.0,446.778,0.0,0.0,0.0,5.737,0,-1.0,-0.01,309.69,1.4186,36.72,35.44645690917969,4.98,0.0,0
46806,-1.0230000000000001,75.586,0.0,0.0,446.59700000000004,0.0,0.0,0.0,5.737,0,-1.0,-0.02,309.825,-3.2991,36.54,35.44645690917969,4.98,0.0,0
46806,-1.0230000000000001,75.586,0.0,0.0,446.415,0.0,0.0,0.2,5.737,0,0.0,0.025,309.69,-2.2764,35.79,35.44645690917969,4.98,0.0,0
46806,-1.0230000000000001,75.586,0.0,0.0,446.59700000000004,0.0,0.0,-0.2,5.737,0,0.0,-0.005,309.825,2.9032,35.67,35.44645690917969,4.98,0.0,0
46806,-0.853,75.586,0.0,0.0,446.718,0.0,0.0,0.0,5.737,0,-1.0,0.005,309.825,-0.7918000000000001,35.34,35.44645690917969,4.98,0.0,0
46806,-0.853,75.586,-0.5,0.0,446.899,0.0,0.0,0.0,5.737,0,0.0,-0.015,309.915,1.7155,34.56,35.44645690917969,4.98,0.0,0
46806,-1.0230000000000001,75.586,0.0,0.0,446.778,0.0,0.0,0.0,5.737,0,0.0,-0.025,309.825,2.9032,34.38,35.44645690917969,4.98,0.0,0
46806,-1.0230000000000001,75.586,-0.5,0.0,446.899,0.0,0.0,0.2,5.737,0,0.0,-0.025,309.825,1.1877,34.29,35.44645690917969,4.98,0.0,0
46806,-1.194,75.586,0.0,0.0,446.899,0.0,0.0,0.2,5.737,0,-1.0,0.0,309.825,-0.9897,34.68,35.44645690917969,4.98,0.0,0
46806,-1.0230000000000001,75.586,0.0,0.0,446.718,0.0,0.0,0.0,5.737,0,1.0,0.005,309.69,-2.7713,34.83,35.44645690917969,4.98,0.0,0
46806,-1.194,75.586,0.5,0.0,446.59700000000004,0.0,0.0,0.2,5.737,0,0.0,-0.015,309.825,0.7918000000000001,36.24,35.44645690917969,4.98,0.0,0
46806,-1.194,75.586,0.0,0.0,446.294,0.0,0.0,0.0,5.737,0,0.0,0.03,309.69,-3.2991,36.75,35.44645690917969,4.98,0.0,0
46806,-0.853,75.586,0.0,0.0,446.59700000000004,0.0,0.0,0.0,5.737,0,0.0,0.005,309.825,-0.3629,37.08,35.44645690917969,4.98,0.0,0
46806,-1.0230000000000001,75.586,0.0,0.0,446.718,0.0,0.0,0.0,5.737,0,0.0,-0.025,309.825,4.486800000000001,36.63,35.44645690917969,4.98,0.0,0
46806,-1.0230000000000001,75.586,0.0,0.0,446.59700000000004,0.0,0.0,0.0,5.737,0,0.0,0.0,309.915,2.4743,36.96,35.44645690917969,4.98,0.0,0
46806,-1.194,75.586,0.0,0.0,446.536,0.0,0.0,-0.2,5.737,0,0.0,-0.01,309.825,0.7918000000000001,36.24,35.44645690917969,4.98,0.0,0
46806,-1.194,75.586,0.0,0.0,446.59700000000004,0.0,0.0,0.0,5.737,0,0.0,-0.085,309.915,-1.9135000000000002,35.730000000000004,35.44645690917969,4.98,0.0,0
46806,-1.194,75.586,0.0,0.0,446.778,0.0,0.0,0.0,5.737,0,0.0,-0.01,309.825,-2.7713,34.800000000000004,35.44645690917969,4.98,0.0,0
46806,-1.0230000000000001,75.586,0.0,0.0,446.778,0.0,0.0,0.0,5.737,0,-1.0,-0.03,309.915,-1.9135000000000002,34.14,35.44645690917969,4.98,0.0,0
46806,-1.0230000000000001,75.586,0.0,0.0,446.59700000000004,0.0,0.0,-0.2,5.737,0,0.0,-0.025,309.825,-1.0557,34.62,35.44645690917969,4.98,0.0,0
46806,-1.0230000000000001,75.586,0.0,0.0,446.475,0.0,0.0,0.0,5.737,0,0.0,0.005,309.69,3.5301,35.79,35.44645690917969,4.98,0.0,0
46806,-1.0230000000000001,75.586,0.0,0.0,446.233,0.0,0.0,0.2,5.737,0,1.0,-0.005,309.69,-7.522,35.31,35.44645690917969,4.98,0.0,0
46806,-1.0230000000000001,75.586,-0.5,0.0,446.294,0.0,0.0,-0.2,5.737,0,0.0,0.015,309.69,-1.4846000000000001,35.01,35.44645690917969,4.98,0.0,0
46806,-1.194,75.586,0.5,0.0,446.59700000000004,0.0,0.0,0.2,5.737,0,0.0,-0.01,309.825,2.5073000000000003,35.37,35.44645690917969,4.98,0.0,0
46806,-0.853,75.586,0.0,0.0,446.658,0.0,0.0,0.2,5.737,0,0.0,0.0,309.69,-2.3754,35.85,35.44645690917969,4.98,0.0,0
46806,-1.194,75.586,-0.5,0.0,446.415,0.0,0.0,0.2,5.737,0,0.0,0.0,309.69,2.5073000000000003,36.06,35.44645690917969,4.98,0.0,0
46806,-1.194,75.586,0.0,0.0,446.354,0.0,0.0,-0.2,5.737,0,0.0,0.01,309.915,3.3651,36.03,35.44645690917969,4.98,0.0,0
46806,-1.0230000000000001,75.586,-0.5,0.0,446.415,0.0,0.0,0.0,5.737,0,-1.0,0.0,309.69,0.6598,36.39,35.44645690917969,4.98,0.0,0
46806,-1.0230000000000001,75.586,0.0,0.0,446.59700000000004,0.0,0.0,0.0,5.737,0,0.0,-0.02,309.825,1.7485000000000002,36.81,35.44645690917969,4.98,0.0,0
46806,-1.194,75.586,0.0,0.0,446.354,0.0,0.0,0.0,5.737,0,1.0,-0.025,309.69,-5.1466,36.660000000000004,35.44645690917969,4.98,0.0,0
46806,-0.853,75.586,0.0,0.0,445.871,0.0,0.0,0.0,5.737,0,0.0,-0.01,309.825,-0.3629,35.49,35.44645690917969,4.98,0.0,0
46806,-1.0230000000000001,75.586,0.0,0.0,445.871,0.0,0.0,0.0,5.737,0,-1.0,-0.005,309.825,-0.7505000000000001,35.43,35.44645690917969,4.98,0.0,0
46806,-1.0230000000000001,75.586,0.5,0.0,446.536,0.0,0.0,0.0,5.737,0,-1.0,-0.02,309.915,4.8002,34.26,35.44645690917969,4.98,0.0,0
46806,-1.0230000000000001,75.586,0.0,0.0,446.415,0.0,0.0,0.2,5.737,0,0.0,-0.06,309.825,3.0764,33.87,35.44645690917969,4.98,0.0,0
46806,-1.5350000000000001,75.586,0.0,0.0,445.931,0.0,0.0,0.0,5.737,0,0.0,-0.03,309.825,-2.9692000000000003,34.14,35.44645690917969,4.98,0.0,0
46806,-0.682,75.586,0.5,0.0,446.233,0.0,0.0,0.0,5.737,0,-1.0,0.025,309.915,-3.0517000000000003,34.800000000000004,35.44645690917969,4.98,0.0,0
46806,-0.512,75.586,0.0,0.0,446.718,0.0,0.0,0.2,5.737,0,0.0,-0.02,309.825,1.7815,35.22,35.44645690917969,4.98,0.0,0
46806,-1.0230000000000001,75.586,0.5,0.0,446.778,0.0,0.0,0.0,5.737,0,0.0,-0.055,309.915,3.9177000000000004,35.550000000000004,35.44645690917969,4.98,0.0,0
46806,-1.0230000000000001,75.586,0.0,0.0,446.415,0.0,0.0,0.0,5.737,0,-1.0,0.025,309.915,-0.39590000000000003,36.0,35.44645690917969,4.98,0.0,0
46806,-1.0230000000000001,75.586,0.0,0.0,446.415,0.0,0.0,0.0,5.737,0,0.0,0.0,309.825,-3.1507,35.7,35.44645690917969,4.98,0.0,0
46806,-1.0230000000000001,75.586,0.0,0.0,446.233,0.0,0.0,-0.2,5.737,0,-1.0,0.0,309.825,-3.8765,35.76,35.44645690917969,4.98,0.0,0
46806,-1.0230000000000001,75.586,0.0,0.0,446.354,0.0,0.0,0.0,5.737,0,0.0,0.005,309.825,1.0310000000000001,35.64,35.44645690917969,4.98,0.0,0
46806,-0.682,75.586,0.0,0.0,446.354,0.0,0.0,-0.2,5.737,0,-1.0,0.0,309.69,2.5981,36.06,35.44645690917969,4.98,0.0,0
46806,-1.0230000000000001,75.586,0.0,0.0,446.59700000000004,0.0,0.0,0.2,5.737,0,0.0,-0.05,309.915,-0.0825,36.21,35.44645690917969,4.98,0.0,0
46806,-1.0230000000000001,75.586,0.0,0.0,446.233,0.0,0.0,0.0,5.737,0,0.0,-0.015,309.825,-0.19790000000000002,35.25,35.44645690917969,4.98,0.0,0
46806,-0.853,75.586,0.0,0.0,446.354,0.0,0.0,-0.2,5.737,0,0.0,-0.04,309.825,1.9135000000000002,34.5,35.44645690917969,4.98,0.0,0
46806,-0.682,75.586,-0.5,0.0,446.475,0.0,0.0,0.2,5.737,0,0.0,-0.025,309.825,-3.2166,32.64,35.44645690917969,4.98,0.0,0
46806,-0.682,75.586,-0.5,0.0,446.658,0.0,0.0,0.0,5.737,0,0.0,-0.09,309.825,0.19790000000000002,33.36,35.44645690917969,4.98,0.0,0
46806,-1.0230000000000001,75.586,0.5,0.0,446.59700000000004,0.0,0.0,-0.2,5.737,0,0.0,-0.015,309.825,2.1774,33.96,35.44645690917969,4.98,0.0,0
46806,-1.194,75.586,0.0,0.0,446.59700000000004,0.0,0.0,-0.2,5.737,0,-1.0,0.0,309.825,0.0,35.28,35.44645690917969,4.98,0.0,0
46806,-1.194,75.586,0.0,0.0,446.173,0.0,0.0,-0.2,5.737,0,0.0,-0.035,309.69,-2.5486,36.21,35.44645690917969,4.98,0.0,0
46806,-1.0230000000000001,75.586,0.0,0.0,446.294,0.0,0.0,0.0,5.737,0,-1.0,0.025,309.69,-1.8887,36.36,35.44645690917969,4.98,0.0,0
46806,-0.682,75.586,0.0,0.0,446.415,0.0,0.0,0.0,5.737,0,0.0,-0.005,309.825,3.629,36.69,35.44645690917969,4.98,0.0,0
46806,-1.194,75.586,0.0,0.0,446.536,0.0,0.0,-0.2,5.737,0,-1.0,0.055,309.825,0.5938,35.58,35.44645690917969,4.98,0.0,0
46806,-0.853,75.586,0.0,0.0,446.536,0.0,0.0,0.0,5.737,0,0.0,-0.02,309.69,1.4516,35.46,35.44645690917969,4.98,0.0,0
46806,-0.853,75.586,0.0,0.0,446.59700000000004,0.0,0.0,0.0,5.737,0,0.0,-0.03,309.825,-2.4249,35.13,35.44645690917969,4.98,0.0,0
46806,-1.0230000000000001,75.586,-0.5,0.0,446.658,0.0,0.0,-0.2,5.737,0,0.0,0.02,309.825,-1.0557,34.980000000000004,35.44645690917969,4.98,0.0,0
46806,-1.0230000000000001,75.586,0.0,0.0,446.536,0.0,0.0,0.0,5.737,0,0.0,0.005,309.825,4.3548,35.34,35.44645690917969,4.98,0.0,0
46806,-1.0230000000000001,75.586,0.5,0.0,446.415,0.0,0.0,0.0,5.737,0,0.0,-0.05,309.825,0.0,34.47,35.44645690917969,4.98,0.0,0
46806,-1.0230000000000001,75.586,0.0,0.0,446.415,0.0,0.0,0.2,5.737,0,0.0,-0.045,309.825,0.0,34.32,35.44645690917969,4.98,0.0,0
46806,-1.0230000000000001,75.586,0.0,0.0,446.59700000000004,0.0,0.0,0.2,5.737,0,-1.0,-0.01,309.915,1.8475000000000001,33.660000000000004,35.44645690917969,4.98,0.0,0
46806,-0.853,75.586,0.5,0.0,446.778,0.0,0.0,0.0,5.737,0,0.0,-0.025,309.825,-1.8475000000000001,33.39,35.44645690917969,4.98,0.0,0
46806,-1.0230000000000001,75.586,0.0,0.0,446.536,0.0,0.0,-0.2,5.737,0,-1.0,0.005,309.69,-5.938400000000001,34.08,35.44645690917969,4.98,0.0,0
46806,-1.0230000000000001,75.586,0.0,0.0,446.59700000000004,0.0,0.0,0.0,5.737,0,-1.0,-0.05,309.825,-0.19790000000000002,35.58,35.44645690917969,4.98,0.0,0
46806,-1.0230000000000001,75.586,0.5,0.0,446.59700000000004,0.0,0.0,0.0,5.737,0,0.0,-0.01,309.825,3.1672000000000002,37.08,35.44645690917969,4.98,0.0,0
46806,-1.0230000000000001,75.586,0.0,0.0,446.59700000000004,0.0,0.0,0.2,5.737,0,0.0,-0.05,309.69,-1.5836000000000001,37.44,35.44645690917969,4.98,0.0,0
46806,-1.0230000000000001,75.586,0.5,0.0,446.59700000000004,0.0,0.0,-0.2,5.737,0,-1.0,-0.015,309.825,-0.7918000000000001,36.6,35.44645690917969,4.98,0.0,0
46806,-0.682,75.586,0.0,0.0,446.658,0.0,0.0,0.0,5.737,0,0.0,-0.045,309.825,4.2229,36.21,35.44645690917969,4.98,0.0,0
46806,-1.194,75.586,0.0,0.0,446.475,0.0,0.0,0.0,5.737,0,0.0,0.0,309.915,4.3548,36.06,35.44645690917969,4.98,0.0,0
46806,-1.194,75.586,-0.5,0.0,446.294,0.0,0.0,-0.2,5.737,0,-1.0,-0.025,309.825,1.5836000000000001,36.0,35.44645690917969,4.98,0.0,0
46806,-0.682,75.586,-0.5,0.0,446.778,0.0,0.0,0.0,5.737,0,0.0,-0.04,309.825,-0.7918000000000001,35.04,35.44645690917969,4.98,0.0,0
46806,-1.0230000000000001,75.586,0.0,0.0,446.899,0.0,0.0,0.0,5.737,0,0.0,-0.045,309.825,-2.5733,35.04,35.44645690917969,4.98,0.0,0
46806,-1.0230000000000001,75.586,0.0,0.0,446.475,0.0,0.0,0.0,5.737,0,0.0,-0.005,309.825,-2.2434000000000003,35.07,35.44645690917969,4.98,0.0,0
46806,-1.364,75.586,0.0,0.0,446.475,0.0,0.0,-0.2,5.737,0,0.0,0.01,309.915,0.46190000000000003,34.53,35.44645690917969,4.98,0.0,0
46806,-0.853,75.586,0.0,0.0,446.354,0.0,0.0,0.0,5.737,0,-1.0,-0.03,309.69,1.0557,34.11,35.44645690917969,4.98,0.0,0
46806,-0.853,75.586,0.0,0.0,446.294,0.0,0.0,0.0,5.737,0,0.0,-0.02,309.825,-2.9032,34.62,35.44645690917969,4.98,0.0,0
46806,-1.0230000000000001,75.586,0.0,0.0,446.536,0.0,0.0,0.2,5.737,0,0.0,-0.03,309.825,-0.6598,35.58,35.44645690917969,4.98,0.0,0
46806,-1.0230000000000001,75.586,0.0,0.0,446.59700000000004,0.0,0.0,0.0,5.737,0,0.0,-0.005,309.915,1.1547,36.63,35.44645690917969,4.98,0.0,0
46806,-1.0230000000000001,75.586,0.5,0.0,446.475,0.0,0.0,0.0,5.737,0,-1.0,-0.005,309.915,-1.3196,37.68,35.44645690917969,4.98,0.0,0
46806,-1.0230000000000001,75.586,0.5,0.0,446.354,0.0,0.0,0.2,5.737,0,0.0,0.02,309.825,1.5836000000000001,37.38,35.44645690917969,4.98,0.0,0
46806,-0.853,75.586,0.0,0.0,446.415,0.0,0.0,0.0,5.737,0,0.0,-0.01,309.69,-1.8475000000000001,36.87,35.44645690917969,4.98,0.0,0
46806,-0.853,75.586,0.0,0.0,446.658,0.0,0.0,-0.2,5.737,0,0.0,0.01,309.69,-1.6826,36.0,35.44645690917969,4.98,0.0,0
46806,-1.194,75.586,0.0,0.0,446.475,0.0,0.0,0.0,5.737,0,0.0,-0.01,309.825,-3.2991,35.01,35.44645690917969,4.98,0.0,0
46806,-1.0230000000000001,75.586,0.5,0.0,446.354,0.0,0.0,-0.2,5.737,0,-1.0,0.01,309.825,-4.3218000000000005,35.550000000000004,35.44645690917969,4.98,0.0,0
46806,-0.682,75.586,0.0,0.0,446.354,0.0,0.0,0.0,5.737,0,0.0,-0.055,309.825,-4.5115,35.550000000000004,35.44645690917969,4.98,0.0,0
46806,-1.0230000000000001,75.586,0.0,0.0,446.173,0.0,0.0,0.2,5.737,0,0.0,-0.02,309.69,2.1774,35.88,35.44645690917969,4.98,0.0,0
46806,-1.0230000000000001,75.586,0.0,0.0,446.233,0.0,0.0,0.0,5.737,0,0.0,-0.02,309.825,3.1672000000000002,35.46,35.44645690917969,4.98,0.0,0
46806,-1.0230000000000001,75.586,0.0,0.0,446.294,0.0,0.0,-0.2,5.737,0,0.0,0.005,309.825,-1.5836000000000001,35.13,35.44645690917969,4.98,0.0,0
46806,-1.0230000000000001,75.586,0.0,0.0,446.173,0.0,0.0,0.0,5.737,0,-1.0,-0.055,309.825,2.1774,33.81,35.44645690917969,4.98,0.0,0
46806,-1.0230000000000001,75.586,0.5,0.0,446.475,0.0,0.0,-0.2,5.737,0,0.0,-0.035,309.915,4.0744,33.6,35.44645690917969,4.98,0.0,0
46806,-1.0230000000000001,75.586,0.0,0.0,446.59700000000004,0.0,0.0,-0.2,5.737,0,0.0,-0.01,309.825,1.6908,34.26,35.44645690917969,4.98,0.0,0
46806,-0.853,75.586,0.0,0.0,446.354,0.0,0.0,0.0,5.737,0,0.0,0.0,309.915,0.1155,36.27,35.44645690917969,4.98,0.0,0
46806,-1.364,75.586,0.0,0.0,446.294,0.0,0.0,0.0,5.737,0,0.0,-0.01,309.6,-4.3796,37.2,35.44645690917969,4.98,0.0,0
46806,-1.0230000000000001,75.586,0.5,0.0,446.59700000000004,0.0,0.0,0.0,5.737,0,0.0,0.005,309.915,-1.5341,37.47,35.44645690917969,4.98,0.0,0
46806,-0.682,75.586,0.0,0.0,446.658,0.0,0.0,0.0,5.737,0,-1.0,-0.015,309.915,2.2929,36.96,35.44645690917969,4.98,0.0,0
46806,-1.0230000000000001,75.586,0.0,0.0,446.718,0.0,0.0,0.0,5.737,0,-1.0,-0.015,309.825,3.8517,36.54,35.44645690917969,4.98,0.0,0
46806,-1.0230000000000001,75.586,0.0,0.0,446.415,0.0,0.0,0.0,5.737,0,0.0,0.0,309.825,-2.3754,35.7,35.44645690917969,4.98,0.0,0
46806,-1.0230000000000001,75.586,0.0,0.0,446.658,0.0,0.0,0.0,5.737,0,0.0,-0.025,309.69,-0.48660000000000003,35.4,35.44645690917969,4.98,0.0,0
46806,-1.0230000000000001,75.586,0.0,0.0,446.658,0.0,0.0,-0.2,5.737,0,0.0,-0.095,309.825,-0.9897,35.4,35.44645690917969,4.98,0.0,0
46806,-0.682,75.586,0.0,0.0,446.536,0.0,0.0,0.0,5.737,0,-1.0,0.0,309.69,-2.4826,35.19,35.44645690917969,4.98,0.0,0
46806,-1.194,75.586,-0.5,0.0,446.354,0.0,0.0,0.0,5.737,0,0.0,-0.025,309.825,-0.0495,34.74,35.44645690917969,4.98,0.0,0
46806,-1.0230000000000001,75.586,0.0,0.0,446.294,0.0,0.0,0.2,5.737,0,0.0,-0.035,309.825,3.4311000000000003,34.68,35.44645690917969,4.98,0.0,0
46806,-0.853,75.586,0.0,0.0,446.233,0.0,0.0,0.0,5.737,0,0.0,-0.025,309.825,1.4269,34.89,35.44645690917969,4.98,0.0,0
46806,-1.194,75.586,0.0,0.0,446.415,0.0,0.0,-0.2,5.737,0,0.0,-0.005,309.825,-1.3856000000000002,35.46,35.44645690917969,4.98,0.0,0
46806,-1.0230000000000001,75.586,-0.5,0.0,446.233,0.0,0.0,0.0,5.737,0,0.0,0.005,309.825,1.1382,36.36,35.44645690917969,4.98,0.0,0
46806,-1.0230000000000001,75.586,0.5,0.0,446.354,0.0,0.0,0.0,5.737,0,0.0,-0.055,309.825,-4.024900000000001,36.69,35.44645690917969,4.98,0.0,0
46806,-1.0230000000000001,75.586,0.0,0.0,446.536,0.0,0.0,0.2,5.737,0,0.0,-0.005,309.825,-0.5938,36.87,35.44645690917969,4.98,0.0,0
46806,-1.194,75.586,0.0,0.0,446.59700000000004,0.0,0.0,0.0,5.737,0,0.0,-0.015,309.825,1.3856000000000002,37.26,35.44645690917969,4.98,0.0,0
46806,-1.0230000000000001,75.586,0.0,0.0,446.475,0.0,0.0,0.0,5.737,0,0.0,0.015,309.915,2.2022,37.32,35.44645690917969,4.98,0.0,0
46806,-1.0230000000000001,75.586,0.5,0.0,446.475,0.0,0.0,-0.2,5.737,0,0.0,0.0,309.915,1.8475000000000001,37.38,35.44645690917969,4.98,0.0,0
46806,-1.0230000000000001,75.586,0.0,0.0,446.173,0.0,0.0,0.0,5.737,0,0.0,-0.035,309.825,0.5279,37.14,35.44645690917969,4.98,0.0,0
46806,-0.853,75.586,0.5,0.0,446.475,0.0,0.0,0.0,5.737,0,0.0,-0.035,309.915,1.0557,35.79,35.44645690917969,4.98,0.0,0
46806,-1.0230000000000001,75.586,0.5,0.0,446.536,0.0,0.0,0.2,5.737,0,0.0,-0.01,309.915,0.5279,34.86,35.44645690917969,4.98,0.0,0
46806,-0.853,75.586,0.5,0.0,446.415,0.0,0.0,0.2,5.737,0,0.0,-0.03,309.825,-1.9795,33.87,35.44645690917969,4.98,0.0,0
46806,-1.0230000000000001,75.586,0.5,0.0,446.475,0.0,0.0,0.2,5.737,0,0.0,-0.005,309.69,-3.0022,34.11,35.44645690917969,4.98,0.0,0
46806,-0.853,75.586,0.0,0.0,446.536,0.0,0.0,0.0,5.737,0,0.0,-0.075,309.825,-1.0557,34.71,35.44645690917969,4.98,0.0,0
46806,-0.853,75.586,0.0,0.0,446.415,0.0,0.0,0.0,5.737,0,-1.0,-0.01,309.825,0.7918000000000001,35.52,35.44645690917969,4.98,0.0,0
46806,-1.0230000000000001,75.586,0.0,0.0,446.354,0.0,0.0,0.0,5.737,0,0.0,-0.005,309.825,2.7713,36.33,35.44645690917969,4.98,0.0,0
46806,-1.194,75.586,0.0,0.0,446.536,0.0,0.0,0.0,5.737,0,0.0,0.0,309.915,-0.5938,36.33,35.44645690917969,4.98,0.0,0
46806,-1.0230000000000001,75.586,0.5,0.0,446.536,0.0,0.0,0.2,5.737,0,0.0,0.0,309.915,0.0495,36.36,35.44645690917969,4.98,0.0,0
46806,-0.853,75.586,0.0,0.0,446.658,0.0,0.0,0.0,5.737,0,-1.0,-0.02,309.825,-1.3196,36.75,35.44645690917969,4.98,0.0,0
46806,-1.0230000000000001,75.586,0.0,0.0,446.59700000000004,0.0,0.0,0.2,5.737,0,0.0,0.015,309.825,2.7713,37.050000000000004,35.44645690917969,4.98,0.0,0
46806,-1.0230000000000001,75.586,0.5,0.0,446.475,0.0,0.0,0.0,5.737,0,0.0,-0.025,309.825,-2.4908,36.72,35.44645690917969,4.98,0.0,0
46806,-0.682,75.586,0.0,0.0,446.354,0.0,0.0,-0.2,5.737,0,-1.0,-0.03,309.915,0.42060000000000003,36.63,35.44645690917969,4.98,0.0,0
46806,-1.0230000000000001,75.586,0.0,0.0,446.475,0.0,0.0,0.0,5.737,0,-1.0,-0.055,309.69,1.2784,36.12,35.44645690917969,4.98,0.0,0
46806,-0.853,75.586,0.0,0.0,446.778,0.0,0.0,0.2,5.737,0,0.0,-0.06,309.825,-1.2784,35.58,35.44645690917969,4.98,0.0,0
46806,-1.0230000000000001,75.586,0.0,0.0,446.354,0.0,0.0,0.0,5.737,0,0.0,-0.02,309.69,-1.6083,34.68,35.44645690917969,4.98,0.0,0
46806,-1.0230000000000001,75.586,0.5,0.0,446.354,0.0,0.0,0.0,5.737,0,0.0,-0.055,309.825,-0.9897,33.75,35.44645690917969,4.98,0.0,0
46806,-1.0230000000000001,75.586,0.0,0.0,446.658,0.0,0.0,0.0,5.737,0,0.0,-0.01,309.825,0.3299,33.3,35.44645690917969,4.98,0.0,0
46806,-0.682,75.586,-0.5,0.0,446.59700000000004,0.0,0.0,-0.2,5.737,0,0.0,0.015,309.825,4.9487000000000005,33.93,35.44645690917969,4.98,0.0,0
46806,-1.0230000000000001,75.586,0.0,0.0,446.59700000000004,0.0,0.0,0.2,5.737,0,-1.0,0.005,309.915,-0.8083,34.71,35.44645690917969,4.98,0.0,0
46806,-0.853,75.586,0.0,0.0,447.02,0.0,0.0,0.0,5.737,0,0.0,-0.03,309.825,-0.18150000000000002,36.18,35.44645690917969,4.98,0.0,0
46806,-1.0230000000000001,75.586,-0.5,0.0,446.59700000000004,0.0,0.0,0.0,5.737,0,0.0,-0.045,309.825,2.7053000000000003,36.96,35.44645690917969,4.98,0.0,0
46806,-1.0230000000000001,75.586,-0.5,0.0,446.718,0.0,0.0,0.0,5.737,0,-1.0,0.01,309.69,-2.7053000000000003,37.14,35.44645690917969,4.98,0.0,0
46806,-1.0230000000000001,75.586,0.0,0.0,446.475,0.0,0.0,0.2,5.737,0,-1.0,-0.055,309.825,-4.486800000000001,35.85,35.44645690917969,4.98,0.0,0
46806,-1.0230000000000001,75.586,0.0,0.0,446.475,0.0,0.0,0.0,5.737,0,-1.0,-0.04,309.825,-4.2229,35.730000000000004,35.44645690917969,4.98,0.0,0
46806,-0.682,75.586,0.0,0.0,446.536,0.0,0.0,0.0,5.737,0,0.0,0.0,309.915,2.6393,35.160000000000004,35.44645690917969,4.98,0.0,0
46806,-0.682,75.586,0.0,0.0,446.778,0.0,0.0,0.0,5.737,0,-1.0,-0.005,309.825,5.179600000000001,35.730000000000004,35.44645690917969,4.98,0.0,0
46806,-1.0230000000000001,75.586,0.0,0.0,446.112,0.0,0.0,0.2,5.737,0,0.0,-0.015,309.825,0.7918000000000001,36.300000000000004,35.44645690917969,4.98,0.0,0
46806,-1.0230000000000001,75.586,0.0,0.0,446.536,0.0,0.0,0.0,5.737,0,0.0,-0.01,309.825,-2.0455,36.21,35.44645690917969,4.98,0.0,0
46806,-0.853,75.586,0.5,0.0,446.718,0.0,0.0,0.0,5.737,0,0.0,-0.055,309.825,-3.2991,35.52,35.44645690917969,4.98,0.0,0
46806,-0.853,75.586,0.0,0.0,446.475,0.0,0.0,0.0,5.737,0,0.0,-0.025,309.825,0.0,33.96,35.44645690917969,4.98,0.0,0
46806,-1.0230000000000001,75.586,0.0,0.0,446.294,0.0,0.0,0.0,5.737,0,-1.0,-0.03,309.69,-2.7713,33.0,35.44645690917969,4.98,0.0,0
46806,-0.682,75.586,0.0,0.0,446.233,0.0,0.0,0.2,5.737,0,0.0,0.0,309.825,0.2639,33.12,35.44645690917969,4.98,0.0,0
46806,-1.0230000000000001,75.586,0.0,0.0,446.233,0.0,0.0,-0.2,5.737,0,0.0,0.055,309.825,2.9032,35.13,35.44645690917969,4.98,0.0,0
46806,-1.0230000000000001,75.586,0.0,0.0,446.415,0.0,0.0,0.2,5.737,0,0.0,-0.015,309.825,0.9567,36.72,35.44645690917969,4.98,0.0,0
46806,-0.853,75.586,0.5,0.0,446.59700000000004,0.0,0.0,0.0,5.737,0,0.0,0.0,309.825,-0.2639,37.44,35.44645690917969,4.98,0.0,0
46806,-0.682,75.586,-0.5,0.0,446.59700000000004,0.0,0.0,0.0,5.737,0,-1.0,-0.035,309.69,-4.651800000000001,36.93,35.44645690917969,4.98,0.0,0
46806,-0.853,75.586,0.0,0.0,446.718,0.0,0.0,0.2,5.737,0,-1.0,-0.035,309.825,-2.7713,35.64,35.44645690917969,4.98,0.0,0
46806,-0.682,75.586,0.0,0.0,446.778,0.0,0.0,-0.2,5.737,0,0.0,-0.025,309.825,4.2229,35.160000000000004,35.44645690917969,4.98,0.0,0
46806,-0.682,75.586,0.0,0.0,446.415,0.0,0.0,0.2,5.737,0,0.0,-0.01,309.69,-0.2639,34.980000000000004,35.44645690917969,4.98,0.0,0
46806,-1.0230000000000001,75.586,0.0,0.0,446.475,0.0,0.0,0.0,5.737,0,0.0,-0.02,309.825,0.2639,35.76,35.44645690917969,4.98,0.0,0
46806,-1.364,75.586,0.0,0.0,446.59700000000004,0.0,0.0,-0.2,5.737,0,0.0,-0.01,309.825,3.1672000000000002,36.09,35.44645690917969,4.98,0.0,0
46806,-1.0230000000000001,75.586,0.0,0.0,446.59700000000004,0.0,0.0,0.0,5.737,0,0.0,-0.005,309.825,-2.7383,35.19,35.44645690917969,4.98,0.0,0
46806,-1.0230000000000001,75.586,0.0,0.0,446.415,0.0,0.0,0.0,5.737,0,-1.0,-0.015,309.825,0.39590000000000003,34.2,35.44645690917969,4.98,0.0,0
46806,-0.853,75.586,0.0,0.0,446.658,0.0,0.0,-0.2,5.737,0,-1.0,-0.01,309.825,2.3754,33.9,35.44645690917969,4.98,0.0,0
46806,-0.853,75.586,0.0,0.0,446.778,0.0,0.0,0.0,5.737,0,0.0,-0.055,309.915,1.8475000000000001,33.45,35.44645690917969,4.98,0.0,0
46806,-1.194,75.586,0.0,0.0,446.778,0.0,0.0,-0.2,5.737,0,0.0,-0.02,309.915,2.2269,33.45,35.44645690917969,4.98,0.0,0
46806,-1.0230000000000001,75.586,0.0,0.0,446.59700000000004,0.0,0.0,0.0,5.737,0,0.0,-0.025,309.825,1.3196,34.53,35.44645690917969,4.98,0.0,0
46806,-1.364,75.586,0.0,0.0,446.233,0.0,0.0,0.2,5.737,0,0.0,0.0,309.915,-5.1631,35.97,35.44645690917969,4.98,0.0,0
46806,-1.0230000000000001,75.586,0.0,0.0,446.233,0.0,0.0,0.2,5.737,0,0.0,-0.05,309.915,-2.4413,36.36,35.44645690917969,4.98,0.0,0
46806,-0.853,75.586,0.0,0.0,446.415,0.0,0.0,0.2,5.737,0,0.0,-0.025,309.915,1.1712,36.51,35.44645690917969,4.98,0.0,0
46806,-0.853,75.586,0.0,0.0,446.233,0.0,0.0,0.0,5.737,0,0.0,-0.015,309.915,2.862,36.06,35.44645690917969,4.98,0.0,0
46806,-0.853,75.586,0.0,0.0,446.415,0.0,0.0,-0.2,5.737,0,0.0,0.0,309.69,1.6908,35.25,35.44645690917969,4.98,0.0,0
46806,-0.853,75.586,0.0,0.0,446.415,0.0,0.0,0.0,5.737,0,0.0,-0.02,309.915,-2.3259000000000003,34.56,35.44645690917969,4.98,0.0,0
46806,-1.0230000000000001,75.586,0.0,0.0,446.294,0.0,0.0,0.0,5.737,0,0.0,-0.02,309.915,2.0455,34.95,35.44645690917969,4.98,0.0,0
46806,-1.0230000000000001,75.586,0.0,0.0,446.233,0.0,0.0,0.0,5.737,0,-1.0,-0.045,309.825,1.0557,35.07,35.44645690917969,4.98,0.0,0
46806,-1.194,75.586,0.0,0.0,446.354,0.0,0.0,0.0,5.737,0,0.0,-0.02,309.825,-1.7650000000000001,35.19,35.44645690917969,4.98,0.0,0
46806,-1.0230000000000001,75.586,-0.5,0.0,446.294,0.0,0.0,-0.2,5.737,0,0.0,0.035,309.825,-0.5773,34.230000000000004,35.44645690917969,4.98,0.0,0
46806,-0.853,75.586,0.0,0.0,446.354,0.0,0.0,0.0,5.737,0,0.0,-0.005,309.825,-0.2639,33.480000000000004,35.44645690917969,4.98,0.0,0
46806,-0.853,75.586,0.5,0.0,446.294,0.0,0.0,0.0,5.737,0,0.0,-0.045,309.825,-2.3094,33.24,35.44645690917969,4.98,0.0,0
46806,-0.682,75.586,0.0,0.0,446.475,0.0,0.0,-0.2,5.737,0,0.0,0.04,309.825,-1.6496000000000002,33.27,35.44645690917969,4.98,0.0,0
46806,-0.512,75.586,0.0,0.0,446.718,0.0,0.0,0.0,5.737,0,0.0,-0.04,309.825,3.2331000000000003,33.96,35.44645690917969,4.98,0.0,0
46806,-0.682,75.586,0.0,0.0,446.233,0.0,0.0,0.0,5.737,0,0.0,-0.03,309.69,-0.6351,35.1,35.44645690917969,4.98,0.0,0
46806,-0.853,75.586,0.0,0.0,446.536,0.0,0.0,0.0,5.737,0,0.0,-0.015,309.69,-4.726,35.58,35.44645690917969,4.98,0.0,0
46806,-1.0230000000000001,75.586,0.0,0.0,446.415,0.0,0.0,0.0,5.737,0,-1.0,0.0,309.825,-4.7507,36.06,35.44645690917969,4.98,0.0,0
46806,-1.0230000000000001,75.586,0.0,0.0,446.233,0.0,0.0,0.0,5.737,0,0.0,-0.04,309.69,1.0145,35.82,35.44645690917969,4.98,0.0,0
46806,-1.0230000000000001,75.586,0.0,0.0,446.354,0.0,0.0,0.0,5.737,0,0.0,-0.005,309.825,7.6292,34.89,35.44645690917969,4.98,0.0,0
46806,-0.853,75.586,0.0,0.0,446.354,0.0,0.0,0.0,5.737,0,0.0,-0.015,309.69,-0.132,34.59,35.44645690917969,4.98,0.0,0
46806,-0.682,75.586,-0.5,0.0,446.475,0.0,0.0,-0.2,5.737,0,-2.0,0.015,309.825,-3.7857000000000003,34.2,35.44645690917969,4.98,0.0,0
46806,-0.853,75.586,0.0,0.0,446.536,0.0,0.0,0.0,5.737,0,0.0,-0.02,309.915,1.3196,33.81,35.44645690917969,4.98,0.0,0
46806,-0.853,75.586,0.0,0.0,446.778,0.0,0.0,0.0,5.737,0,-1.0,-0.08,309.825,2.4166000000000003,33.63,35.44645690917969,4.98,0.0,0
46806,-1.0230000000000001,75.586,0.0,0.0,446.59700000000004,0.0,0.0,0.0,5.737,0,0.0,0.0,309.825,0.3052,33.57,35.44645690917969,4.98,0.0,0
46806,-0.682,75.586,0.5,0.0,446.112,0.0,0.0,-0.2,5.737,0,-1.0,0.01,309.69,-2.5981,33.03,35.44645690917969,4.98,0.0,0
46806,-0.853,75.586,0.0,0.0,445.931,0.0,0.0,-0.2,5.737,0,-1.0,-0.01,309.69,-2.6805000000000003,33.63,35.44645690917969,4.98,0.0,0
46806,-0.853,75.586,0.0,0.0,446.415,0.0,0.0,0.0,5.737,0,0.0,0.0,309.915,3.3486000000000002,34.11,35.44645690917969,4.98,0.0,0
46806,-0.853,75.586,0.0,0.0,446.294,0.0,0.0,0.0,5.737,0,0.0,-0.07,309.825,4.4621,34.68,35.44645690917969,4.98,0.0,0
46806,-1.0230000000000001,75.586,0.0,0.0,446.233,0.0,0.0,0.0,5.737,0,0.0,0.0,309.915,1.3444,35.4,35.44645690917969,4.98,0.0,0
46806,-1.0230000000000001,75.586,0.0,0.0,446.233,0.0,0.0,0.0,5.737,0,0.0,-0.05,309.915,0.8908,35.46,35.44645690917969,4.98,0.0,0
46806,-1.0230000000000001,75.586,0.0,0.0,446.112,0.0,0.0,0.0,5.737,0,0.0,-0.03,309.915,-1.1877,35.79,35.44645690917969,4.98,0.0,0
46806,-1.0230000000000001,75.586,0.0,0.0,446.173,0.0,0.0,-0.2,5.737,0,0.0,0.015,309.915,0.9897,36.09,35.44645690917969,4.98,0.0,0
46806,-0.853,75.586,0.0,0.0,446.233,0.0,0.0,0.0,5.737,0,0.0,-0.01,309.825,0.132,36.0,35.44645690917969,4.98,0.0,0
46806,-0.682,75.586,0.0,0.0,446.052,0.0,0.0,0.2,5.737,0,-1.0,-0.005,309.915,-2.1114,35.160000000000004,35.44645690917969,4.98,0.0,0
46806,-0.682,75.586,0.0,0.0,446.233,0.0,0.0,0.2,5.737,0,0.0,-0.02,309.915,1.1877,34.38,35.44645690917969,4.98,0.0,0
46806,-1.0230000000000001,75.586,0.0,0.0,446.233,0.0,0.0,0.0,5.737,0,-1.0,-0.02,309.915,3.3651,34.44,35.44645690917969,4.98,0.0,0
46806,-1.0230000000000001,75.586,0.0,0.0,446.233,0.0,0.0,0.0,5.737,0,0.0,-0.005,309.69,-4.6188,34.800000000000004,35.44645690917969,4.98,0.0,0
46806,-1.0230000000000001,75.586,0.0,0.0,446.112,0.0,0.0,-0.2,5.737,0,-1.0,-0.03,309.69,-5.1136,34.83,35.44645690917969,4.98,0.0,0
46806,-0.853,75.586,0.0,0.0,445.991,0.0,0.0,0.0,5.737,0,0.0,-0.03,309.825,-2.5073000000000003,33.81,35.44645690917969,4.98,0.0,0
46806,-1.0230000000000001,75.586,-0.5,0.0,445.931,0.0,0.0,-0.2,5.737,0,-1.0,-0.035,309.825,-0.099,34.08,35.44645690917969,4.98,0.0,0
46806,-1.0230000000000001,75.586,0.0,0.0,445.991,0.0,0.0,0.0,5.737,0,0.0,0.01,309.825,3.6950000000000003,34.44,35.44645690917969,4.98,0.0,0
46806,-0.682,75.586,0.0,0.0,445.991,0.0,0.0,0.0,5.737,0,0.0,-0.05,309.69,0.099,35.4,35.44645690917969,4.98,0.0,0
46806,-1.0230000000000001,75.586,0.0,0.0,445.81,0.0,0.0,0.0,5.737,0,0.0,-0.02,309.825,-0.5279,36.24,35.44645690917969,4.98,0.0,0
46806,-0.853,75.586,0.0,0.0,446.112,0.0,0.0,0.0,5.737,0,0.0,-0.02,309.825,2.1114,36.27,35.44645690917969,4.98,0.0,0
46806,-0.853,75.586,0.5,0.0,446.233,0.0,0.0,0.2,5.737,0,0.0,-0.035,309.825,1.4516,36.18,35.44645690917969,4.98,0.0,0
46806,-0.853,75.586,0.0,0.0,446.233,0.0,0.0,0.0,5.737,0,0.0,0.0,309.915,1.2124000000000001,36.09,35.44645690917969,4.98,0.0,0
46806,-1.0230000000000001,75.586,0.5,0.0,446.052,0.0,0.0,0.0,5.737,0,-1.0,-0.03,309.825,0.9238000000000001,35.43,35.44645690917969,4.98,0.0,0
46806,-1.0230000000000001,75.586,0.0,0.0,446.052,0.0,0.0,0.0,5.737,0,-1.0,-0.07,309.825,-2.1774,35.52,35.44645690917969,4.98,0.0,0
46806,-0.853,75.586,-0.5,0.0,445.991,0.0,0.0,0.2,5.737,0,0.0,0.01,309.825,-1.5176,35.1,35.44645690917969,4.98,0.0,0
46806,-0.853,75.586,-0.5,0.0,446.052,0.0,0.0,0.0,5.737,0,0.0,-0.03,309.825,-2.1774,35.160000000000004,35.44645690917969,4.98,0.0,0
46806,-1.0230000000000001,75.586,0.0,0.0,446.233,0.0,0.0,0.2,5.737,0,0.0,-0.01,309.915,1.0392000000000001,33.6,35.44645690917969,4.98,0.0,0
46806,-0.853,75.586,-0.5,0.0,446.112,0.0,0.0,0.0,5.737,0,0.0,-0.035,309.825,5.4106000000000005,33.33,35.44645690917969,4.98,0.0,0
46806,-1.0230000000000001,75.586,0.0,0.0,446.112,0.0,0.0,0.2,5.737,0,-1.0,-0.01,309.825,-0.0247,33.42,35.44645690917969,4.98,0.0,0
46806,-1.0230000000000001,75.586,0.5,0.0,446.173,0.0,0.0,0.2,5.737,0,0.0,0.005,309.825,-2.8867000000000003,34.2,35.44645690917969,4.98,0.0,0
46806,-0.682,75.586,-0.5,0.0,445.931,0.0,0.0,0.2,5.737,0,0.0,0.005,309.915,1.4351,35.04,35.44645690917969,4.98,0.0,0
46806,-0.853,75.586,0.0,0.0,446.112,0.0,0.0,0.0,5.737,0,0.0,0.0,309.825,-3.6950000000000003,35.31,35.44645690917969,4.98,0.0,0
46806,-0.853,75.586,0.0,0.0,446.233,0.0,0.0,0.0,5.737,0,-1.0,0.005,309.825,0.39590000000000003,35.76,35.44645690917969,4.98,0.0,0
46806,-0.682,75.586,0.0,0.0,445.991,0.0,0.0,0.0,5.737,0,0.0,-0.045,309.825,0.8743000000000001,36.15,35.44645690917969,4.98,0.0,0
46806,-1.0230000000000001,75.586,0.0,0.0,446.052,0.0,0.0,-0.2,5.737,0,-1.0,-0.015,309.825,-1.1464,35.94,35.44645690917969,4.98,0.0,0
46806,-0.853,75.586,0.0,0.0,446.354,0.0,0.0,0.0,5.737,0,0.0,-0.035,309.915,0.4454,36.03,35.44645690917969,4.98,0.0,0
46806,-0.512,75.586,0.0,0.0,446.415,0.0,0.0,0.0,5.737,0,0.0,0.02,309.69,-2.6393,35.88,35.44645690917969,4.98,0.0,0
46806,-0.853,75.586,0.0,0.0,446.052,0.0,0.0,0.0,5.737,0,0.0,0.015,309.825,-1.5836000000000001,35.76,35.44645690917969,4.98,0.0,0
46806,-0.853,75.586,0.0,0.0,446.233,0.0,0.0,-0.2,5.737,0,0.0,0.0,309.825,1.0557,35.7,35.44645690917969,4.98,0.0,0
46806,-0.682,75.586,0.0,0.0,446.294,0.0,0.0,0.0,5.737,0,-1.0,-0.015,309.825,2.1527000000000003,34.71,35.44645690917969,4.98,0.0,0
46806,-0.682,75.586,0.0,0.0,446.052,0.0,0.0,0.0,5.737,0,0.0,-0.04,309.825,0.0,33.9,35.44645690917969,4.98,0.0,0
46806,-0.682,75.586,0.0,0.0,446.475,0.0,0.0,0.0,5.737,0,0.0,0.0,309.825,0.0,33.45,35.44645690917969,4.98,0.0,0
46806,-0.512,75.586,0.0,0.0,446.233,0.0,0.0,-0.2,5.737,0,0.0,0.0,309.69,-2.1527000000000003,34.05,35.44645690917969,4.98,0.0,0
46806,-1.0230000000000001,75.586,0.0,0.0,446.233,0.0,0.0,-0.2,5.737,0,0.0,0.01,309.825,-0.9897,35.19,35.44645690917969,4.98,0.0,0
46806,-1.0230000000000001,75.586,0.0,0.0,446.354,0.0,0.0,0.2,5.737,0,0.0,-0.015,309.825,2.4413,36.42,35.44645690917969,4.98,0.0,0
46806,-0.512,75.586,0.0,0.0,446.354,0.0,0.0,-0.2,5.737,0,0.0,-0.02,309.69,1.5176,36.81,35.44645690917969,4.98,0.0,0
46806,-0.853,75.586,0.0,0.0,446.354,0.0,0.0,0.2,5.737,0,0.0,0.0,309.69,0.0,36.81,35.44645690917969,4.98,0.0,0
46806,-1.0230000000000001,75.586,0.0,0.0,446.233,0.0,0.0,-0.2,5.737,0,0.0,-0.06,309.915,0.6598,36.63,35.44645690917969,4.98,0.0,0
46806,-0.853,75.586,0.0,0.0,446.052,0.0,0.0,0.0,5.737,0,0.0,0.01,309.825,2.9032,35.97,35.44645690917969,4.98,0.0,0
46806,-1.0230000000000001,75.586,0.5,0.0,446.59700000000004,0.0,0.0,0.0,5.737,0,0.0,-0.01,309.915,2.7713,35.88,35.44645690917969,4.98,0.0,0
46806,-0.853,75.586,-0.5,0.0,446.59700000000004,0.0,0.0,-0.2,5.737,0,0.0,-0.025,309.825,-3.1012,36.0,35.44645690917969,4.98,0.0,0
46806,-1.0230000000000001,75.586,0.0,0.0,446.233,0.0,0.0,0.2,5.737,0,0.0,-0.01,309.915,1.4516,35.64,35.44645690917969,4.98,0.0,0
46806,-1.0230000000000001,75.586,0.0,0.0,446.536,0.0,0.0,0.0,5.737,0,0.0,0.025,309.825,-2.0455,35.550000000000004,35.44645690917969,4.98,0.0,0
46806,-0.682,75.586,0.0,0.0,446.415,0.0,0.0,0.0,5.737,0,0.0,-0.025,309.915,1.0557,35.04,35.44645690917969,4.98,0.0,0
46806,-0.853,75.586,0.5,0.0,446.354,0.0,0.0,0.0,5.737,0,-1.0,-0.035,309.825,1.1217000000000001,34.32,35.44645690917969,4.98,0.0,0
46806,-0.682,75.586,0.0,0.0,446.294,0.0,0.0,0.0,5.737,0,0.0,-0.035,309.825,-1.1877,34.59,35.44645690917969,4.98,0.0,0
46806,-0.341,75.586,-0.5,0.0,446.415,0.0,0.0,0.0,5.737,0,0.0,0.0,309.915,1.5836000000000001,34.86,35.44645690917969,4.98,0.0,0
46806,-1.194,75.586,0.0,0.0,446.354,0.0,0.0,0.0,5.737,0,0.0,-0.01,309.825,-1.1877,36.06,35.44645690917969,4.98,0.0,0
46806,-1.0230000000000001,75.586,0.5,0.0,446.112,0.0,0.0,0.0,5.737,0,0.0,0.0,309.825,-0.5279,36.96,35.44645690917969,4.98,0.0,0
46806,-0.853,75.586,0.0,0.0,446.112,0.0,0.0,0.0,5.737,0,-1.0,-0.055,309.69,-2.6393,37.26,35.44645690917969,4.98,0.0,0
46806,-0.853,75.586,0.0,0.0,446.233,0.0,0.0,0.0,5.737,0,0.0,0.035,309.825,-0.7918000000000001,36.72,35.44645690917969,4.98,0.0,0
46806,-1.0230000000000001,75.586,0.0,0.0,446.052,0.0,0.0,0.0,5.737,0,0.0,-0.05,309.915,3.6950000000000003,36.42,35.44645690917969,4.98,0.0,0
46806,-0.853,75.586,-0.5,0.0,446.052,0.0,0.0,0.0,5.737,0,0.0,-0.025,309.69,3.4311000000000003,36.36,35.44645690917969,4.98,0.0,0
46806,-0.682,75.586,0.0,0.0,446.233,0.0,0.0,0.0,5.737,0,0.0,0.0,309.69,-3.1672000000000002,36.24,35.44645690917969,4.98,0.0,0
46806,-0.682,75.586,0.0,0.0,446.233,0.0,0.0,0.0,5.737,0,0.0,0.01,309.825,-3.629,36.6,35.44645690917969,4.98,0.0,0
46806,-1.0230000000000001,75.586,0.0,0.0,445.81,0.0,0.0,0.2,5.737,0,-1.0,-0.035,309.825,4.3548,36.09,35.44645690917969,4.98,0.0,0
46806,-0.853,75.586,0.0,0.0,445.75,0.0,0.0,0.0,5.737,0,0.0,-0.06,309.825,2.2764,35.01,35.44645690917969,4.98,0.0,0
46806,-1.0230000000000001,75.586,-0.5,0.0,446.052,0.0,0.0,0.0,5.737,0,0.0,-0.04,309.915,0.9238000000000001,33.96,35.44645690917969,4.98,0.0,0
46806,-0.341,75.586,0.0,0.0,446.052,0.0,0.0,0.0,5.737,0,0.0,0.0,309.825,0.8578,33.87,35.44645690917969,4.98,0.0,0
46806,-1.0230000000000001,75.586,0.0,0.0,445.931,0.0,0.0,0.0,5.737,0,0.0,-0.02,309.69,0.8165,33.99,35.44645690917969,4.98,0.0,0
46806,-0.853,75.586,0.0,0.0,446.233,0.0,0.0,-0.2,5.737,0,0.0,-0.015,309.915,-3.9754,34.71,35.44645690917969,4.98,0.0,0
46806,-0.853,75.586,0.5,0.0,446.052,0.0,0.0,-0.2,5.737,0,0.0,-0.055,309.825,0.8083,35.88,35.44645690917969,4.98,0.0,0
46806,-0.853,75.586,0.0,0.0,445.991,0.0,0.0,0.2,5.737,0,0.0,0.0,309.825,1.7568000000000001,36.75,35.44645690917969,4.98,0.0,0
46806,-1.0230000000000001,75.586,0.0,0.0,446.052,0.0,0.0,-0.2,5.737,0,0.0,-0.025,309.915,-0.23920000000000002,37.32,35.44645690917969,4.98,0.0,0
46806,-1.0230000000000001,75.586,0.5,0.0,446.415,0.0,0.0,0.0,5.737,0,0.0,0.015,309.69,-4.5280000000000005,36.93,35.44645690917969,4.98,0.0,0
46806,-1.0230000000000001,75.586,0.0,0.0,446.475,0.0,0.0,0.2,5.737,0,0.0,0.02,309.69,-3.8270000000000004,36.57,35.44645690917969,4.98,0.0,0
46806,-0.512,75.586,0.0,0.0,446.233,0.0,0.0,0.2,5.737,0,-1.0,-0.005,309.825,1.732,36.36,35.44645690917969,4.98,0.0,0
46806,-0.512,75.586,0.0,0.0,446.475,0.0,0.0,0.0,5.737,0,0.0,-0.02,309.825,4.3301,35.76,35.44645690917969,4.98,0.0,0
46806,-1.0230000000000001,75.586,0.0,0.0,446.354,0.0,0.0,0.2,5.737,0,0.0,0.0,309.825,-0.42060000000000003,35.22,35.44645690917969,4.98,0.0,0
46806,-0.853,75.586,0.0,0.0,446.112,0.0,0.0,0.0,5.737,0,0.0,-0.025,309.825,-0.5938,35.67,35.44645690917969,4.98,0.0,0
46806,-0.853,75.586,0.0,0.0,446.233,0.0,0.0,-0.2,5.737,0,0.0,-0.01,309.69,-1.9547,35.550000000000004,35.44645690917969,4.98,0.0,0
46806,-0.853,75.586,0.0,0.0,446.415,0.0,0.0,0.0,5.737,0,-1.0,-0.03,309.69,-3.3651,35.4,35.44645690917969,4.98,0.0,0
46806,-0.341,75.586,0.0,0.0,446.173,0.0,0.0,0.0,5.737,0,0.0,-0.005,309.825,2.7053000000000003,34.53,35.44645690917969,4.98,0.0,0
46806,-1.0230000000000001,75.586,0.0,0.0,445.931,0.0,0.0,-0.2,5.737,0,0.0,-0.04,309.825,4.726,34.08,35.44645690917969,4.98,0.0,0
46806,-0.512,75.586,0.0,0.0,446.354,0.0,0.0,-0.2,5.737,0,0.0,0.0,309.825,-0.5526,35.160000000000004,35.44645690917969,4.98,0.0,0
46806,-0.512,75.586,0.0,0.0,446.536,0.0,0.0,0.0,5.737,0,0.0,0.015,309.825,-0.3134,36.63,35.44645690917969,4.98,0.0,0
46806,-1.0230000000000001,75.586,0.0,0.0,446.233,0.0,0.0,-0.2,5.737,0,0.0,-0.03,309.69,-0.37120000000000003,37.02,35.44645690917969,4.98,0.0,0
46806,-1.0230000000000001,75.586,0.0,0.0,446.173,0.0,0.0,-0.2,5.737,0,0.0,-0.055,309.825,-1.1877,37.410000000000004,35.44645690917969,4.98,0.0,0
46806,-0.682,75.586,0.0,0.0,446.173,0.0,0.0,0.0,5.737,0,0.0,0.045,309.69,2.0042,37.08,35.44645690917969,4.98,0.0,0
46806,-1.0230000000000001,75.586,0.5,0.0,446.658,0.0,0.0,0.0,5.737,0,0.0,-0.02,309.915,2.6228000000000002,36.78,35.44645690917969,4.98,0.0,0
46806,-0.853,75.586,0.0,0.0,446.778,0.0,0.0,0.0,5.737,0,-1.0,-0.015,309.825,1.2537,35.79,35.44645690917969,4.98,0.0,0
46806,-0.853,75.586,0.0,0.0,446.59700000000004,0.0,0.0,-0.2,5.737,0,0.0,-0.05,309.825,1.9135000000000002,34.89,35.44645690917969,4.98,0.0,0
46806,-0.682,75.586,0.0,0.0,446.233,0.0,0.0,0.2,5.737,0,0.0,-0.005,309.915,-5.2786,34.980000000000004,35.44645690917969,4.98,0.0,0
46806,-0.512,75.586,0.5,0.0,446.173,0.0,0.0,0.0,5.737,0,0.0,0.01,309.69,-1.6248,34.95,35.44645690917969,4.98,0.0,0
46806,-0.512,75.586,-0.5,0.0,446.354,0.0,0.0,-0.2,5.737,0,-1.0,0.0,309.69,1.4104,34.980000000000004,35.44645690917969,4.98,0.0,0
46806,-1.0230000000000001,75.586,0.5,0.0,446.59700000000004,0.0,0.0,0.0,5.737,0,0.0,0.01,309.825,0.1072,35.34,35.44645690917969,4.98,0.0,0
46806,-1.0230000000000001,75.586,0.0,0.0,446.536,0.0,0.0,0.0,5.737,0,0.0,-0.015,309.825,-0.5279,35.34,35.44645690917969,4.98,0.0,0
46806,-1.0230000000000001,75.586,0.0,0.0,446.173,0.0,0.0,0.0,5.737,0,0.0,0.005,309.825,0.9567,35.7,35.44645690917969,4.98,0.0,0
46806,-1.0230000000000001,75.586,-0.5,0.0,446.59700000000004,0.0,0.0,-0.2,5.737,0,-1.0,-0.01,309.825,0.7918000000000001,35.76,35.44645690917969,4.98,0.0,0
46806,-1.0230000000000001,75.586,0.0,0.0,446.475,0.0,0.0,0.0,5.737,0,-1.0,-0.015,309.825,0.0,36.45,35.44645690917969,4.98,0.0,0
46806,-0.853,75.586,0.5,0.0,446.536,0.0,0.0,0.0,5.737,0,0.0,0.05,309.915,3.1672000000000002,36.78,35.44645690917969,4.98,0.0,0
46806,-0.853,75.586,0.0,0.0,446.415,0.0,0.0,-0.2,5.737,0,0.0,0.0,309.825,0.5279,37.59,35.44645690917969,4.98,0.0,0
46806,-0.682,75.586,0.0,0.0,446.59700000000004,0.0,0.0,-0.2,5.737,0,-2.0,0.015,309.825,-2.1114,37.29,35.44645690917969,4.98,0.0,0
46806,-0.682,75.586,0.0,0.0,446.475,0.0,0.0,0.2,5.737,0,0.0,-0.005,309.915,-2.3754,37.14,35.44645690917969,4.98,0.0,0
46806,-0.853,75.586,0.0,0.0,446.415,0.0,0.0,0.0,5.737,0,0.0,-0.02,309.825,-1.5836000000000001,36.0,35.44645690917969,4.98,0.0,0
46806,-1.0230000000000001,75.586,0.0,0.0,446.59700000000004,0.0,0.0,0.0,5.737,0,0.0,0.0,309.915,2.0455,35.01,35.44645690917969,4.98,0.0,0
46806,-1.0230000000000001,75.586,0.0,0.0,446.233,0.0,0.0,0.0,5.737,0,0.0,-0.035,309.825,0.9238000000000001,34.35,35.44645690917969,4.98,0.0,0
46806,-0.682,75.586,0.0,0.0,446.294,0.0,0.0,-0.2,5.737,0,0.0,-0.005,309.69,-3.3321,33.9,35.44645690917969,4.98,0.0,0
46806,-1.194,75.586,0.0,0.0,446.415,0.0,0.0,0.0,5.737,0,0.0,-0.055,309.825,-3.6950000000000003,34.05,35.44645690917969,4.98,0.0,0
46806,-0.853,75.586,0.0,0.0,446.415,0.0,0.0,0.2,5.737,0,-1.0,-0.04,309.825,0.7918000000000001,35.13,35.44645690917969,4.98,0.0,0
46806,-0.853,75.586,0.0,0.0,446.415,0.0,0.0,0.0,5.737,0,0.0,-0.01,309.825,3.4311000000000003,35.76,35.44645690917969,4.98,0.0,0
46806,-0.341,75.586,0.5,0.0,446.233,0.0,0.0,0.2,5.737,0,0.0,-0.035,309.69,-2.5403000000000002,37.08,35.44645690917969,4.98,0.0,0
46806,-1.0230000000000001,75.586,0.0,0.0,446.536,0.0,0.0,-0.2,5.737,0,0.0,0.0,309.825,-1.5836000000000001,36.93,35.44645690917969,4.98,0.0,0
46806,-1.0230000000000001,75.586,0.0,0.0,446.658,0.0,0.0,-0.2,5.737,0,0.0,-0.01,309.915,1.7815,36.87,35.44645690917969,4.98,0.0,0
46806,-0.682,75.586,0.0,0.0,446.354,0.0,0.0,0.0,5.737,0,0.0,0.0,309.69,1.1877,36.42,35.44645690917969,4.98,0.0,0
46806,-0.853,75.586,0.0,0.0,446.59700000000004,0.0,0.0,0.2,5.737,0,0.0,-0.02,309.69,-2.8043,35.67,35.44645690917969,4.98,0.0,0
46806,-1.0230000000000001,75.586,0.0,0.0,446.839,0.0,0.0,0.2,5.737,0,0.0,-0.02,309.69,-3.6950000000000003,34.980000000000004,35.44645690917969,4.98,0.0,0
46806,-0.853,75.586,0.0,0.0,447.081,0.0,0.0,0.2,5.737,0,-1.0,-0.02,309.915,5.1136,35.01,35.44645690917969,4.98,0.0,0
46806,-0.682,75.586,0.0,0.0,446.658,0.0,0.0,0.0,5.737,0,0.0,-0.005,309.915,3.0352,34.62,35.44645690917969,4.98,0.0,0
46806,-0.853,75.586,0.0,0.0,446.59700000000004,0.0,0.0,0.2,5.737,0,-1.0,0.005,309.69,-3.1672000000000002,34.32,35.44645690917969,4.98,0.0,0
46806,-0.853,75.586,0.0,0.0,446.778,0.0,0.0,0.0,5.737,0,-1.0,-0.015,309.825,-0.132,34.53,35.44645690917969,4.98,0.0,0
46806,-0.853,75.586,0.0,0.0,447.081,0.0,0.0,0.0,5.737,0,0.0,-0.035,309.69,-1.6826,34.08,35.44645690917969,4.98,0.0,0
46806,-0.853,75.586,0.0,0.0,446.96000000000004,0.0,0.0,-0.2,5.737,0,-1.0,0.055,309.915,3.0352,34.47,35.44645690917969,4.98,0.0,0
46806,-0.682,75.586,0.0,0.0,446.778,0.0,0.0,-0.2,5.737,0,0.0,-0.02,309.915,3.8930000000000002,35.13,35.44645690917969,4.98,0.0,0
46806,-0.682,75.586,0.0,0.0,446.59700000000004,0.0,0.0,-0.2,5.737,0,0.0,0.015,309.825,1.4516,35.97,35.44645690917969,4.98,0.0,0
46806,-0.682,75.586,-0.5,0.0,446.59700000000004,0.0,0.0,0.2,5.737,0,0.0,-0.02,309.69,-3.0022,36.09,35.44645690917969,4.98,0.0,0
46806,-1.0230000000000001,75.586,0.0,0.0,446.778,0.0,0.0,0.0,5.737,0,0.0,-0.01,309.825,-1.7155,35.94,35.44645690917969,4.98,0.0,0
46806,-0.341,75.586,0.0,0.0,446.658,0.0,0.0,0.0,5.737,0,0.0,0.0,309.825,-1.5836000000000001,35.7,35.44645690917969,4.98,0.0,0
46806,-0.682,75.586,0.0,0.0,446.233,0.0,0.0,0.0,5.737,0,0.0,-0.02,309.915,0.9238000000000001,35.67,35.44645690917969,4.98,0.0,0
46806,-0.682,75.586,0.0,0.0,446.658,0.0,0.0,0.2,5.737,0,1.0,-0.005,309.825,0.7918000000000001,35.76,35.44645690917969,4.98,0.0,0
46806,-0.853,75.586,0.0,0.0,446.658,0.0,0.0,0.0,5.737,0,-1.0,-0.01,309.825,1.1217000000000001,35.730000000000004,35.44645690917969,4.98,0.0,0
46806,-0.853,75.586,0.0,0.0,446.59700000000004,0.0,0.0,0.0,5.737,0,-1.0,-0.06,309.825,0.6598,35.7,35.44645690917969,4.98,0.0,0
46806,-0.853,75.586,0.0,0.0,446.59700000000004,0.0,0.0,0.0,5.737,0,0.0,-0.02,309.69,-2.5981,34.5,35.44645690917969,4.98,0.0,0
46806,-0.682,75.586,0.0,0.0,447.02,0.0,0.0,-0.2,5.737,0,-1.0,-0.025,309.825,-0.9897,33.93,35.44645690917969,4.98,0.0,0
46806,-0.853,75.586,0.0,0.0,446.899,0.0,0.0,0.0,5.737,0,0.0,0.02,309.825,2.4413,33.75,35.44645690917969,4.98,0.0,0
46806,-1.0230000000000001,75.586,0.0,0.0,446.536,0.0,0.0,0.0,5.737,0,0.0,-0.02,309.915,0.2227,33.36,35.44645690917969,4.98,0.0,0
46806,-0.682,75.586,0.0,0.0,446.658,0.0,0.0,0.0,5.737,0,0.0,-0.045,309.915,-1.6001,34.26,35.44645690917969,4.98,0.0,0
46806,-0.682,75.586,0.0,0.0,446.96000000000004,0.0,0.0,0.2,5.737,0,0.0,-0.03,309.825,-1.1217000000000001,35.88,35.44645690917969,4.98,0.0,0
46806,-0.682,75.586,0.0,0.0,446.536,0.0,0.0,-0.2,5.737,0,0.0,0.0,309.825,-0.42060000000000003,36.84,35.44645690917969,4.98,0.0,0
46806,-0.853,75.586,-0.5,0.0,446.658,0.0,0.0,-0.2,5.737,0,0.0,-0.045,309.825,-1.8310000000000002,36.660000000000004,35.44645690917969,4.98,0.0,0
46806,-0.682,75.586,-0.5,0.0,446.718,0.0,0.0,-0.2,5.737,0,0.0,-0.005,309.825,0.9650000000000001,36.33,35.44645690917969,4.98,0.0,0
46806,-0.853,75.586,0.0,0.0,447.081,0.0,0.0,-0.2,5.737,0,0.0,-0.01,309.825,2.1114,34.89,35.44645690917969,4.98,0.0,0
46806,-0.853,75.586,0.0,0.0,446.778,0.0,0.0,0.0,5.737,0,-1.0,-0.07,309.915,-0.14850000000000002,34.32,35.44645690917969,4.98,0.0,0
46806,-0.682,75.586,0.5,0.0,446.536,0.0,0.0,0.2,5.737,0,-1.0,-0.035,309.825,1.7155,34.2,35.44645690917969,4.98,0.0,0
46806,-1.0230000000000001,75.586,0.0,0.0,446.658,0.0,0.0,0.0,5.737,0,0.0,-0.01,309.825,0.6103000000000001,35.04,35.44645690917969,4.98,0.0,0
46806,-0.512,75.586,0.0,0.0,446.839,0.0,0.0,0.2,5.737,0,0.0,-0.025,309.69,-2.2022,35.52,35.44645690917969,4.98,0.0,0
46806,-0.853,75.586,0.0,0.0,446.718,0.0,0.0,-0.2,5.737,0,0.0,-0.015,309.915,1.5011,34.71,35.44645690917969,4.98,0.0,0
46806,-0.853,75.586,0.0,0.0,446.839,0.0,0.0,0.0,5.737,0,0.0,0.0,309.915,0.1155,33.96,35.44645690917969,4.98,0.0,0
46806,-0.853,75.586,0.0,0.0,446.778,0.0,0.0,-0.2,5.737,0,-1.0,-0.015,309.825,1.8475000000000001,33.96,35.44645690917969,4.98,0.0,0
46806,-0.512,75.586,0.0,0.0,446.96000000000004,0.0,0.0,0.0,5.737,0,0.0,-0.06,309.69,-2.994,34.62,35.44645690917969,4.98,0.0,0
46806,-0.512,75.586,0.0,0.0,447.202,0.0,0.0,0.0,5.737,0,0.0,-0.025,309.825,-5.8724,35.85,35.44645690917969,4.98,0.0,0
46806,-0.512,75.586,-0.5,0.0,446.718,0.0,0.0,0.0,5.737,0,-1.0,-0.04,309.825,1.7815,36.45,35.44645690917969,4.98,0.0,0
46806,-0.682,75.586,0.0,0.0,446.718,0.0,0.0,0.0,5.737,0,0.0,-0.03,309.825,2.3754,36.57,35.44645690917969,4.98,0.0,0
46806,-0.512,75.586,0.0,0.0,446.536,0.0,0.0,-0.2,5.737,0,0.0,-0.015,309.825,4.7507,37.35,35.44645690917969,4.98,0.0,0
46806,-0.512,75.586,0.0,0.0,446.718,0.0,0.0,0.0,5.737,0,-1.0,-0.03,309.69,-1.4846000000000001,37.44,35.44645690917969,4.98,0.0,0
46806,-0.853,75.586,0.0,0.0,446.778,0.0,0.0,0.2,5.737,0,0.0,0.005,309.825,-0.5279,36.15,35.44645690917969,4.98,0.0,0
46806,-0.853,75.586,0.0,0.0,447.081,0.0,0.0,0.0,5.737,0,0.0,0.0,309.825,0.7918000000000001,35.46,35.44645690917969,4.98,0.0,0
46806,-0.682,75.586,0.0,0.0,447.32300000000004,0.0,0.0,0.2,5.737,0,0.0,-0.07,309.825,3.4311000000000003,35.22,35.44645690917969,4.98,0.0,0
46806,-0.512,75.586,0.0,0.0,447.141,0.0,0.0,0.2,5.737,0,-1.0,0.01,309.69,-1.4846000000000001,35.25,35.44645690917969,4.98,0.0,0
46806,-0.853,75.586,-0.5,0.0,446.59700000000004,0.0,0.0,-0.2,5.737,0,0.0,-0.03,309.825,-1.1877,34.71,35.44645690917969,4.98,0.0,0
46806,-0.853,75.586,-0.5,0.0,446.475,0.0,0.0,-0.2,5.737,0,0.0,-0.025,309.825,-0.7918000000000001,35.22,35.44645690917969,4.98,0.0,0
46806,-0.853,75.586,0.0,0.0,446.59700000000004,0.0,0.0,-0.2,5.737,0,0.0,-0.005,309.69,-0.9238000000000001,34.86,35.44645690917969,4.98,0.0,0
46806,-1.0230000000000001,75.586,0.0,0.0,446.658,0.0,0.0,0.2,5.737,0,0.0,-0.03,309.915,0.9897,34.56,35.44645690917969,4.98,0.0,0
46806,-0.853,75.586,0.0,0.0,446.718,0.0,0.0,0.0,5.737,0,0.0,0.025,309.825,2.3754,33.84,35.44645690917969,4.98,0.0,0
46806,-0.853,75.586,0.0,0.0,446.59700000000004,0.0,0.0,-0.2,5.737,0,-1.0,-0.035,309.915,1.9465000000000001,34.95,35.44645690917969,4.98,0.0,0
46806,-0.682,75.586,0.0,0.0,446.778,0.0,0.0,0.2,5.737,0,0.0,-0.025,309.825,-1.4516,36.09,35.44645690917969,4.98,0.0,0
46806,-0.512,75.586,0.0,0.0,446.778,0.0,0.0,0.0,5.737,0,-1.0,-0.03,309.825,2.6393,36.39,35.44645690917969,4.98,0.0,0
46806,-0.853,75.586,0.0,0.0,446.778,0.0,0.0,0.2,5.737,0,0.0,0.0,309.69,-6.334300000000001,36.45,35.44645690917969,4.98,0.0,0
46806,-0.853,75.586,0.0,0.0,446.778,0.0,0.0,0.0,5.737,0,0.0,0.0,309.915,-5.1466,36.36,35.44645690917969,4.98,0.0,0
46806,-0.682,75.586,0.0,0.0,446.899,0.0,0.0,-0.2,5.737,0,0.0,0.015,309.825,0.7918000000000001,35.49,35.44645690917969,4.98,0.0,0
46806,-0.682,75.586,0.0,0.0,447.02,0.0,0.0,0.0,5.737,0,0.0,-0.025,309.69,4.2476,35.31,35.44645690917969,4.98,0.0,0
46806,-0.853,75.586,0.0,0.0,446.778,0.0,0.0,0.2,5.737,0,0.0,-0.015,309.915,-0.23920000000000002,35.52,35.44645690917969,4.98,0.0,0
46806,-0.512,75.586,0.0,0.0,446.778,0.0,0.0,-0.2,5.737,0,-1.0,-0.02,309.915,-0.8083,35.88,35.44645690917969,4.98,0.0,0
46806,-1.0230000000000001,75.586,0.0,0.0,446.899,0.0,0.0,0.0,5.737,0,-1.0,-0.01,309.825,1.3361,35.550000000000004,35.44645690917969,4.98,0.0,0
46806,-0.512,75.586,0.0,0.0,447.02,0.0,0.0,0.0,5.737,0,0.0,-0.025,309.69,-1.8063,36.27,35.44645690917969,4.98,0.0,0
46806,-0.682,75.586,0.0,0.0,447.02,0.0,0.0,-0.2,5.737,0,0.0,-0.01,309.825,-6.0044,35.34,35.44645690917969,4.98,0.0,0
46806,-0.853,75.586,0.0,0.0,446.899,0.0,0.0,0.0,5.737,0,0.0,-0.005,309.825,0.3299,34.65,35.44645690917969,4.98,0.0,0
46806,-0.682,75.586,0.0,0.0,446.718,0.0,0.0,0.2,5.737,0,-1.0,-0.015,309.915,8.0086,34.26,35.44645690917969,4.98,0.0,0
46806,-1.0230000000000001,75.586,0.0,0.0,447.02,0.0,0.0,0.2,5.737,0,0.0,-0.04,309.69,1.2124000000000001,35.19,35.44645690917969,4.98,0.0,0
46806,-0.853,75.586,0.0,0.0,447.262,0.0,0.0,0.0,5.737,0,0.0,-0.05,309.825,-3.3651,35.61,35.44645690917969,4.98,0.0,0
46806,-0.682,75.586,0.0,0.0,446.96000000000004,0.0,0.0,0.0,5.737,0,0.0,-0.01,309.825,-4.0744,36.27,35.44645690917969,4.98,0.0,0
46806,-1.0230000000000001,75.586,0.0,0.0,446.536,0.0,0.0,0.2,5.737,0,0.0,-0.085,309.915,4.2064,36.660000000000004,35.44645690917969,4.98,0.0,0
46806,-0.512,75.586,0.0,0.0,447.02,0.0,0.0,0.2,5.737,0,0.0,0.0,309.825,0.2639,36.81,35.44645690917969,4.98,0.0,0
46806,-0.853,75.586,0.5,0.0,446.658,0.0,0.0,0.2,5.737,0,0.0,-0.095,309.825,0.19790000000000002,36.63,35.44645690917969,4.98,0.0,0
46806,-0.512,75.586,0.0,0.0,446.415,0.0,0.0,0.0,5.737,0,0.0,-0.03,309.825,0.132,36.51,35.44645690917969,4.98,0.0,0
46806,-0.682,75.586,0.0,0.0,446.59700000000004,0.0,0.0,0.2,5.737,0,0.0,0.07,309.69,-0.8908,35.79,35.44645690917969,4.98,0.0,0
46806,-1.0230000000000001,75.586,0.0,0.0,447.081,0.0,0.0,0.0,5.737,0,-1.0,0.025,309.69,-6.5982,35.34,35.44645690917969,4.98,0.0,0
46806,-0.341,75.586,-0.5,0.0,446.778,0.0,0.0,0.0,5.737,0,-1.0,-0.005,309.825,2.9032,34.83,35.44645690917969,4.98,0.0,0
46806,-0.512,75.586,0.0,0.0,446.778,0.0,0.0,0.0,5.737,0,0.0,-0.04,309.69,3.4311000000000003,34.74,35.44645690917969,4.98,0.0,0
46806,-0.853,75.586,0.0,0.0,446.96000000000004,0.0,0.0,-0.2,5.737,0,0.0,-0.02,309.69,-1.8475000000000001,35.04,35.44645690917969,4.98,0.0,0
46806,-0.682,75.586,0.0,0.0,446.59700000000004,0.0,0.0,0.0,5.737,0,0.0,-0.07,309.825,1.9795,34.86,35.44645690917969,4.98,0.0,0
46806,-0.512,75.586,0.0,0.0,446.415,0.0,0.0,0.2,5.737,0,0.0,-0.02,309.915,0.6268,35.25,35.44645690917969,4.98,0.0,0
46806,-0.853,75.586,0.0,0.0,446.475,0.0,0.0,0.2,5.737,0,0.0,-0.025,309.825,0.2639,36.15,35.44645690917969,4.98,0.0,0
46806,-0.682,75.586,0.0,0.0,446.536,0.0,0.0,-0.2,5.737,0,0.0,-0.03,309.825,-0.5279,37.29,35.44645690917969,4.98,0.0,0
46806,-0.682,75.586,0.0,0.0,446.899,0.0,0.0,0.0,5.737,0,0.0,-0.01,309.825,-1.8475000000000001,37.02,35.44645690917969,4.98,0.0,0
46806,-1.0230000000000001,75.586,0.0,0.0,447.081,0.0,0.0,0.0,5.737,0,0.0,-0.02,309.825,2.3754,36.78,35.44645690917969,4.98,0.0,0
46806,-1.0230000000000001,75.586,0.0,0.0,446.899,0.0,0.0,0.0,5.737,0,-1.0,-0.015,309.825,3.6950000000000003,36.42,35.44645690917969,4.98,0.0,0
46806,-0.853,75.586,0.0,0.0,446.59700000000004,0.0,0.0,0.0,5.737,0,0.0,0.0,309.825,0.7918000000000001,35.58,35.44645690917969,4.98,0.0,0
46806,-0.853,75.586,0.0,0.0,446.778,0.0,0.0,-0.2,5.737,0,0.0,0.0,309.825,-0.9238000000000001,36.09,35.44645690917969,4.98,0.0,0
46806,-0.853,75.586,0.0,0.0,446.778,0.0,0.0,0.2,5.737,0,0.0,-0.015,309.69,1.9465000000000001,36.36,35.44645690917969,4.98,0.0,0
46806,-0.682,75.586,0.0,0.0,446.778,0.0,0.0,0.0,5.737,0,0.0,-0.055,309.825,-1.4516,35.550000000000004,35.44645690917969,4.98,0.0,0
46806,-0.512,75.586,0.0,0.0,446.839,0.0,0.0,0.0,5.737,0,-1.0,-0.02,309.825,0.2639,34.44,35.44645690917969,4.98,0.0,0
46806,-0.682,75.586,0.0,0.0,446.658,0.0,0.0,0.0,5.737,0,-1.0,-0.035,309.825,2.5073000000000003,34.32,35.44645690917969,4.98,0.0,0
46806,-0.853,75.586,0.0,0.0,446.899,0.0,0.0,0.0,5.737,0,0.0,-0.02,309.915,-0.5938,34.95,35.44645690917969,4.98,0.0,0
46806,-1.0230000000000001,75.586,0.0,0.0,446.778,0.0,0.0,0.2,5.737,0,-1.0,0.01,309.915,2.6393,34.71,35.44645690917969,4.98,0.0,0
46806,-0.682,75.586,-0.5,0.0,447.081,0.0,0.0,-0.2,5.737,0,0.0,-0.02,309.915,-0.5938,35.550000000000004,35.44645690917969,4.98,0.0,0
46806,-0.682,75.586,0.0,0.0,447.02,0.0,0.0,-0.2,5.737,0,0.0,-0.025,309.825,-1.4516,35.94,35.44645690917969,4.98,0.0,0
46806,-0.853,75.586,0.0,0.0,446.718,0.0,0.0,0.0,5.737,0,0.0,-0.035,309.825,-0.7258,36.93,35.44645690917969,4.98,0.0,0
46806,-0.853,75.586,0.5,0.0,446.658,0.0,0.0,0.0,5.737,0,0.0,-0.015,309.69,-4.2229,36.54,35.44645690917969,4.98,0.0,0
46806,-0.682,75.586,0.0,0.0,446.778,0.0,0.0,0.0,5.737,0,0.0,-0.005,309.825,1.5836000000000001,36.24,35.44645690917969,4.98,0.0,0
46806,-0.853,75.586,0.0,0.0,447.02,0.0,0.0,0.0,5.737,0,0.0,-0.03,309.825,2.5073000000000003,35.82,35.44645690917969,4.98,0.0,0
46806,-0.512,75.586,-0.5,0.0,446.718,0.0,0.0,0.0,5.737,0,-1.0,-0.07,309.69,1.5836000000000001,35.97,35.44645690917969,4.98,0.0,0
46806,-1.0230000000000001,75.586,0.0,0.0,446.536,0.0,0.0,0.0,5.737,0,0.0,0.065,309.915,0.9238000000000001,35.94,35.44645690917969,4.98,0.0,0
46806,-0.341,75.586,0.0,0.0,446.778,0.0,0.0,-0.2,5.737,0,0.0,-0.005,309.915,-0.066,35.07,35.44645690917969,4.98,0.0,0
46806,-1.0230000000000001,75.586,0.0,0.0,446.658,0.0,0.0,0.0,5.737,0,0.0,-0.055,309.825,-1.1877,33.87,35.44645690917969,4.98,0.0,0
46806,-0.853,75.586,0.0,0.0,446.839,0.0,0.0,0.2,5.737,0,-1.0,-0.025,309.915,-0.5279,33.24,35.44645690917969,4.98,0.0,0
46806,-1.194,75.586,0.0,0.0,446.59700000000004,0.0,0.0,0.2,5.737,0,0.0,-0.045,309.915,2.7713,33.87,35.44645690917969,4.98,0.0,0
46806,-0.512,75.586,0.0,0.0,446.536,0.0,0.0,0.0,5.737,0,-1.0,-0.05,309.915,-1.3856000000000002,34.62,35.44645690917969,4.98,0.0,0
46806,-0.853,75.586,0.0,0.0,446.536,0.0,0.0,0.0,5.737,0,0.0,-0.045,309.915,-1.0062,34.71,35.44645690917969,4.98,0.0,0
46806,-0.853,75.586,0.0,0.0,446.778,0.0,0.0,0.0,5.737,0,-1.0,-0.02,309.915,0.3299,36.63,35.44645690917969,4.98,0.0,0
46806,-0.682,75.586,0.0,0.0,447.081,0.0,0.0,0.0,5.737,0,0.0,-0.04,309.825,1.9300000000000002,37.11,35.44645690917969,4.98,0.0,0
46806,-0.682,75.586,-0.5,0.0,446.778,0.0,0.0,0.0,5.737,0,-1.0,-0.005,309.825,-2.7548,37.02,35.44645690917969,4.98,0.0,0
46806,-0.682,75.586,0.0,0.0,446.778,0.0,0.0,0.2,5.737,0,0.0,-0.01,309.69,-6.557,35.88,35.44645690917969,4.98,0.0,0
46806,-0.512,75.586,0.0,0.0,446.899,0.0,0.0,-0.2,5.737,0,0.0,0.0,309.825,-3.761,35.43,35.44645690917969,4.98,0.0,0
46806,-0.512,75.586,-0.5,0.0,447.202,0.0,0.0,-0.2,5.737,0,0.0,-0.005,309.825,2.1774,35.43,35.44645690917969,4.98,0.0,0
46806,-0.682,75.586,0.0,0.0,447.081,0.0,0.0,0.0,5.737,0,0.0,0.0,309.825,3.5383,35.550000000000004,35.44645690917969,4.98,0.0,0
46806,-0.512,75.586,0.0,0.0,446.839,0.0,0.0,0.0,5.737,0,0.0,0.005,309.825,-1.4104,36.06,35.44645690917969,4.98,0.0,0
46806,-0.341,75.586,0.0,0.0,446.778,0.0,0.0,0.0,5.737,0,0.0,-0.03,309.69,-0.9650000000000001,35.79,35.44645690917969,4.98,0.0,0
46806,-0.171,75.586,0.0,0.0,446.778,0.0,0.0,0.0,5.737,0,-1.0,0.005,309.69,-1.7568000000000001,34.26,35.44645690917969,4.98,0.0,0
46806,-0.512,75.586,0.0,0.0,446.778,0.0,0.0,-0.2,5.737,0,0.0,0.0,309.915,-2.4578,33.63,35.44645690917969,4.98,0.0,0
46806,-0.853,75.586,0.0,0.0,446.778,0.0,0.0,-0.2,5.737,0,0.0,0.02,309.69,-0.43710000000000004,33.39,35.44645690917969,4.98,0.0,0
46806,-0.512,75.586,0.0,0.0,446.59700000000004,0.0,0.0,0.0,5.737,0,0.0,-0.04,309.69,1.1217000000000001,35.13,35.44645690917969,4.98,0.0,0
46806,-0.341,75.586,0.0,0.0,446.294,0.0,0.0,0.0,5.737,0,0.0,0.025,309.825,1.0310000000000001,36.84,35.44645690917969,4.98,0.0,0
46806,-0.512,75.586,0.0,0.0,446.778,0.0,0.0,0.0,5.737,0,0.0,-0.025,309.825,2.2187,37.29,35.44645690917969,4.98,0.0,0
46806,-0.853,75.586,0.0,0.0,446.778,0.0,0.0,-0.2,5.737,0,0.0,-0.025,309.825,2.0125,37.38,35.44645690917969,4.98,0.0,0
46806,-1.194,75.586,0.0,0.0,446.536,0.0,0.0,-0.2,5.737,0,0.0,0.025,309.69,0.39590000000000003,37.2,35.44645690917969,4.98,0.0,0
46806,-1.194,75.586,0.0,0.0,446.899,0.0,0.0,0.0,5.737,0,-1.0,-0.03,309.69,0.099,35.94,35.44645690917969,4.98,0.0,0
46806,-1.5350000000000001,75.586,0.0,0.0,447.02,0.0,0.0,0.2,5.737,0,0.0,-0.02,309.69,-1.4516,34.77,35.44645690917969,4.98,0.0,0
46806,-0.682,75.586,0.0,0.0,446.778,0.0,0.0,0.0,5.737,0,1.0,0.0,309.825,-2.4743,35.1,35.44645690917969,4.98,0.0,0
46806,-2.0460000000000003,75.586,0.0,0.0,446.475,0.0,0.0,0.0,5.737,0,0.0,-0.015,309.915,4.486800000000001,35.910000000000004,35.44645690917969,4.98,0.0,0
46806,-0.341,75.586,0.0,0.0,446.778,0.0,0.0,0.2,5.737,0,0.0,-0.005,309.69,4.486800000000001,35.64,35.44645690917969,4.98,0.0,0
46806,-1.364,75.586,0.0,0.0,447.081,0.0,0.0,-0.2,5.737,0,0.0,-0.005,309.825,-1.9795,35.37,35.44645690917969,4.98,0.0,0
46806,-0.512,75.586,0.0,0.0,447.202,0.0,0.0,0.0,5.737,0,0.0,0.0,309.825,-0.19790000000000002,34.5,35.44645690917969,4.98,0.0,0
46806,-2.217,75.586,0.0,0.0,446.899,0.0,0.0,-0.2,5.737,0,-1.0,-0.05,309.915,4.6188,33.63,35.44645690917969,4.98,0.0,0
46806,-0.853,75.586,0.0,0.0,446.658,0.0,0.0,-0.2,5.737,0,0.0,0.015,309.825,0.5279,32.82,35.44645690917969,4.98,0.0,0
46806,-1.705,75.586,0.0,0.0,447.081,0.0,0.0,0.0,5.737,0,0.0,-0.055,309.825,-2.7713,33.99,35.44645690917969,4.98,0.0,0
46806,-0.512,75.586,0.0,0.0,447.262,0.0,0.0,0.2,5.737,0,0.0,0.005,309.825,-4.9487000000000005,35.31,35.44645690917969,4.98,0.0,0
46806,-2.387,75.586,0.0,0.0,446.96000000000004,0.0,0.0,0.0,5.737,0,0.0,-0.06,309.825,3.2991,36.54,35.44645690917969,4.98,0.0,0
46806,-1.0230000000000001,75.586,0.0,0.0,446.839,0.0,0.0,0.0,5.737,0,0.0,-0.035,309.915,2.5733,36.99,35.44645690917969,4.98,0.0,0
46806,-2.0460000000000003,75.586,0.0,0.0,446.96000000000004,0.0,0.0,0.0,5.737,0,0.0,-0.015,309.915,0.9238000000000001,36.33,35.44645690917969,4.98,0.0,0
46806,-0.512,75.586,0.0,0.0,447.262,0.0,0.0,-0.2,5.737,0,-1.0,-0.06,309.915,3.629,35.79,35.44645690917969,4.98,0.0,0
46806,-2.387,75.586,0.0,0.0,447.141,0.0,0.0,0.0,5.737,0,0.0,0.005,309.69,-4.8827,34.89,35.44645690917969,4.98,0.0,0
46806,-0.682,75.586,0.0,0.0,447.081,0.0,0.0,0.0,5.737,0,0.0,0.0,309.69,-4.3218000000000005,34.29,35.44645690917969,4.98,0.0,0
46806,-2.5580000000000003,75.586,0.0,0.0,447.32300000000004,0.0,0.0,0.2,5.737,0,-1.0,-0.045,309.825,-0.7918000000000001,33.45,35.44645690917969,4.98,0.0,0
46806,-0.171,75.586,0.0,0.0,447.02,0.0,0.0,0.0,5.737,0,0.0,-0.035,309.825,-3.2661000000000002,34.05,35.44645690917969,4.98,0.0,0
46806,-3.0700000000000003,75.586,0.0,0.0,446.778,0.0,0.0,0.0,5.737,0,0.0,0.005,309.69,-1.3196,34.77,35.44645690917969,4.98,0.0,0
46806,-0.853,75.586,0.0,0.0,446.899,0.0,0.0,0.0,5.737,0,0.0,-0.05,309.825,5.806500000000001,34.71,35.44645690917969,4.98,0.0,0
46806,-2.5580000000000003,75.586,0.0,0.0,446.899,0.0,0.0,0.0,5.737,0,0.0,0.0,309.69,-0.2639,34.38,35.44645690917969,4.98,0.0,0
46806,-0.341,75.586,0.0,0.0,446.96000000000004,0.0,0.0,0.0,5.737,0,0.0,0.0,309.69,-3.4311000000000003,34.08,35.44645690917969,4.98,0.0,0
46806,0.171,75.586,0.0,0.0,446.96000000000004,0.0,0.0,0.0,5.737,0,0.0,-0.02,309.69,-5.0147,34.08,35.44645690917969,4.98,0.0,0
46806,0.512,75.586,0.0,0.0,447.02,0.0,0.0,-0.2,5.737,0,0.0,-0.055,309.915,2.3589,34.68,35.44645690917969,4.98,0.0,0
46806,1.364,75.586,0.0,0.0,447.262,0.0,0.0,-0.2,5.737,0,0.0,0.005,309.825,2.9445,35.25,35.44645690917969,4.98,0.0,0
46806,0.0,75.586,0.0,0.0,447.02,0.0,0.0,0.0,5.737,0,0.0,-0.05,309.825,1.097,35.730000000000004,35.44645690917969,4.98,0.0,0
46806,0.853,75.586,0.0,0.0,447.081,0.0,0.0,0.0,5.737,0,0.0,0.07,309.825,-1.8310000000000002,35.160000000000004,35.44645690917969,4.98,0.0,0
46806,1.364,75.586,0.0,0.0,446.899,0.0,0.0,0.0,5.737,0,0.0,-0.025,309.69,-1.7568000000000001,34.800000000000004,35.44645690917969,4.98,0.0,0
46806,1.705,75.586,0.0,0.0,446.839,0.0,0.0,-0.2,5.737,0,-2.0,-0.06,309.825,-1.3032000000000001,34.44,35.44645690917969,4.98,0.0,0
46806,0.0,75.586,0.0,0.0,446.96000000000004,0.0,0.0,0.0,5.737,0,0.0,-0.005,309.69,1.0805,34.32,35.44645690917969,4.98,0.0,0
46806,0.682,75.586,0.0,0.0,446.475,0.0,0.0,0.2,5.737,0,-1.0,0.0,309.915,2.1114,34.800000000000004,35.44645690917969,4.98,0.0,0
46806,1.5350000000000001,75.586,0.0,0.0,446.718,0.0,0.0,0.0,5.737,0,0.0,-0.105,309.69,0.48660000000000003,34.47,35.44645690917969,4.98,0.0,0
46806,2.217,75.586,0.0,0.0,446.718,0.0,0.0,-0.2,5.737,0,-1.0,-0.02,309.915,3.4146,34.26,35.44645690917969,4.98,0.0,0
46806,0.512,75.586,0.0,0.0,447.081,0.0,0.0,-0.2,5.737,0,0.0,-0.045,309.825,-0.0495,33.93,35.44645690917969,4.98,0.0,0
46806,0.853,75.586,0.0,0.0,447.141,0.0,0.0,-0.2,5.737,0,-1.0,-0.025,309.825,2.1774,34.35,35.44645690917969,4.98,0.0,0
46806,1.364,75.586,0.0,0.0,447.202,0.0,0.0,0.0,5.737,0,0.0,0.0,309.69,-0.8825000000000001,34.26,35.44645690917969,4.98,0.0,0
46806,2.728,75.586,0.0,0.0,447.081,0.0,0.0,0.0,5.737,0,-1.0,0.03,309.825,-2.7053000000000003,34.62,35.44645690917969,4.98,0.0,0
46806,0.512,75.586,0.0,0.0,446.839,0.0,0.0,0.2,5.737,0,0.0,-0.005,309.825,-2.6393,34.47,35.44645690917969,4.98,0.0,0
46806,1.194,75.586,0.0,0.0,446.778,0.0,0.0,0.2,5.737,0,-1.0,0.03,309.915,5.658,35.550000000000004,35.44645690917969,4.98,0.0,0
46806,1.8760000000000001,75.586,0.5,0.0,447.081,0.0,0.0,0.0,5.737,0,-1.0,0.0,309.825,0.39590000000000003,35.61,35.44645690917969,4.98,0.0,0
46806,2.387,75.586,0.0,0.0,447.081,0.0,0.0,0.0,5.737,0,0.0,-0.035,309.69,-3.1424000000000003,36.18,35.44645690917969,4.98,0.0,0
46806,0.682,75.586,0.0,0.0,446.778,0.0,0.0,0.2,5.737,0,0.0,-0.03,309.825,-0.9073,36.42,35.44645690917969,4.98,0.0,0
46806,0.512,75.586,0.0,0.0,447.081,0.0,0.0,-0.2,5.737,0,-1.0,-0.015,309.69,-1.5836000000000001,35.34,35.44645690917969,4.98,0.0,0
46806,1.5350000000000001,75.586,0.0,0.0,447.081,0.0,0.0,0.2,5.737,0,-1.0,-0.01,309.825,2.3506,34.89,35.44645690917969,4.98,0.0,0
46806,-1.705,75.586,0.0,0.0,447.081,0.0,0.0,-0.2,5.737,0,0.0,0.055,309.825,1.7485000000000002,34.83,35.44645690917969,4.98,0.0,0
46806,-3.24,75.586,-0.5,0.0,446.778,0.0,0.0,0.0,5.737,0,0.0,-0.06,309.825,2.2434000000000003,34.230000000000004,35.44645690917969,4.98,0.0,0
46806,-0.341,75.586,0.0,0.0,446.899,0.0,0.0,0.0,5.737,0,0.0,-0.04,309.915,-0.6928000000000001,34.32,35.44645690917969,4.98,0.0,0
46806,-3.7520000000000002,75.586,0.0,0.0,447.081,0.0,0.0,-0.2,5.737,0,0.0,0.0,309.825,-0.132,34.35,35.44645690917969,4.98,0.0,0
46806,-1.5350000000000001,75.586,0.0,0.0,447.081,0.0,0.0,-0.2,5.737,0,0.0,-0.065,309.69,-1.2207000000000001,34.59,35.44645690917969,4.98,0.0,0
46806,-2.0460000000000003,75.586,-0.5,0.0,446.839,0.0,0.0,0.0,5.737,0,0.0,0.015,309.915,-0.7918000000000001,34.29,35.44645690917969,4.98,0.0,0
46806,-0.512,75.586,0.0,0.0,446.839,0.0,0.0,0.2,5.737,0,0.0,0.06,309.825,3.6950000000000003,34.65,35.44645690917969,4.98,0.0,0
46806,-1.8760000000000001,75.586,0.0,0.0,446.778,0.0,0.0,-0.2,5.737,0,0.0,-0.025,309.69,-0.7918000000000001,35.52,35.44645690917969,4.98,0.0,0
46806,-0.853,75.586,0.0,0.0,446.718,0.0,0.0,0.0,5.737,0,0.0,-0.02,309.69,-4.8497,35.94,35.44645690917969,4.98,0.0,0
46806,-1.0230000000000001,75.586,0.5,0.0,446.778,0.0,0.0,0.0,5.737,0,0.0,-0.025,309.69,-2.3754,35.52,35.44645690917969,4.98,0.0,0
46806,-1.0230000000000001,75.586,0.0,0.0,446.778,0.0,0.0,0.0,5.737,0,0.0,-0.015,309.825,1.4846000000000001,35.910000000000004,35.44645690917969,4.98,0.0,0
46806,-0.682,75.586,0.0,0.0,447.081,0.0,0.0,0.0,5.737,0,0.0,0.0,309.825,4.8827,35.22,35.44645690917969,4.98,0.0,0
46806,-1.0230000000000001,75.586,0.0,0.0,446.899,0.0,0.0,0.0,5.737,0,0.0,0.025,310.005,6.103400000000001,35.52,35.44645690917969,4.98,0.0,0
46806,-0.853,75.586,0.0,0.0,446.778,0.0,0.0,-0.2,5.737,0,-1.0,-0.035,309.825,1.3196,35.07,35.44645690917969,4.98,0.0,0
46806,-0.341,75.586,0.0,0.0,446.778,0.0,0.0,-0.2,5.737,0,0.0,-0.03,309.825,-5.0147,34.56,35.44645690917969,4.98,0.0,0
46806,-0.341,75.586,0.0,0.0,446.96000000000004,0.0,0.0,0.2,5.737,0,0.0,-0.02,309.69,-8.1818,33.63,35.44645690917969,4.98,0.0,0
46806,-0.512,75.586,0.0,0.0,446.899,0.0,0.0,-0.2,5.737,0,0.0,-0.01,309.915,3.3651,33.75,35.44645690917969,4.98,0.0,0
46806,-0.341,75.586,0.0,0.0,446.839,0.0,0.0,0.0,5.737,0,-1.0,-0.035,309.69,-2.5073000000000003,34.230000000000004,35.44645690917969,4.98,0.0,0
46806,-0.853,75.586,0.0,0.0,446.778,0.0,0.0,-0.2,5.737,0,0.0,-0.02,309.825,-0.8908,34.74,35.44645690917969,4.98,0.0,0
46806,-0.682,75.586,0.0,0.0,446.778,0.0,0.0,0.2,5.737,0,0.0,0.005,309.69,-1.4516,35.7,35.44645690917969,4.98,0.0,0
46806,-0.512,75.586,0.0,0.0,446.536,0.0,0.0,0.0,5.737,0,0.0,-0.005,309.825,0.6928000000000001,36.12,35.44645690917969,4.98,0.0,0
46806,-0.512,75.586,0.0,0.0,446.658,0.0,0.0,0.2,5.737,0,0.0,-0.01,309.825,1.1877,36.0,35.44645690917969,4.98,0.0,0
46806,-1.0230000000000001,75.586,0.0,0.0,447.141,0.0,0.0,0.0,5.737,0,0.0,-0.005,309.825,1.4846000000000001,35.550000000000004,35.44645690917969,4.98,0.0,0
46806,-1.0230000000000001,75.586,0.0,0.0,447.02,0.0,0.0,0.2,5.737,0,0.0,-0.005,309.825,0.0,35.22,35.44645690917969,4.98,0.0,0
46806,-0.682,75.586,0.0,0.0,447.02,0.0,0.0,0.0,5.737,0,-1.0,0.0,309.825,-1.5836000000000001,35.49,35.44645690917969,4.98,0.0,0
46806,-0.341,75.586,0.0,0.0,447.02,0.0,0.0,0.2,5.737,0,0.0,0.005,309.825,-1.3856000000000002,35.550000000000004,35.44645690917969,4.98,0.0,0
46806,-0.682,75.586,0.5,0.0,446.899,0.0,0.0,-0.2,5.737,0,0.0,-0.03,309.915,-0.6763,35.76,35.44645690917969,4.98,0.0,0
46806,-0.853,75.586,0.0,0.0,446.899,0.0,0.0,0.2,5.737,0,0.0,0.01,309.825,3.6950000000000003,35.22,35.44645690917969,4.98,0.0,0
46806,-1.0230000000000001,75.586,-0.5,0.0,447.081,0.0,0.0,0.2,5.737,0,0.0,0.045,309.825,2.9692000000000003,34.74,35.44645690917969,4.98,0.0,0
46806,-0.853,75.586,0.0,0.0,446.899,0.0,0.0,0.2,5.737,0,0.0,-0.03,309.825,-1.8475000000000001,34.17,35.44645690917969,4.98,0.0,0
46806,-0.341,75.586,0.0,0.0,446.839,0.0,0.0,0.2,5.737,0,-1.0,-0.05,309.69,-0.5031,34.26,35.44645690917969,4.98,0.0,0
46806,-0.341,75.586,0.0,0.0,446.899,0.0,0.0,0.2,5.737,0,0.0,-0.045,309.825,-3.1672000000000002,34.71,35.44645690917969,4.98,0.0,0
46806,-0.853,75.586,0.0,0.0,446.899,0.0,0.0,0.2,5.737,0,0.0,0.03,309.69,-3.0764,34.86,35.44645690917969,4.98,0.0,0
46806,-0.512,75.586,0.0,0.0,446.415,0.0,0.0,0.0,5.737,0,0.0,-0.02,309.825,2.6558,35.88,35.44645690917969,4.98,0.0,0
46806,-0.682,75.586,0.0,0.0,446.415,0.0,0.0,0.0,5.737,0,0.0,-0.035,309.825,2.7713,36.9,35.44645690917969,4.98,0.0,0
46806,-0.512,75.586,0.0,0.0,446.778,0.0,0.0,0.0,5.737,0,0.0,-0.005,309.69,1.8723,36.9,35.44645690917969,4.98,0.0,0
46806,-0.853,75.586,0.0,0.0,446.899,0.0,0.0,0.2,5.737,0,0.0,0.0,309.825,-0.8578,36.39,35.44645690917969,4.98,0.0,0
46806,-0.512,75.586,0.0,0.0,446.899,0.0,0.0,-0.2,5.737,0,0.0,0.005,309.915,-0.9402,35.88,35.44645690917969,4.98,0.0,0
46806,-0.682,75.586,0.0,0.0,446.899,0.0,0.0,0.0,5.737,0,-1.0,0.0,309.825,4.3301,35.85,35.44645690917969,4.98,0.0,0
46806,-0.341,75.586,0.0,0.0,446.899,0.0,0.0,0.0,5.737,0,0.0,-0.005,309.825,1.5176,35.67,35.44645690917969,4.98,0.0,0
46806,-0.853,75.586,0.0,0.0,447.262,0.0,0.0,0.0,5.737,0,-1.0,-0.045,309.69,-4.9074,35.88,35.44645690917969,4.98,0.0,0
46806,-0.682,75.586,0.5,0.0,447.081,0.0,0.0,0.0,5.737,0,0.0,-0.005,309.825,-0.2474,35.34,35.44645690917969,4.98,0.0,0
46806,-0.682,75.586,0.0,0.0,446.59700000000004,0.0,0.0,0.2,5.737,0,-1.0,-0.07,309.69,2.0702000000000003,34.65,35.44645690917969,4.98,0.0,0
46806,-0.853,75.586,0.0,0.0,447.02,0.0,0.0,0.0,5.737,0,0.0,-0.06,309.825,0.5938,33.93,35.44645690917969,4.98,0.0,0
46806,-0.682,75.586,0.0,0.0,447.081,0.0,0.0,0.0,5.737,0,-1.0,-0.015,309.69,-0.3052,33.69,35.44645690917969,4.98,0.0,0
46806,-0.512,75.586,0.0,0.0,446.899,0.0,0.0,0.0,5.737,0,-1.0,-0.015,309.825,1.4021000000000001,34.53,35.44645690917969,4.98,0.0,0
46806,-0.682,75.586,0.0,0.0,446.59700000000004,0.0,0.0,0.0,5.737,0,0.0,0.045,309.825,0.6598,35.82,35.44645690917969,4.98,0.0,0
46806,-0.682,75.586,0.0,0.0,446.59700000000004,0.0,0.0,0.0,5.737,0,0.0,-0.01,309.825,0.7918000000000001,35.94,35.44645690917969,4.98,0.0,0
46806,-1.0230000000000001,75.586,0.0,0.0,447.081,0.0,0.0,0.2,5.737,0,0.0,0.0,309.825,1.4516,37.800000000000004,35.44645690917969,4.98,0.0,0
46806,-0.512,75.586,0.0,0.0,447.141,0.0,0.0,0.2,5.737,0,0.0,-0.01,309.825,1.5836000000000001,37.95,35.44645690917969,4.98,0.0,0
46806,-0.512,75.586,0.0,0.0,446.96000000000004,0.0,0.0,0.0,5.737,0,0.0,0.0,309.825,0.2639,37.11,35.44645690917969,4.98,0.0,0
46806,-0.341,75.586,0.0,0.0,447.262,0.0,0.0,-0.2,5.737,0,0.0,0.0,309.915,-2.4413,36.39,35.44645690917969,4.98,0.0,0
46806,-0.512,75.586,0.0,0.0,447.262,0.0,0.0,0.0,5.737,0,0.0,0.005,309.69,-2.3754,35.28,35.44645690917969,4.98,0.0,0
46806,-0.682,75.586,0.0,0.0,447.262,0.0,0.0,0.0,5.737,0,0.0,-0.025,309.825,0.2639,35.07,35.44645690917969,4.98,0.0,0
46806,-0.512,75.586,0.0,0.0,447.081,0.0,0.0,0.2,5.737,0,-1.0,0.0,309.825,-0.6598,35.160000000000004,35.44645690917969,4.98,0.0,0
46806,-0.512,75.586,0.0,0.0,447.262,0.0,0.0,0.2,5.737,0,-1.0,0.015,309.825,-0.099,36.15,35.44645690917969,4.98,0.0,0
46806,-0.682,75.586,0.0,0.0,447.202,0.0,0.0,0.2,5.737,0,0.0,0.005,309.915,3.563,35.34,35.44645690917969,4.98,0.0,0
46806,-0.341,75.586,0.0,0.0,446.899,0.0,0.0,0.0,5.737,0,-1.0,-0.025,309.915,3.8930000000000002,34.83,35.44645690917969,4.98,0.0,0
46806,-0.341,75.586,0.0,0.0,446.899,0.0,0.0,0.2,5.737,0,0.0,-0.06,309.915,0.5279,34.47,35.44645690917969,4.98,0.0,0
46806,-0.682,75.586,0.0,0.0,447.141,0.0,0.0,0.2,5.737,0,0.0,-0.08,309.825,0.5938,34.59,35.44645690917969,4.98,0.0,0
46806,-0.682,75.586,0.0,0.0,447.141,0.0,0.0,0.0,5.737,0,0.0,0.0,309.825,-2.3754,34.86,35.44645690917969,4.98,0.0,0
46806,-0.341,75.586,0.0,0.0,446.96000000000004,0.0,0.0,0.0,5.737,0,0.0,-0.02,309.825,-0.46190000000000003,36.300000000000004,35.44645690917969,4.98,0.0,0
46806,-0.512,75.586,0.0,0.0,446.59700000000004,0.0,0.0,0.2,5.737,0,-1.0,-0.045,309.825,0.2639,37.44,35.44645690917969,4.98,0.0,0
46806,-1.0230000000000001,75.586,0.0,0.0,446.778,0.0,0.0,0.0,5.737,0,0.0,0.005,309.69,-0.4289,37.83,35.44645690917969,4.98,0.0,0
46806,-0.853,75.586,0.0,0.0,447.02,0.0,0.0,0.0,5.737,0,0.0,-0.075,309.825,-3.6950000000000003,37.11,35.44645690917969,4.98,0.0,0
46806,-0.682,75.586,0.0,0.0,446.899,0.0,0.0,0.0,5.737,0,-1.0,0.015,309.825,-3.9589000000000003,35.46,35.44645690917969,4.98,0.0,0
46806,-0.512,75.586,0.0,0.0,447.262,0.0,0.0,0.2,5.737,0,0.0,-0.015,309.825,3.1672000000000002,34.71,35.44645690917969,4.98,0.0,0
46806,-0.512,75.586,0.0,0.0,447.262,0.0,0.0,-0.2,5.737,0,-1.0,-0.025,309.825,2.3754,34.92,35.44645690917969,4.98,0.0,0
46806,-0.853,75.586,0.0,0.0,447.081,0.0,0.0,-0.2,5.737,0,0.0,-0.035,309.825,1.9795,34.230000000000004,35.44645690917969,4.98,0.0,0
46806,-0.341,75.586,0.0,0.0,447.081,0.0,0.0,0.0,5.737,0,0.0,-0.015,309.825,0.0,34.38,35.44645690917969,4.98,0.0,0
46806,-0.512,75.586,0.0,0.0,447.262,0.0,0.0,0.0,5.737,0,0.0,0.005,309.915,1.8475000000000001,34.800000000000004,35.44645690917969,4.98,0.0,0
46806,-0.682,75.586,0.0,0.0,447.202,0.0,0.0,0.0,5.737,0,-1.0,-0.035,309.825,-1.0557,34.74,35.44645690917969,4.98,0.0,0
46806,-0.682,75.586,0.0,0.0,446.899,0.0,0.0,0.0,5.737,0,0.0,0.0,309.825,-0.39590000000000003,34.92,35.44645690917969,4.98,0.0,0
46806,-0.682,75.586,0.0,0.0,446.96000000000004,0.0,0.0,0.0,5.737,0,-1.0,-0.055,309.825,1.3856000000000002,35.49,35.44645690917969,4.98,0.0,0
46806,-0.853,75.586,0.0,0.0,447.202,0.0,0.0,-0.2,5.737,0,0.0,-0.025,309.825,0.0,36.96,35.44645690917969,4.98,0.0,0
46806,-0.853,75.586,0.0,0.0,447.202,0.0,0.0,0.0,5.737,0,0.0,-0.01,309.825,-1.3196,37.800000000000004,35.44645690917969,4.98,0.0,0
46806,-0.682,75.586,0.0,0.0,447.262,0.0,0.0,0.0,5.737,0,0.0,-0.075,309.825,0.6598,37.17,35.44645690917969,4.98,0.0,0
46806,-0.512,75.586,0.0,0.0,447.262,0.0,0.0,0.0,5.737,0,-1.0,-0.045,309.825,1.5836000000000001,37.050000000000004,35.44645690917969,4.98,0.0,0
46806,-0.853,75.586,0.0,0.0,447.262,0.0,0.0,-0.2,5.737,0,0.0,-0.03,309.825,1.3856000000000002,36.96,35.44645690917969,4.98,0.0,0
46806,-0.341,75.586,0.5,0.0,447.383,0.0,0.0,-0.2,5.737,0,0.0,-0.035,309.825,-3.1012,36.480000000000004,35.44645690917969,4.98,0.0,0
46806,-0.512,75.586,0.0,0.0,447.444,0.0,0.0,0.0,5.737,0,-1.0,-0.025,309.825,-0.9897,35.7,35.44645690917969,4.98,0.0,0
46806,-0.512,75.586,0.0,0.0,447.081,0.0,0.0,0.0,5.737,0,0.0,-0.005,309.825,2.1774,35.04,35.44645690917969,4.98,0.0,0
46806,-0.512,75.586,0.0,0.0,447.383,0.0,0.0,0.0,5.737,0,-1.0,-0.015,309.825,0.0,35.34,35.44645690917969,4.98,0.0,0
46806,-0.853,75.586,0.0,0.0,447.383,0.0,0.0,-0.2,5.737,0,0.0,-0.025,309.825,1.7155,34.95,35.44645690917969,4.98,0.0,0
46806,-0.682,75.586,0.0,0.0,447.202,0.0,0.0,-0.2,5.737,0,0.0,-0.005,309.825,0.39590000000000003,34.89,35.44645690917969,4.98,0.0,0
46806,-0.682,75.586,0.0,0.0,447.564,0.0,0.0,0.0,5.737,0,0.0,-0.01,309.825,-0.9238000000000001,34.86,35.44645690917969,4.98,0.0,0
46806,-0.682,75.586,-0.5,0.0,447.564,0.0,0.0,-0.2,5.737,0,-1.0,0.01,309.69,-2.664,35.4,35.44645690917969,4.98,0.0,0
46806,-0.512,75.586,0.0,0.0,447.444,0.0,0.0,0.0,5.737,0,0.0,-0.07,309.825,-0.9897,35.910000000000004,35.44645690917969,4.98,0.0,0
46806,-0.341,75.586,0.0,0.0,447.504,0.0,0.0,0.0,5.737,0,0.0,-0.025,309.825,0.9897,36.75,35.44645690917969,4.98,0.0,0
46806,-0.512,75.586,0.0,0.0,447.444,0.0,0.0,0.0,5.737,0,-1.0,-0.03,309.69,1.3856000000000002,37.29,35.44645690917969,4.98,0.0,0
46806,-1.0230000000000001,75.586,0.0,0.0,447.444,0.0,0.0,0.0,5.737,0,-1.0,-0.05,309.825,-1.3856000000000002,37.71,35.44645690917969,4.98,0.0,0
46806,-0.512,75.586,0.0,0.0,447.444,0.0,0.0,0.0,5.737,0,0.0,0.005,309.825,0.5938,37.83,35.44645690917969,4.98,0.0,0
46806,-0.341,75.586,0.0,0.0,447.32300000000004,0.0,0.0,0.2,5.737,0,-1.0,-0.02,309.825,2.5733,36.87,35.44645690917969,4.98,0.0,0
46806,-0.512,75.586,0.0,0.0,447.141,0.0,0.0,-0.2,5.737,0,0.0,-0.005,309.915,-3.8435,35.25,35.44645690917969,4.98,0.0,0
46806,-0.341,75.586,0.0,0.0,447.383,0.0,0.0,-0.2,5.737,0,0.0,0.0,309.825,1.9795,34.5,35.44645690917969,4.98,0.0,0
46806,-0.341,75.586,0.0,0.0,447.625,0.0,0.0,-0.2,5.737,0,0.0,0.015,309.69,2.5321000000000002,33.75,35.44645690917969,4.98,0.0,0
46806,-0.682,75.586,0.0,0.0,447.746,0.0,0.0,0.2,5.737,0,-1.0,-0.025,309.825,-2.0702000000000003,33.9,35.44645690917969,4.98,0.0,0
46806,-0.341,75.586,0.0,0.0,447.564,0.0,0.0,0.0,5.737,0,0.0,-0.005,309.915,-0.5444,34.89,35.44645690917969,4.98,0.0,0
46806,-0.682,75.586,0.0,0.0,447.262,0.0,0.0,0.0,5.737,0,0.0,0.01,309.915,5.3941,35.49,35.44645690917969,4.98,0.0,0
46806,-0.341,75.586,0.0,0.0,447.32300000000004,0.0,0.0,0.0,5.737,0,0.0,-0.01,309.825,5.476500000000001,35.94,35.44645690917969,4.98,0.0,0
46806,-0.512,75.586,0.0,0.0,447.444,0.0,0.0,0.0,5.737,0,0.0,-0.05,309.69,-5.4518,36.54,35.44645690917969,4.98,0.0,0
46806,-0.341,75.586,0.0,0.0,447.564,0.0,0.0,0.0,5.737,0,-1.0,-0.03,309.825,-4.8002,35.550000000000004,35.44645690917969,4.98,0.0,0
46806,-0.512,75.586,0.0,0.0,447.383,0.0,0.0,0.2,5.737,0,-1.0,-0.005,309.825,0.47840000000000005,35.37,35.44645690917969,4.98,0.0,0
46806,-0.682,75.586,0.0,0.0,447.262,0.0,0.0,-0.2,5.737,0,0.0,-0.02,309.825,1.1877,35.43,35.44645690917969,4.98,0.0,0
46806,-0.512,75.586,0.0,0.0,447.262,0.0,0.0,0.0,5.737,0,0.0,-0.01,309.825,1.4846000000000001,35.79,35.44645690917969,4.98,0.0,0
46806,-0.341,75.586,0.0,0.0,447.262,0.0,0.0,0.0,5.737,0,0.0,-0.04,309.825,1.3196,35.910000000000004,35.44645690917969,4.98,0.0,0
46806,-0.682,75.586,0.0,0.0,447.504,0.0,0.0,0.0,5.737,0,0.0,-0.07,309.915,-1.3856000000000002,35.79,35.44645690917969,4.98,0.0,0
46806,-0.341,75.586,0.0,0.0,447.32300000000004,0.0,0.0,0.0,5.737,0,0.0,-0.025,309.69,-2.3754,35.94,35.44645690917969,4.98,0.0,0
46806,-0.512,75.586,0.0,0.0,447.444,0.0,0.0,0.2,5.737,0,-1.0,-0.02,309.915,1.2537,35.4,35.44645690917969,4.98,0.0,0
46806,-0.341,75.586,0.0,0.0,447.383,0.0,0.0,0.0,5.737,0,0.0,-0.05,309.825,-3.1672000000000002,34.29,35.44645690917969,4.98,0.0,0
46806,-0.512,75.586,0.0,0.0,447.383,0.0,0.0,-0.2,5.737,0,0.0,-0.005,309.915,1.9465000000000001,33.42,35.44645690917969,4.98,0.0,0
46806,-0.682,75.586,0.0,0.0,447.504,0.0,0.0,-0.2,5.737,0,0.0,-0.035,309.915,0.7918000000000001,33.480000000000004,35.44645690917969,4.98,0.0,0
46806,-0.341,75.586,0.0,0.0,447.444,0.0,0.0,0.0,5.737,0,0.0,-0.015,309.915,2.5733,33.9,35.44645690917969,4.98,0.0,0
46806,-0.682,75.586,0.0,0.0,447.141,0.0,0.0,-0.2,5.737,0,0.0,0.02,309.915,0.2639,34.53,35.44645690917969,4.98,0.0,0
46806,-0.512,75.586,0.0,0.0,447.32300000000004,0.0,0.0,-0.2,5.737,0,-1.0,-0.01,309.915,-2.6393,35.97,35.44645690917969,4.98,0.0,0
46806,-0.682,75.586,0.0,0.0,447.564,0.0,0.0,0.0,5.737,0,0.0,-0.015,309.825,-1.4516,36.63,35.44645690917969,4.98,0.0,0
46806,-1.0230000000000001,75.586,0.0,0.0,447.625,0.0,0.0,-0.2,5.737,0,0.0,-0.045,309.69,0.4289,36.03,35.44645690917969,4.98,0.0,0
46806,-1.0230000000000001,75.586,0.5,0.0,447.625,0.0,0.0,0.0,5.737,0,0.0,-0.005,309.825,-3.2991,35.67,35.44645690917969,4.98,0.0,0
46806,-0.853,75.586,0.0,0.0,447.746,0.0,0.0,-0.2,5.737,0,0.0,-0.01,309.825,-4.7507,35.79,35.44645690917969,4.98,0.0,0
46806,-1.0230000000000001,75.586,0.5,0.0,447.081,0.0,0.0,0.0,5.737,0,0.0,-0.015,309.825,4.7507,35.67,35.44645690917969,4.98,0.0,0
46806,-0.512,75.586,-0.5,0.0,447.262,0.0,0.0,0.2,5.737,0,-1.0,-0.01,309.825,2.3754,36.15,35.44645690917969,4.98,0.0,0
46806,-0.512,75.586,0.0,0.0,447.444,0.0,0.0,0.2,5.737,0,0.0,-0.04,309.825,0.39590000000000003,35.82,35.44645690917969,4.98,0.0,0
46806,-0.853,75.586,0.0,0.0,447.625,0.0,0.0,-0.2,5.737,0,0.0,-0.01,309.915,-0.5938,34.89,35.44645690917969,4.98,0.0,0
46806,-0.682,75.586,0.0,0.0,447.32300000000004,0.0,0.0,0.0,5.737,0,0.0,-0.02,309.69,-1.9795,33.96,35.44645690917969,4.98,0.0,0
46806,-0.853,75.586,0.0,0.0,447.202,0.0,0.0,0.2,5.737,0,0.0,-0.005,309.915,3.629,33.54,35.44645690917969,4.98,0.0,0
46806,-0.682,75.586,0.0,0.0,447.141,0.0,0.0,0.0,5.737,0,-1.0,0.0,309.915,1.9795,34.17,35.44645690917969,4.98,0.0,0
46806,-0.853,75.586,0.0,0.0,447.262,0.0,0.0,0.0,5.737,0,0.0,-0.015,309.69,-3.9589000000000003,34.95,35.44645690917969,4.98,0.0,0
46806,-0.853,75.586,0.0,0.0,447.262,0.0,0.0,0.0,5.737,0,0.0,-0.04,309.69,-5.2786,35.7,35.44645690917969,4.98,0.0,0
46806,-1.0230000000000001,75.586,0.0,0.0,447.564,0.0,0.0,-0.2,5.737,0,-1.0,-0.02,309.69,-0.8908,37.08,35.44645690917969,4.98,0.0,0
46806,-0.341,75.586,0.0,0.0,447.081,0.0,0.0,0.2,5.737,0,0.0,-0.025,309.69,-1.7155,36.63,35.44645690917969,4.98,0.0,0
46806,-0.512,75.586,0.0,0.0,446.718,0.0,0.0,0.0,5.737,0,0.0,-0.02,309.825,3.0682,35.730000000000004,35.44645690917969,4.98,0.0,0
46806,-0.341,75.586,0.0,0.0,447.202,0.0,0.0,0.0,5.737,0,0.0,0.0,309.825,3.9589000000000003,35.31,35.44645690917969,4.98,0.0,0
46806,-0.512,75.586,0.0,0.0,447.02,0.0,0.0,0.0,5.737,0,0.0,-0.065,309.915,4.0579,35.160000000000004,35.44645690917969,4.98,0.0,0
46806,-0.512,75.586,0.0,0.0,447.02,0.0,0.0,0.0,5.737,0,-1.0,0.0,309.825,-0.9238000000000001,34.83,35.44645690917969,4.98,0.0,0
46806,-0.341,75.586,0.0,0.0,447.141,0.0,0.0,0.0,5.737,0,0.0,-0.005,309.825,-3.1672000000000002,35.160000000000004,35.44645690917969,4.98,0.0,0
46806,-0.341,75.586,0.5,0.0,447.262,0.0,0.0,0.2,5.737,0,0.0,-0.09,309.69,-2.2434000000000003,35.58,35.44645690917969,4.98,0.0,0
46806,-0.682,75.586,0.0,0.0,447.32300000000004,0.0,0.0,0.2,5.737,0,0.0,0.035,309.69,1.1547,35.04,35.44645690917969,4.98,0.0,0
46806,-0.853,75.586,0.0,0.0,447.32300000000004,0.0,0.0,0.2,5.737,0,0.0,-0.045,309.69,0.7505000000000001,35.04,35.44645690917969,4.98,0.0,0
46806,-0.853,75.586,0.0,0.0,447.444,0.0,0.0,0.0,5.737,0,-1.0,-0.035,309.915,0.5114000000000001,34.26,35.44645690917969,4.98,0.0,0
46806,-0.341,75.586,0.0,0.0,447.081,0.0,0.0,-0.2,5.737,0,0.0,-0.075,309.69,-1.1877,33.99,35.44645690917969,4.98,0.0,0
46806,-1.0230000000000001,75.586,0.0,0.0,446.718,0.0,0.0,0.0,5.737,0,0.0,-0.02,309.825,0.767,34.59,35.44645690917969,4.98,0.0,0
46806,-0.853,75.586,0.0,0.0,447.141,0.0,0.0,0.2,5.737,0,-1.0,-0.015,309.69,-1.4269,36.300000000000004,35.44645690917969,4.98,0.0,0
46806,-0.512,75.586,0.0,0.0,447.202,0.0,0.0,0.0,5.737,0,0.0,0.015,309.825,-3.0599000000000003,37.38,35.44645690917969,4.98,0.0,0
46806,-0.682,75.586,-0.5,0.0,446.839,0.0,0.0,-0.2,5.737,0,0.0,-0.07,309.825,0.8578,36.9,35.44645690917969,4.98,0.0,0
46806,-0.512,75.586,0.0,0.0,447.141,0.0,0.0,0.0,5.737,0,0.0,-0.015,309.69,5.0806000000000004,35.76,35.44645690917969,4.98,0.0,0
46806,-0.682,75.586,0.0,0.0,447.444,0.0,0.0,-0.2,5.737,0,0.0,0.0,309.825,-1.8063,34.89,35.44645690917969,4.98,0.0,0
46806,-0.682,75.586,0.0,0.0,447.444,0.0,0.0,0.2,5.737,0,0.0,-0.02,309.69,-0.17320000000000002,34.71,35.44645690917969,4.98,0.0,0
46806,-0.853,75.586,0.0,0.0,447.141,0.0,0.0,-0.2,5.737,0,0.0,-0.035,309.825,2.6393,35.34,35.44645690917969,4.98,0.0,0
46806,-0.512,75.586,0.0,0.0,447.202,0.0,0.0,0.0,5.737,0,-1.0,-0.02,309.825,0.7258,35.64,35.44645690917969,4.98,0.0,0
46806,-0.682,75.586,-0.5,0.0,447.444,0.0,0.0,-0.2,5.737,0,-1.0,-0.035,309.825,1.3856000000000002,35.28,35.44645690917969,4.98,0.0,0
46806,-1.0230000000000001,75.586,0.0,0.0,447.262,0.0,0.0,0.2,5.737,0,0.0,-0.015,309.915,-2.0620000000000003,34.38,35.44645690917969,4.98,0.0,0
46806,-0.512,75.586,0.0,0.0,447.262,0.0,0.0,-0.2,5.737,0,0.0,-0.02,309.825,0.3299,34.2,35.44645690917969,4.98,0.0,0
46806,-0.512,75.586,0.0,0.0,446.96000000000004,0.0,0.0,-0.2,5.737,0,0.0,-0.01,309.825,0.9897,33.78,35.44645690917969,4.98,0.0,0
46806,-0.853,75.586,0.0,0.0,447.081,0.0,0.0,0.2,5.737,0,0.0,0.0,309.825,-0.9485,34.980000000000004,35.44645690917969,4.98,0.0,0
46806,-0.682,75.586,0.0,0.0,447.081,0.0,0.0,-0.2,5.737,0,-1.0,-0.01,309.825,1.7155,36.36,35.44645690917969,4.98,0.0,0
46806,-0.512,75.586,0.0,0.0,446.778,0.0,0.0,-0.2,5.737,0,0.0,-0.035,309.825,-1.7815,37.02,35.44645690917969,4.98,0.0,0
46806,-0.682,75.586,0.0,0.0,446.839,0.0,0.0,0.0,5.737,0,0.0,-0.04,309.825,-1.7155,37.050000000000004,35.44645690917969,4.98,0.0,0
46806,-0.512,75.586,0.0,0.0,446.839,0.0,0.0,0.0,5.737,0,-1.0,-0.05,309.915,-0.066,37.17,35.44645690917969,4.98,0.0,0
46806,-0.682,75.586,-0.5,0.0,446.718,0.0,0.0,-0.2,5.737,0,0.0,-0.025,309.825,0.7918000000000001,36.33,35.44645690917969,4.98,0.0,0
46806,-0.512,75.586,0.0,0.0,446.839,0.0,0.0,0.0,5.737,0,0.0,0.065,309.69,-5.9714,35.910000000000004,35.44645690917969,4.98,0.0,0
46806,-0.512,75.586,0.0,0.0,446.899,0.0,0.0,0.0,5.737,0,0.0,-0.025,309.825,-1.0557,35.58,35.44645690917969,4.98,0.0,0
46806,-0.682,75.586,0.0,0.0,447.081,0.0,0.0,0.0,5.737,0,0.0,-0.015,309.825,4.7507,35.910000000000004,35.44645690917969,4.98,0.0,0
46806,-0.853,75.586,0.0,0.0,446.778,0.0,0.0,0.0,5.737,0,-1.0,-0.01,309.825,2.7713,35.550000000000004,35.44645690917969,4.98,0.0,0
46806,-0.682,75.586,0.0,0.0,447.081,0.0,0.0,0.0,5.737,0,0.0,-0.015,309.825,-1.5836000000000001,35.04,35.44645690917969,4.98,0.0,0
46806,-0.341,75.586,0.0,0.0,447.32300000000004,0.0,0.0,0.0,5.737,0,0.0,-0.02,309.825,-1.5836000000000001,34.95,35.44645690917969,4.98,0.0,0
46806,-0.341,75.586,0.0,0.0,447.262,0.0,0.0,0.0,5.737,0,0.0,-0.005,309.915,3.3651,34.74,35.44645690917969,4.98,0.0,0
46806,-0.512,75.586,0.0,0.0,446.778,0.0,0.0,0.0,5.737,0,0.0,0.005,309.915,5.938400000000001,34.47,35.44645690917969,4.98,0.0,0
46806,-0.682,75.586,0.0,0.0,446.899,0.0,0.0,0.0,5.737,0,0.0,0.0,309.915,0.9897,35.550000000000004,35.44645690917969,4.98,0.0,0
46806,-0.341,75.586,0.0,0.0,446.96000000000004,0.0,0.0,0.2,5.737,0,-1.0,-0.005,309.825,-3.1672000000000002,36.300000000000004,35.44645690917969,4.98,0.0,0
46806,-0.341,75.586,0.0,0.0,446.839,0.0,0.0,0.0,5.737,0,0.0,-0.005,309.915,-2.1114,37.59,35.44645690917969,4.98,0.0,0
46806,-1.0230000000000001,75.586,0.0,0.0,446.778,0.0,0.0,-0.2,5.737,0,0.0,-0.015,309.825,-0.6598,37.230000000000004,35.44645690917969,4.98,0.0,0
46806,-0.512,75.586,-0.5,0.0,447.262,0.0,0.0,-0.2,5.737,0,0.0,-0.03,309.69,-1.2207000000000001,36.81,35.44645690917969,4.98,0.0,0
46806,-0.341,75.586,0.5,0.0,447.262,0.0,0.0,0.0,5.737,0,0.0,0.0,309.825,-2.6393,36.87,35.44645690917969,4.98,0.0,0
46806,-0.512,75.586,0.0,0.0,446.778,0.0,0.0,-0.2,5.737,0,0.0,0.0,309.69,-2.2764,36.57,35.44645690917969,4.98,0.0,0
46806,-0.682,75.586,0.0,0.0,446.718,0.0,0.0,-0.2,5.737,0,0.0,-0.035,309.825,-0.39590000000000003,35.28,35.44645690917969,4.98,0.0,0
46806,-0.341,75.586,0.5,0.0,447.02,0.0,0.0,-0.2,5.737,0,0.0,-0.005,309.825,4.7507,34.800000000000004,35.44645690917969,4.98,0.0,0
46806,-0.341,75.586,0.0,0.0,446.778,0.0,0.0,0.0,5.737,0,-1.0,-0.045,309.69,1.9795,34.71,35.44645690917969,4.98,0.0,0
46806,-0.512,75.586,0.0,0.0,446.778,0.0,0.0,0.2,5.737,0,0.0,-0.035,309.69,-2.2764,34.86,35.44645690917969,4.98,0.0,0
46806,-0.853,75.586,0.0,0.0,446.899,0.0,0.0,0.0,5.737,0,0.0,-0.03,309.825,-1.9795,35.43,35.44645690917969,4.98,0.0,0
46806,-0.512,75.586,0.0,0.0,446.899,0.0,0.0,0.0,5.737,0,0.0,-0.08,309.825,0.6928000000000001,35.58,35.44645690917969,4.98,0.0,0
46806,-0.682,75.586,0.0,0.0,447.141,0.0,0.0,0.2,5.737,0,0.0,0.0,309.69,3.6950000000000003,35.910000000000004,35.44645690917969,4.98,0.0,0
46806,-0.512,75.586,0.0,0.0,447.141,0.0,0.0,0.2,5.737,0,0.0,0.015,309.825,3.5383,35.94,35.44645690917969,4.98,0.0,0
46806,-0.341,75.586,0.0,0.0,447.262,0.0,0.0,0.2,5.737,0,0.0,0.01,309.825,3.2991,36.69,35.44645690917969,4.98,0.0,0
46806,-0.682,75.586,0.5,0.0,446.778,0.0,0.0,0.0,5.737,0,0.0,-0.045,309.915,0.5773,36.63,35.44645690917969,4.98,0.0,0
46806,-0.512,75.586,0.0,0.0,447.02,0.0,0.0,0.0,5.737,0,-1.0,-0.005,309.69,-0.19790000000000002,36.42,35.44645690917969,4.98,0.0,0
46806,-0.512,75.586,0.0,0.0,447.262,0.0,0.0,0.2,5.737,0,0.0,-0.01,309.825,-1.2537,36.36,35.44645690917969,4.98,0.0,0
46806,-0.853,75.586,-0.5,0.0,446.96000000000004,0.0,0.0,-0.2,5.737,0,0.0,0.015,309.69,-2.6146000000000003,36.42,35.44645690917969,4.98,0.0,0
46806,-0.512,75.586,0.5,0.0,446.899,0.0,0.0,0.2,5.737,0,0.0,-0.01,309.915,-0.767,36.6,35.44645690917969,4.98,0.0,0
46806,-0.853,75.586,0.0,0.0,447.02,0.0,0.0,-0.2,5.737,0,0.0,0.0,309.825,0.132,36.0,35.44645690917969,4.98,0.0,0
46806,-0.682,75.586,0.0,0.0,447.141,0.0,0.0,0.0,5.737,0,0.0,-0.02,309.825,3.1424000000000003,35.160000000000004,35.44645690917969,4.98,0.0,0
46806,-0.682,75.586,0.0,0.0,447.262,0.0,0.0,0.0,5.737,0,0.0,0.025,309.825,-3.1259,34.08,35.44645690917969,4.98,0.0,0
46806,-0.682,75.586,0.0,0.0,447.081,0.0,0.0,0.0,5.737,0,-1.0,0.01,309.915,0.3134,34.47,35.44645690917969,4.98,0.0,0
46806,-0.853,75.586,0.0,0.0,446.96000000000004,0.0,0.0,0.0,5.737,0,0.0,0.015,309.915,4.1404000000000005,34.980000000000004,35.44645690917969,4.98,0.0,0
46806,-0.853,75.586,0.0,0.0,447.081,0.0,0.0,0.2,5.737,0,-1.0,-0.04,309.915,2.4908,34.95,35.44645690917969,4.98,0.0,0
46806,-0.341,75.586,0.0,0.0,446.899,0.0,0.0,0.0,5.737,0,-1.0,-0.015,309.69,-5.385800000000001,35.550000000000004,35.44645690917969,4.98,0.0,0
46806,-0.682,75.586,0.0,0.0,447.081,0.0,0.0,0.2,5.737,0,0.0,-0.03,309.69,-6.4910000000000005,35.94,35.44645690917969,4.98,0.0,0
46806,-0.341,75.586,0.0,0.0,446.899,0.0,0.0,-0.2,5.737,0,0.0,-0.035,309.69,-2.7960000000000003,36.12,35.44645690917969,4.98,0.0,0
46806,-0.512,75.586,0.0,0.0,447.262,0.0,0.0,0.2,5.737,0,0.0,0.06,309.69,3.1672000000000002,36.15,35.44645690917969,4.98,0.0,0
46806,-0.853,75.586,0.0,0.0,447.444,0.0,0.0,0.0,5.737,0,0.0,-0.065,309.915,5.0641,36.54,35.44645690917969,4.98,0.0,0
46806,-0.341,75.586,0.0,0.0,447.262,0.0,0.0,-0.2,5.737,0,-1.0,-0.015,309.825,1.7568000000000001,36.480000000000004,35.44645690917969,4.98,0.0,0
46806,-0.512,75.586,0.0,0.0,447.081,0.0,0.0,0.0,5.737,0,0.0,-0.03,309.915,0.18150000000000002,35.97,35.44645690917969,4.98,0.0,0
46806,-0.512,75.586,0.0,0.0,447.444,0.0,0.0,0.2,5.737,0,0.0,0.0,309.825,1.2042000000000002,35.730000000000004,35.44645690917969,4.98,0.0,0
46806,-0.853,75.586,0.0,0.0,447.564,0.0,0.0,0.0,5.737,0,-1.0,0.0,309.825,2.5733,35.07,35.44645690917969,4.98,0.0,0
46806,-0.341,75.586,0.0,0.0,447.262,0.0,0.0,-0.2,5.737,0,-1.0,-0.005,309.825,-1.3691,34.56,35.44645690917969,4.98,0.0,0
46806,-0.341,75.586,0.0,0.0,447.262,0.0,0.0,0.0,5.737,0,0.0,-0.04,309.69,-2.7465,34.08,35.44645690917969,4.98,0.0,0
46806,-0.512,75.586,0.0,0.0,447.262,0.0,0.0,0.0,5.737,0,0.0,0.015,309.69,-0.5031,33.57,35.44645690917969,4.98,0.0,0
46806,-0.512,75.586,0.0,0.0,447.262,0.0,0.0,0.0,5.737,0,0.0,-0.02,309.69,-0.9567,33.63,35.44645690917969,4.98,0.0,0
46806,-0.512,75.586,0.5,0.0,447.444,0.0,0.0,0.0,5.737,0,0.0,-0.01,309.69,-4.7507,35.22,35.44645690917969,4.98,0.0,0
46806,-0.682,75.586,0.0,0.0,447.141,0.0,0.0,0.2,5.737,0,0.0,-0.03,309.69,0.0,36.33,35.44645690917969,4.98,0.0,0
46806,-0.682,75.586,0.0,0.0,447.202,0.0,0.0,-0.2,5.737,0,0.0,0.005,309.69,1.9795,36.72,35.44645690917969,4.98,0.0,0
46806,-1.0230000000000001,75.586,0.0,0.0,447.444,0.0,0.0,0.0,5.737,0,-2.0,-0.01,309.69,0.0,36.81,35.44645690917969,4.98,0.0,0
46806,-0.682,75.586,0.0,0.0,447.444,0.0,0.0,0.2,5.737,0,0.0,-0.02,309.69,1.3196,36.42,35.44645690917969,4.98,0.0,0
46806,-0.341,75.586,0.0,0.0,447.444,0.0,0.0,-0.2,5.737,0,0.0,0.04,309.69,0.0,36.57,35.44645690917969,4.98,0.0,0
46806,-0.512,75.586,0.0,0.0,447.262,0.0,0.0,0.2,5.737,0,0.0,-0.015,309.825,2.1114,35.97,35.44645690917969,4.98,0.0,0
46806,-0.682,75.586,0.0,0.0,447.02,0.0,0.0,0.0,5.737,0,0.0,0.0,309.69,3.6950000000000003,36.0,35.44645690917969,4.98,0.0,0
46806,-0.682,75.586,0.0,0.0,447.262,0.0,0.0,-0.2,5.737,0,0.0,-0.045,309.915,3.6950000000000003,35.94,35.44645690917969,4.98,0.0,0
46806,-0.341,75.586,0.0,0.0,447.262,0.0,0.0,0.2,5.737,0,0.0,-0.02,309.915,1.2537,34.83,35.44645690917969,4.98,0.0,0
46806,-0.682,75.586,0.0,0.0,447.564,0.0,0.0,0.2,5.737,0,0.0,-0.005,309.825,2.7713,33.9,35.44645690917969,4.98,0.0,0
46806,-0.341,75.586,0.0,0.0,447.746,0.0,0.0,0.0,5.737,0,0.0,-0.03,309.825,-2.8372,33.87,35.44645690917969,4.98,0.0,0
46806,-0.341,75.586,0.0,0.0,447.564,0.0,0.0,0.0,5.737,0,0.0,-0.015,309.915,-0.6598,33.9,35.44645690917969,4.98,0.0,0
46806,-0.682,75.586,0.0,0.0,447.564,0.0,0.0,0.0,5.737,0,0.0,-0.005,309.69,0.099,35.160000000000004,35.44645690917969,4.98,0.0,0
46806,-0.512,75.586,0.0,0.0,447.504,0.0,0.0,0.0,5.737,0,0.0,-0.03,309.69,-3.6950000000000003,36.87,35.44645690917969,4.98,0.0,0
46806,-0.512,75.586,0.0,0.0,447.625,0.0,0.0,0.0,5.737,0,0.0,0.08,309.825,-0.9897,38.04,35.44645690917969,4.98,0.0,0
46806,-0.512,75.586,0.0,0.0,447.444,0.0,0.0,0.2,5.737,0,0.0,-0.03,309.825,2.9032,37.17,35.44645690917969,4.98,0.0,0
46806,-0.341,75.586,0.0,0.0,447.444,0.0,0.0,0.2,5.737,0,0.0,0.005,309.69,-1.0557,36.15,35.44645690917969,4.98,0.0,0
46806,-0.341,75.586,0.0,0.0,447.262,0.0,0.0,-0.2,5.737,0,0.0,-0.015,309.915,0.6598,34.77,35.44645690917969,4.98,0.0,0
46806,-0.341,75.586,0.0,0.0,447.625,0.0,0.0,0.0,5.737,0,0.0,-0.02,309.69,1.4186,34.11,35.44645690917969,4.98,0.0,0
46806,-0.341,75.586,0.0,0.0,447.685,0.0,0.0,-0.2,5.737,0,-1.0,0.0,309.915,2.9032,34.32,35.44645690917969,4.98,0.0,0
46806,-0.341,75.586,0.0,0.0,447.32300000000004,0.0,0.0,0.0,5.737,0,0.0,-0.02,309.825,-0.7258,35.22,35.44645690917969,4.98,0.0,0
46806,-0.682,75.586,0.0,0.0,447.564,0.0,0.0,0.2,5.737,0,0.0,0.015,309.915,1.8475000000000001,35.160000000000004,35.44645690917969,4.98,0.0,0
46806,-0.512,75.586,0.0,0.0,447.625,0.0,0.0,-0.2,5.737,0,0.0,-0.02,309.915,-1.0557,34.92,35.44645690917969,4.98,0.0,0
46806,-0.512,75.586,0.0,0.0,447.564,0.0,0.0,0.0,5.737,0,0.0,-0.035,309.825,2.3754,33.87,35.44645690917969,4.98,0.0,0
46806,-0.682,75.586,0.0,0.0,447.444,0.0,0.0,0.2,5.737,0,0.0,0.0,309.915,-0.5279,33.72,35.44645690917969,4.98,0.0,0
46806,-0.512,75.586,0.0,0.0,447.444,0.0,0.0,0.0,5.737,0,0.0,-0.035,309.825,-3.4311000000000003,34.11,35.44645690917969,4.98,0.0,0
46806,-0.682,75.586,0.0,0.0,447.504,0.0,0.0,0.0,5.737,0,-1.0,-0.025,309.825,-0.2639,34.86,35.44645690917969,4.98,0.0,0
46806,-0.512,75.586,0.0,0.0,447.444,0.0,0.0,0.0,5.737,0,0.0,-0.02,309.825,-0.5279,36.18,35.44645690917969,4.98,0.0,0
46806,-0.341,75.586,0.0,0.0,447.32300000000004,0.0,0.0,0.2,5.737,0,0.0,0.0,309.825,-1.5836000000000001,36.33,35.44645690917969,4.98,0.0,0
46806,-0.512,75.586,0.0,0.0,447.32300000000004,0.0,0.0,0.2,5.737,0,0.0,-0.09,309.825,-1.3196,36.36,35.44645690917969,4.98,0.0,0
46806,-0.341,75.586,0.0,0.0,447.202,0.0,0.0,0.0,5.737,0,0.0,-0.035,309.825,-1.9795,35.67,35.44645690917969,4.98,0.0,0
46806,-0.512,75.586,-0.5,0.0,447.564,0.0,0.0,0.2,5.737,0,0.0,-0.02,309.825,1.9795,35.160000000000004,35.44645690917969,4.98,0.0,0
46806,-0.341,75.586,0.0,0.0,447.564,0.0,0.0,0.0,5.737,0,-1.0,-0.01,309.825,-2.9692000000000003,34.5,35.44645690917969,4.98,0.0,0
46806,-0.341,75.586,-0.5,0.0,447.625,0.0,0.0,0.0,5.737,0,0.0,-0.01,309.825,-1.8063,34.11,35.44645690917969,4.98,0.0,0
46806,-0.682,75.586,0.0,0.0,447.746,0.0,0.0,0.0,5.737,0,0.0,-0.05,309.825,1.5836000000000001,33.78,35.44645690917969,4.98,0.0,0
46806,-0.341,75.586,0.0,0.0,447.504,0.0,0.0,0.2,5.737,0,0.0,-0.055,309.825,2.7465,34.56,35.44645690917969,4.98,0.0,0
46806,-1.0230000000000001,75.586,0.0,0.0,447.383,0.0,0.0,0.2,5.737,0,0.0,0.005,309.825,-3.3651,34.59,35.44645690917969,4.98,0.0,0
46806,-0.512,75.586,0.5,0.0,447.202,0.0,0.0,0.0,5.737,0,0.0,-0.025,309.69,-2.4166000000000003,34.62,35.44645690917969,4.98,0.0,0
46806,-0.341,75.586,0.0,0.0,446.899,0.0,0.0,0.0,5.737,0,0.0,-0.02,309.825,4.024900000000001,33.9,35.44645690917969,4.98,0.0,0
46806,-0.682,75.586,0.0,0.0,447.504,0.0,0.0,0.0,5.737,0,0.0,-0.025,309.825,3.2084,33.72,35.44645690917969,4.98,0.0,0
46806,-0.512,75.586,-0.5,0.0,447.202,0.0,0.0,0.2,5.737,0,0.0,0.03,309.69,-2.8372,34.59,35.44645690917969,4.98,0.0,0
46806,-0.341,75.586,0.0,0.0,447.564,0.0,0.0,-0.2,5.737,0,0.0,-0.005,309.825,-2.9692000000000003,35.28,35.44645690917969,4.98,0.0,0
46806,-0.341,75.586,0.0,0.0,447.746,0.0,0.0,0.0,5.737,0,0.0,-0.025,309.825,2.3754,35.37,35.44645690917969,4.98,0.0,0
46806,-0.512,75.586,0.0,0.0,447.383,0.0,0.0,-0.2,5.737,0,0.0,0.0,309.825,3.5383,35.61,35.44645690917969,4.98,0.0,0
46806,-0.341,75.586,0.0,0.0,447.383,0.0,0.0,0.2,5.737,0,0.0,-0.03,309.825,-0.39590000000000003,35.67,35.44645690917969,4.98,0.0,0
46806,-0.341,75.586,0.0,0.0,447.746,0.0,0.0,-0.2,5.737,0,-1.0,0.0,309.915,2.2929,35.31,35.44645690917969,4.98,0.0,0
46806,-0.341,75.586,0.0,0.0,447.504,0.0,0.0,0.0,5.737,0,0.0,-0.015,309.915,5.5920000000000005,35.76,35.44645690917969,4.98,0.0,0
46806,-0.682,75.586,0.0,0.0,447.262,0.0,0.0,8.9,5.737,0,0.0,-0.035,309.825,1.5588000000000002,34.68,35.44645690917969,5.0,0.0,0
46806,-0.682,75.586,0.0,0.0,447.383,0.0002,0.1,73.5,5.737,0,0.0,-0.025,309.825,-2.8867000000000003,34.14,0.0,5.391,0.0,0
46806,-0.171,75.586,0.0,0.0,447.625,0.0011,0.1,184.9,5.737,0,-4.0,-0.22,309.825,-3.5466,33.06,0.0,6.719,0.0,0
46806,-1.0230000000000001,75.586,-0.5,0.0,448.169,0.005200000000000001,0.7000000000000001,304.7,5.737,0,0.0,0.63,309.825,-1.4516,31.59,0.0,9.238000000000001,0.0,0
46806,-1.0230000000000001,75.586,0.0,0.0,448.10900000000004,0.0175,1.6,402.5,5.737,0,0.0,0.81,309.69,-2.1527000000000003,29.310000000000002,0.0,12.852,0.0,0
46806,-1.5350000000000001,75.586,0.0,0.0,437.582,0.048400000000000006,4.0,457.20000000000005,5.737,0,-2.0,-0.13,309.825,0.19790000000000002,27.3,0.0,17.207,0.0,0
46806,-2.0460000000000003,75.586,0.0,0.0,396.564,0.1061,7.800000000000001,457.0,5.737,0,0.0,-0.115,309.825,2.3094,27.330000000000002,0.0,21.816000000000003,0.0,0
46806,-2.217,75.586,0.0,0.0,396.564,0.11370000000000001,7.6000000000000005,455.5,5.737,0,0.0,-0.095,309.825,2.2434000000000003,27.48,0.0,22.266000000000002,0.0,0
46806,-2.899,75.586,0.0,0.0,349.67900000000003,0.20980000000000001,12.4,432.5,5.737,0,0.0,-0.02,309.915,4.0579,30.330000000000002,0.0,26.719,0.0,0
46806,-2.387,75.586,0.0,0.0,249.857,0.3416,14.200000000000001,377.90000000000003,5.737,0,0.0,0.03,310.005,3.6950000000000003,34.29,0.0,30.762,0.0,0
46806,-2.728,75.586,0.0,0.0,169.273,0.49100000000000005,14.9,301.90000000000003,5.737,0,0.0,-0.265,309.825,2.6393,37.14,0.0,34.121,0.0,0
46806,-3.0700000000000003,75.586,0.0,0.0,59.591,0.636,13.100000000000001,215.10000000000002,5.737,0,-2.0,0.005,309.915,1.3196,38.1,0.0,36.68,0.0,0
46806,-2.217,75.586,0.0,0.0,21.901,0.7511,9.3,132.20000000000002,5.737,0,0.0,-0.2,309.915,-1.5176,37.77,0.0,38.359,0.0,0
46806,-2.899,75.586,0.0,0.0,1.21,0.8148000000000001,4.8,63.1,5.742,0,-1.0,-0.11,309.915,1.8475000000000001,35.88,0.0,39.277,0.0,0
46807,-2.728,75.586,0.5,0.0,-3.025,0.8454,1.6,17.0,5.742,0,0.0,-0.165,310.005,2.5733,34.38,0.0,39.648,0.0,0
46807,-3.24,75.586,0.0,0.0,-2.42,0.8503000000000001,0.0,3.5,5.742,0,0.0,-0.15,310.005,2.9032,32.910000000000004,0.0,39.707,0.0,0
46807,-2.387,75.586,0.0,0.0,-2.299,0.8567,1.6,13.200000000000001,5.742,0,0.0,-0.095,310.14000000000004,4.0579,31.740000000000002,0.0,39.785000000000004,0.0,0
46807,-2.728,75.586,-0.5,0.0,-2.602,0.8761,1.7000000000000002,35.6,5.742,0,0.0,-0.145,310.005,-0.132,32.1,0.0,40.02,0.0,0
46807,-2.5580000000000003,75.586,0.0,0.0,-2.723,0.9211,6.4,67.60000000000001,5.742,0,0.0,-0.125,310.005,-1.8475000000000001,32.76,0.0,40.566,0.0,0
46807,-2.5580000000000003,75.586,0.0,0.0,-2.057,0.9888,8.1,93.5,5.742,0,0.0,-0.1,310.005,-1.1877,33.54,0.0,41.387,0.0,0
46807,-2.5580000000000003,75.586,0.0,0.0,-1.936,1.0813000000000001,11.4,103.7,5.742,0,0.0,-0.20500000000000002,309.915,-0.9897,34.74,0.0,42.402,0.0,0
46807,-2.728,75.586,-0.5,0.0,-1.573,1.1811,9.6,100.7,5.742,0,0.0,-0.16,309.915,-4.2229,35.67,0.0,43.418,0.0,0
46807,-2.387,75.586,0.0,0.0,-1.694,1.2808000000000002,11.600000000000001,99.9,5.742,0,0.0,-0.12,310.005,-0.5279,35.67,0.0,44.434000000000005,0.0,0
46807,-2.387,75.586,-0.5,0.0,-1.3920000000000001,1.3956000000000002,11.3,100.4,5.742,0,0.0,-0.165,309.915,3.8270000000000004,35.25,0.0,45.43,0.0,0
46807,-2.217,75.586,0.0,0.0,-1.875,1.5109000000000001,11.4,99.9,5.742,0,0.0,-0.145,310.005,3.1012,34.2,0.0,46.426,0.0,0
46807,-2.5580000000000003,75.586,0.0,0.0,-1.936,1.6328,13.3,100.10000000000001,5.742,0,0.0,-0.17500000000000002,310.005,-1.5836000000000001,34.77,0.0,47.422000000000004,0.0,0
46807,-2.387,75.586,0.0,0.0,-2.057,1.7676,13.3,100.4,5.742,0,0.0,-0.21,310.005,-2.4413,34.83,0.0,48.418,0.0,0
46807,-2.728,75.586,0.0,0.0,-1.875,1.905,15.9,99.9,5.742,0,0.0,-0.09,310.14000000000004,1.7155,35.160000000000004,0.0,49.434000000000005,0.0,0
46807,-2.387,75.586,0.0,0.0,-1.754,2.0555,15.4,100.4,5.742,0,0.0,-0.17,310.005,3.9589000000000003,35.37,0.0,50.43,0.0,0
46807,-2.5580000000000003,75.586,0.0,0.0,-1.996,2.2117,15.4,99.9,5.742,0,0.0,-0.245,310.005,-1.5836000000000001,35.52,0.0,51.426,0.0,0
46807,-2.387,75.586,0.0,0.0,-1.936,2.3703000000000003,17.7,100.10000000000001,5.742,0,0.0,-0.115,310.005,-1.4846000000000001,34.800000000000004,0.0,52.422000000000004,0.0,0
46807,-2.217,75.586,0.0,0.0,-1.936,2.5500000000000003,17.7,100.4,5.742,0,0.0,-0.18,310.005,1.7155,32.82,0.0,53.418,0.0,0
46807,-2.217,75.586,0.0,0.0,-1.936,2.5711,21.1,99.9,5.742,0,0.0,-0.11,310.005,1.6496000000000002,32.67,0.0,53.535000000000004,0.0,0
46807,-2.5580000000000003,75.586,0.0,0.0,-1.452,2.7509,17.5,100.7,5.742,0,0.0,-0.115,309.915,-1.0392000000000001,32.43,0.0,54.531000000000006,0.0,0
46807,-2.387,75.586,0.0,0.0,-1.815,2.9457,20.0,100.10000000000001,5.742,0,0.0,-0.19,310.14000000000004,1.6908,33.51,0.0,55.527,0.0,0
46807,-2.387,75.586,0.5,0.0,-1.875,3.1511,20.0,100.7,5.742,0,-1.0,-0.125,310.14000000000004,3.1424000000000003,34.89,0.0,56.523,0.0,0
46807,-2.217,75.586,0.0,0.0,-1.754,3.3567,20.2,99.9,5.742,0,0.0,-0.1,309.915,3.1672000000000002,35.58,0.0,57.52,0.0,0
46807,-2.5580000000000003,75.586,0.0,0.0,-1.694,3.5932000000000004,22.700000000000003,99.9,5.742,0,0.0,-0.11,310.14000000000004,-3.2991,36.0,0.0,58.535000000000004,0.0,0
46807,-2.0460000000000003,75.586,0.0,0.0,-1.815,3.8264,22.700000000000003,100.10000000000001,5.742,0,0.0,-0.185,309.915,-0.8825000000000001,35.730000000000004,0.0,59.531000000000006,0.0,0
46807,-2.217,75.586,0.0,0.0,-1.633,4.0701,25.700000000000003,100.4,5.742,0,0.0,-0.215,310.14000000000004,6.1776,35.550000000000004,0.0,60.527,0.0,0
46807,-2.387,75.586,0.0,0.0,-1.694,4.3334,25.700000000000003,100.10000000000001,5.742,0,0.0,-0.145,310.14000000000004,0.7258,35.04,0.0,61.523,0.0,0
46807,-2.387,75.586,0.0,0.0,-1.815,4.602,31.0,100.10000000000001,5.742,0,0.0,-0.195,310.005,-1.8228000000000002,35.19,0.0,62.539,0.0,0
46807,-2.387,75.586,0.0,0.0,-1.694,4.889,28.8,100.7,5.742,0,0.0,-0.27,310.14000000000004,-5.344600000000001,35.730000000000004,0.0,63.535000000000004,0.0,0
46807,-2.387,75.586,0.0,0.0,-1.5130000000000001,5.1845,28.700000000000003,100.10000000000001,5.742,0,0.0,-0.16,310.14000000000004,3.2744,35.67,0.0,64.531,0.0,0
46807,-2.217,75.586,0.0,0.0,-1.815,5.483700000000001,32.1,100.4,5.742,0,0.0,-0.17500000000000002,310.005,4.6188,35.07,0.0,65.527,0.0,0
46807,-1.705,75.586,0.0,0.0,-1.875,5.8138000000000005,32.2,99.9,5.742,0,0.0,-0.14,310.005,-6.2023,35.07,0.0,66.523,0.0,0
46807,-2.0460000000000003,75.586,0.0,0.0,-2.178,6.1505,38.800000000000004,100.4,5.742,0,0.0,-0.2,310.005,-5.385800000000001,34.29,0.0,67.539,0.0,0
46807,-2.387,75.586,0.0,0.0,-1.936,6.4987,35.7,100.10000000000001,5.742,0,-1.0,-0.165,310.005,-1.4269,34.59,0.0,68.535,0.0,0
46807,-1.8760000000000001,75.586,0.0,0.0,-1.936,6.8655,35.7,100.4,5.742,0,0.0,-0.14,310.14000000000004,1.5588000000000002,35.19,0.0,69.531,0.0,0
46807,-2.217,75.586,0.0,0.0,-1.936,7.2323,35.7,100.10000000000001,5.742,0,0.0,-0.155,310.14000000000004,7.4148000000000005,36.21,0.0,70.527,0.0,0
46807,-2.0460000000000003,75.586,0.0,0.0,-1.936,7.6328000000000005,39.5,99.9,5.742,0,0.0,-0.2,310.005,0.5938,36.300000000000004,0.0,71.52300000000001,0.0,0
46807,-2.0460000000000003,75.586,0.0,0.0,-1.936,7.6809,48.1,100.10000000000001,5.742,0,0.0,-0.165,310.005,0.0,36.18,0.0,71.641,0.0,0
46807,-2.217,75.586,0.0,0.0,-2.117,8.0866,39.9,100.10000000000001,5.742,0,0.0,-0.2,310.005,-5.938400000000001,35.550000000000004,0.0,72.637,0.0,0
46807,-2.0460000000000003,75.586,-0.5,0.0,-1.815,8.5069,44.0,99.9,5.742,0,0.0,-0.16,310.005,-3.0682,35.160000000000004,0.0,73.63300000000001,0.0,0
46807,-2.0460000000000003,75.586,0.0,0.0,-1.633,8.9539,44.0,99.9,5.742,0,0.0,-0.185,310.14000000000004,1.1877,35.58,0.0,74.629,0.0,0
46807,-1.705,75.586,0.0,0.0,-1.754,9.4008,44.0,99.9,5.742,0,0.0,-0.19,310.14000000000004,2.8043,36.12,0.0,75.625,0.0,0
46807,-1.8760000000000001,75.586,0.0,0.0,-1.5130000000000001,9.888900000000001,48.300000000000004,100.4,5.742,0,0.0,-0.185,310.005,2.1114,36.24,0.0,76.641,0.0,0
46807,-2.0460000000000003,75.586,0.0,0.0,-1.573,10.379100000000001,48.300000000000004,99.7,5.742,0,0.0,-0.2,310.005,-5.7075000000000005,36.03,0.0,77.637,0.0,0
46807,-2.217,75.586,0.0,0.0,-1.5130000000000001,10.874400000000001,52.7,99.9,5.742,0,0.0,-0.2,310.005,-6.334300000000001,35.49,0.0,78.63300000000001,0.0,0
46807,-2.0460000000000003,75.586,0.0,0.0,-1.331,11.41,52.7,100.4,5.742,0,0.0,-0.185,310.005,-0.5279,34.35,0.0,79.629,0.0,0
46807,-1.8760000000000001,75.586,0.0,0.0,-1.754,11.9564,63.5,99.9,5.742,0,0.0,-0.17,310.005,3.0352,33.36,0.0,80.64500000000001,0.0,0
46807,-1.705,75.586,0.0,0.0,-1.875,12.5158,57.400000000000006,100.4,5.742,0,0.0,-0.17500000000000002,310.005,1.0557,34.14,0.0,81.641,0.0,0
46807,-2.0460000000000003,75.586,0.0,0.0,-1.452,13.0989,57.400000000000006,100.4,5.742,0,0.0,-0.18,310.14000000000004,0.7918000000000001,35.82,0.0,82.637,0.0,0
46807,-1.705,75.586,0.0,0.0,-1.5130000000000001,13.6819,57.400000000000006,99.7,5.742,0,0.0,-0.20500000000000002,309.915,-1.7815,36.9,0.0,83.63300000000001,0.0,0
46807,-1.705,75.586,0.0,0.0,-1.815,14.308,62.300000000000004,100.4,5.742,0,0.0,-0.155,309.915,-2.1114,36.87,0.0,84.629,0.0,0
46807,-1.705,75.586,0.0,0.0,-1.815,14.953100000000001,74.9,99.9,5.742,0,0.0,-0.19,310.14000000000004,3.4311000000000003,35.910000000000004,0.0,85.64500000000001,0.0,0
46807,-1.8760000000000001,75.586,0.0,0.0,-1.754,15.5988,67.2,100.4,5.742,0,0.0,-0.17500000000000002,309.915,0.39590000000000003,35.7,0.0,86.641,0.0,0
46807,-2.0460000000000003,75.586,0.0,0.0,-1.694,16.2824,67.2,99.9,5.742,0,0.0,-0.2,309.915,-0.5279,35.730000000000004,0.0,87.637,0.0,0
46807,-2.0460000000000003,75.586,0.0,0.0,-1.875,16.966,67.2,100.4,5.742,0,0.0,-0.17,310.005,-0.39590000000000003,35.19,0.0,88.63300000000001,0.0,0
46807,-1.8760000000000001,75.586,0.0,0.0,-1.996,17.683,72.5,99.9,5.742,0,0.0,-0.17500000000000002,310.14000000000004,-0.165,34.5,0.0,89.629,0.0,0
46807,-1.705,75.586,0.0,0.0,-1.331,18.4343,72.5,100.10000000000001,5.742,0,0.0,-0.16,310.005,0.7918000000000001,34.83,0.0,90.64500000000001,0.0,0
46807,-1.705,75.586,0.0,0.0,-1.3920000000000001,19.1718,73.5,100.10000000000001,5.742,0,0.0,-0.165,310.005,2.6393,35.19,0.0,91.641,0.0,0
46807,-1.705,75.586,0.0,0.0,-1.573,19.9629,77.9,100.10000000000001,5.742,0,-1.0,-0.155,310.005,-0.39590000000000003,34.89,0.0,92.637,0.0,0
46807,-1.5350000000000001,75.586,0.0,0.0,-1.573,20.0399,77.0,100.10000000000001,5.742,0,0.0,-0.17,309.915,-0.6846,34.800000000000004,0.0,92.73400000000001,0.0,0
46807,-1.5350000000000001,75.586,0.0,0.0,-1.452,20.8309,77.0,100.10000000000001,5.742,0,0.0,-0.18,310.14000000000004,-0.7505000000000001,34.230000000000004,0.0,93.73,0.0,0
46807,-1.705,75.586,0.0,0.0,-1.3920000000000001,21.6662,83.3,100.10000000000001,5.742,0,0.0,-0.2,310.14000000000004,-1.2124000000000001,34.5,0.0,94.74600000000001,0.0,0
46807,-2.0460000000000003,75.586,0.0,0.0,-1.1500000000000001,22.5132,82.5,99.9,5.742,0,0.0,-0.165,310.005,4.4208,34.95,0.0,95.742,0.0,0
46807,-1.8760000000000001,75.586,0.0,0.0,-1.2710000000000001,23.360100000000003,82.4,99.9,5.742,0,0.0,-0.155,310.005,-1.0310000000000001,36.18,0.0,96.738,0.0,0
46807,-1.705,75.586,0.0,0.0,-1.3920000000000001,24.2573,88.10000000000001,100.10000000000001,5.742,0,0.0,-0.165,309.915,-7.835400000000001,36.72,0.0,97.73400000000001,0.0,0
46807,-1.364,75.586,0.0,0.0,-1.3920000000000001,25.1797,106.2,100.10000000000001,5.742,0,0.0,-0.19,310.005,-2.0455,36.99,0.0,98.75,0.0,0
46807,-1.8760000000000001,75.586,0.0,0.0,-1.754,26.099400000000003,94.7,100.10000000000001,5.742,0,0.0,-0.19,309.915,3.1012,36.24,0.0,99.74600000000001,0.0,0
46807,-1.705,75.586,0.0,0.0,-1.3920000000000001,27.0621,93.80000000000001,100.10000000000001,5.742,0,0.0,-0.185,310.14000000000004,4.3136,36.03,0.0,100.742,0.0,0
46807,-2.0460000000000003,75.586,0.0,0.0,-1.21,28.024800000000003,93.80000000000001,100.10000000000001,5.742,0,0.0,-0.17,310.005,3.0352,35.43,0.0,101.738,0.0,0
46807,-1.8760000000000001,75.586,0.5,0.0,-0.968,29.025100000000002,99.5,99.9,5.742,0,0.0,-0.17500000000000002,310.14000000000004,1.8063,35.49,0.0,102.73400000000001,0.0,0
46807,-1.364,75.586,0.0,0.0,-1.3920000000000001,30.067700000000002,100.60000000000001,99.9,5.742,0,0.0,-0.19,310.14000000000004,-0.8578,35.37,0.0,103.75,0.0,0
46807,-1.0230000000000001,75.586,0.0,0.0,-1.452,31.0912,102.0,99.9,5.742,0,0.0,-0.185,309.915,2.5238,35.13,0.0,104.74600000000001,0.0,0
46807,-1.364,75.586,0.0,0.0,-1.452,31.1977,106.5,100.10000000000001,5.742,0,0.0,-0.185,309.915,1.3856000000000002,35.07,0.0,104.84400000000001,0.0,0
46807,-1.5350000000000001,75.586,0.0,0.0,-1.1500000000000001,32.279900000000005,106.5,100.4,5.742,0,0.0,-0.15,309.915,-4.2229,34.71,0.0,105.84,0.0,0
46807,-1.8760000000000001,75.586,0.0,0.0,-1.1500000000000001,33.3621,106.5,99.9,5.742,0,0.0,-0.18,310.23,1.7815,34.77,0.0,106.836,0.0,0
46807,-1.705,75.586,0.0,0.0,-1.1500000000000001,34.4971,135.4,100.10000000000001,5.742,0,0.0,-0.165,310.14000000000004,5.806500000000001,34.47,0.0,107.852,0.0,0
46807,-1.5350000000000001,75.586,0.0,0.0,-1.3920000000000001,35.640100000000004,112.5,99.7,5.742,0,0.0,-0.135,310.005,-1.1217000000000001,35.31,0.0,108.848,0.0,0
46807,-1.5350000000000001,75.586,0.5,0.0,-1.21,36.783,112.5,100.10000000000001,5.742,0,0.0,-0.185,310.005,-3.8270000000000004,36.57,0.0,109.84400000000001,0.0,0
46807,-2.217,75.586,0.0,0.0,-1.452,37.9799,118.5,99.9,5.742,0,0.0,-0.17,309.915,1.4846000000000001,36.75,0.0,110.84,0.0,0
46807,-1.705,75.586,0.0,0.0,-1.3920000000000001,39.1841,118.5,100.4,5.742,0,0.0,-0.2,310.005,-2.7713,37.38,0.0,111.836,0.0,0
46807,-1.5350000000000001,75.586,0.0,0.0,-1.21,40.429,124.5,100.7,5.742,0,0.0,-0.185,310.005,-4.486800000000001,36.75,0.0,112.852,0.0,0
46807,-2.217,75.586,0.0,0.0,-1.089,41.694500000000005,124.5,100.10000000000001,5.742,0,0.0,-0.13,309.915,0.2639,36.57,0.0,113.848,0.0,0
46807,-1.194,75.586,0.0,0.0,-1.3920000000000001,42.96,124.5,100.10000000000001,5.742,0,0.0,-0.20500000000000002,310.14000000000004,4.9157,36.06,0.0,114.84400000000001,0.0,0
46807,-1.194,75.586,0.0,0.0,-1.573,44.264900000000004,130.6,100.10000000000001,5.742,0,0.0,-0.155,310.005,2.3754,35.49,0.0,115.84,0.0,0
46807,-1.8760000000000001,75.586,0.0,0.0,-1.3920000000000001,45.6171,155.8,100.10000000000001,5.742,0,0.0,-0.17500000000000002,309.915,-2.3754,34.38,0.0,116.855,0.0,0
46807,-2.0460000000000003,75.586,-0.5,0.0,-1.2710000000000001,46.947300000000006,132.5,100.7,5.742,0,0.0,-0.165,310.005,-2.2434000000000003,34.26,0.0,117.852,0.0,0
46807,-1.5350000000000001,75.586,0.0,0.0,-1.2710000000000001,48.3354,136.6,100.10000000000001,5.742,0,0.0,-0.17500000000000002,310.005,-0.7918000000000001,34.59,0.0,118.848,0.0,0
46807,-1.5350000000000001,75.586,0.0,0.0,-1.1500000000000001,49.7235,136.6,100.7,5.742,0,0.0,-0.20500000000000002,309.915,0.0,34.83,0.0,119.84400000000001,0.0,0
46807,-1.5350000000000001,75.586,0.0,0.0,-1.1500000000000001,51.1359,142.6,100.10000000000001,5.742,0,0.0,-0.17500000000000002,310.005,1.0557,35.28,0.0,120.84,0.0,0
46807,-1.5350000000000001,75.586,0.0,0.0,-1.3920000000000001,52.612500000000004,170.20000000000002,100.10000000000001,5.742,0,0.0,-0.185,310.005,-1.5836000000000001,35.64,0.0,121.855,0.0,0
46807,-1.5350000000000001,75.586,0.0,0.0,-1.633,54.0628,142.5,100.10000000000001,5.742,0,0.0,-0.17,310.005,-2.9692000000000003,36.480000000000004,0.0,122.852,0.0,0
46807,-1.364,75.586,0.0,0.0,-1.452,55.5593,148.5,100.10000000000001,5.742,0,0.0,-0.17500000000000002,310.14000000000004,2.5073000000000003,36.93,0.0,123.848,0.0,0
46807,-1.194,75.586,0.0,0.0,-1.21,57.0685,148.5,100.10000000000001,5.742,0,0.0,-0.185,310.005,0.2639,36.45,0.0,124.84400000000001,0.0,0
46807,-1.5350000000000001,75.586,0.0,0.0,-1.452,58.5871,154.3,100.9,5.742,0,0.0,-0.17500000000000002,310.14000000000004,1.3196,36.12,0.0,125.84,0.0,0
46807,-1.705,75.586,0.0,0.0,-1.633,60.185700000000004,152.8,100.4,5.742,0,0.0,-0.165,310.14000000000004,1.8475000000000001,35.58,0.0,126.855,0.0,0
46807,-1.364,75.586,0.0,0.0,-1.2710000000000001,61.755900000000004,154.4,100.10000000000001,5.742,0,0.0,-0.18,310.005,0.0,35.43,0.0,127.852,0.0,0
46807,-1.8760000000000001,75.586,0.0,0.0,-1.331,63.3566,160.1,99.9,5.742,0,0.0,-0.19,310.14000000000004,1.5836000000000001,35.25,0.0,128.848,0.0,0
46807,-1.8760000000000001,75.586,0.0,0.0,-1.3920000000000001,63.515100000000004,158.5,99.9,5.742,0,0.0,-0.20500000000000002,310.14000000000004,2.5733,35.160000000000004,0.0,128.945,0.0,0
46807,-1.364,75.586,0.0,0.0,-1.089,65.1422,158.4,100.4,5.742,0,0.0,-0.15,310.005,1.6083,34.29,0.0,129.941,0.0,0
46807,-1.5350000000000001,75.586,0.0,0.0,-1.1500000000000001,66.8041,162.20000000000002,100.10000000000001,5.742,0,0.0,-0.19,310.005,-2.1774,34.02,0.0,130.957,0.0,0
46807,-1.5350000000000001,75.586,0.0,0.0,-1.21,68.4886,165.70000000000002,100.4,5.742,0,0.0,-0.195,310.14000000000004,-2.7713,33.99,0.0,131.953,0.0,0
46807,-1.364,75.586,0.0,0.0,-1.3920000000000001,70.1731,164.0,99.9,5.742,0,0.0,-0.19,310.14000000000004,4.9487000000000005,34.44,0.0,132.949,0.0,0
46807,-1.5350000000000001,75.586,0.0,0.0,-0.908,71.88040000000001,169.5,100.10000000000001,5.742,0,0.0,-0.145,310.005,1.9795,34.83,0.0,133.945,0.0,0
46807,-1.0230000000000001,75.586,0.0,0.0,-1.331,73.6559,204.5,100.10000000000001,5.742,0,0.0,-0.155,310.14000000000004,-2.4661,35.58,0.0,134.961,0.0,0
46807,-1.705,75.586,0.0,0.0,-1.21,75.3965,171.3,100.10000000000001,5.742,0,0.0,-0.18,309.915,-2.7960000000000003,36.06,0.0,135.957,0.0,0
46807,-1.5350000000000001,75.586,0.0,0.0,-1.3920000000000001,77.18050000000001,176.70000000000002,100.10000000000001,5.742,0,0.0,-0.20500000000000002,309.915,-1.8063,36.09,0.0,136.953,0.0,0
46807,-1.0230000000000001,75.586,0.0,0.0,-1.5130000000000001,78.9757,174.9,100.10000000000001,5.742,0,0.0,-0.17,310.005,-0.767,35.730000000000004,0.0,137.949,0.0,0
46807,-1.364,75.586,0.0,0.0,-1.331,80.7796,180.0,99.7,5.742,0,0.0,-0.17500000000000002,310.005,0.5938,35.31,0.0,138.945,0.0,0
46807,-1.194,75.586,0.0,0.0,-1.2710000000000001,82.6648,181.8,100.10000000000001,5.742,0,0.0,-0.23,309.915,0.9238000000000001,35.34,0.0,139.961,0.0,0
46807,-1.194,75.586,0.5,0.0,-1.573,84.513,181.9,99.9,5.742,0,0.0,-0.21,310.005,-0.9238000000000001,35.910000000000004,0.0,140.957,0.0,0
46807,-1.5350000000000001,75.586,0.0,0.0,-1.3920000000000001,86.3895,186.9,100.10000000000001,5.742,0,0.0,-0.155,310.14000000000004,1.1629,35.37,0.0,141.953,0.0,0
46807,-1.364,75.586,0.0,0.0,-1.633,88.2889,185.0,100.4,5.742,0,0.0,-0.18,309.915,1.6661000000000001,34.92,0.0,142.949,0.0,0
46807,-1.194,75.586,0.0,0.0,-1.3920000000000001,90.2264,223.10000000000002,100.10000000000001,5.742,0,0.0,-0.135,309.915,0.8083,34.14,0.0,143.965,0.0,0
46807,-1.364,75.586,0.0,0.0,-1.1500000000000001,92.1723,191.70000000000002,100.4,5.742,0,0.0,-0.195,309.915,-1.5011,33.39,0.0,144.961,0.0,0
46807,-1.364,75.586,0.0,0.0,-1.21,94.12100000000001,191.70000000000002,100.4,5.742,0,0.0,-0.16,310.005,-1.2042000000000002,33.81,0.0,145.957,0.0,0
46807,-1.194,75.586,0.0,0.0,-1.3920000000000001,96.08460000000001,196.4,100.10000000000001,5.742,0,0.0,-0.195,310.005,-1.4929000000000001,34.08,0.0,146.953,0.0,0
46807,-1.8760000000000001,75.586,0.0,0.0,-1.3920000000000001,96.281,196.4,100.10000000000001,5.742,0,0.0,-0.18,310.005,-0.39590000000000003,34.14,0.0,147.05100000000002,0.0,0
46807,-1.705,75.586,0.0,0.0,-1.754,98.3151,234.5,99.9,5.742,0,0.0,-0.18,309.915,1.5836000000000001,35.7,0.0,148.066,0.0,0
46807,-1.5350000000000001,75.586,0.0,0.0,-1.754,100.31320000000001,196.4,100.4,5.742,0,0.0,-0.18,309.915,-1.3196,36.09,0.0,149.06300000000002,0.0,0
46807,-1.705,75.586,0.5,0.0,-1.573,102.3455,200.9,100.10000000000001,5.742,0,0.0,-0.135,309.915,0.3299,35.550000000000004,0.0,150.059,0.0,0
46807,-1.194,75.586,0.5,0.0,-1.3920000000000001,104.3867,200.8,100.10000000000001,5.742,0,0.0,-0.2,309.915,0.6598,35.64,0.0,151.055,0.0,0
46807,-1.5350000000000001,75.586,-0.5,0.0,-1.3920000000000001,106.4353,205.10000000000002,100.4,5.742,0,0.0,-0.125,310.005,2.5733,35.4,0.0,152.05100000000002,0.0,0
46807,-1.5350000000000001,75.586,0.0,0.0,-1.1500000000000001,108.55940000000001,203.0,100.10000000000001,5.742,0,0.0,-0.20500000000000002,310.14000000000004,5.0147,36.06,0.0,153.066,0.0,0
46807,-1.5350000000000001,75.586,0.0,0.0,-1.089,110.64580000000001,205.10000000000002,100.10000000000001,5.742,0,0.0,-0.23,310.005,-0.5938,36.18,0.0,154.06300000000002,0.0,0
46807,-1.194,75.586,0.0,0.0,-1.5130000000000001,112.75290000000001,209.10000000000002,99.9,5.742,0,0.0,-0.185,310.005,-1.1877,36.03,0.0,155.059,0.0,0
46807,-1.705,75.586,0.0,0.0,-1.5130000000000001,114.878,209.10000000000002,99.9,5.742,0,0.0,-0.185,310.005,-1.4846000000000001,35.49,0.0,156.055,0.0,0
46807,-1.194,75.586,0.0,0.0,-1.754,117.04350000000001,249.60000000000002,100.4,5.742,0,0.0,-0.17,310.005,1.9795,34.2,0.0,157.07000000000002,0.0,0
46807,-1.194,75.586,0.0,0.0,-1.5130000000000001,119.20500000000001,210.70000000000002,100.10000000000001,5.742,0,0.0,-0.20500000000000002,310.005,3.9589000000000003,33.06,0.0,158.066,0.0,0
46807,-1.5350000000000001,75.586,0.0,0.0,-1.754,121.37060000000001,212.8,99.7,5.742,0,0.0,-0.17500000000000002,310.14000000000004,0.7918000000000001,32.910000000000004,0.0,159.06300000000002,0.0,0
46807,-1.0230000000000001,75.586,0.0,0.0,-1.5130000000000001,123.54560000000001,216.4,100.10000000000001,5.742,0,-1.0,-0.24,310.14000000000004,-2.7383,34.47,0.0,160.059,0.0,0
46807,-1.8760000000000001,75.586,0.0,0.0,-1.694,125.745,216.4,99.9,5.742,0,0.0,-0.13,310.14000000000004,1.7155,35.49,0.0,161.055,0.0,0
46807,-1.705,75.586,0.0,0.0,-1.573,127.9863,214.20000000000002,100.4,5.742,0,0.0,-0.19,310.14000000000004,0.5279,37.050000000000004,0.0,162.07000000000002,0.0,0
46807,-1.364,75.586,0.0,0.0,-1.21,130.20950000000002,217.5,99.9,5.742,0,0.0,-0.195,310.005,-3.8270000000000004,37.230000000000004,0.0,163.066,0.0,0
46807,-1.705,75.586,0.0,0.0,-1.3920000000000001,132.4447,219.8,100.10000000000001,5.742,0,0.0,-0.135,310.14000000000004,0.7918000000000001,35.910000000000004,0.0,164.06300000000002,0.0,0
46807,-1.5350000000000001,75.586,0.0,0.0,-1.089,134.68,222.10000000000002,99.9,5.742,0,0.0,-0.165,310.005,1.0557,34.74,0.0,165.059,0.0,0
46807,-1.705,75.586,0.0,0.0,-1.21,136.9872,266.0,99.9,5.742,0,0.0,-0.15,310.005,-2.3754,34.32,0.0,166.074,0.0,0
46807,-1.5350000000000001,75.586,0.0,0.0,-1.3920000000000001,139.2511,220.5,100.10000000000001,5.742,0,0.0,-0.195,310.005,-1.0557,33.93,0.0,167.07000000000002,0.0,0
46807,-1.194,75.586,0.0,0.0,-1.331,141.5284,223.3,99.9,5.742,0,0.0,-0.195,310.14000000000004,1.4846000000000001,33.72,0.0,168.066,0.0,0
46807,-1.8760000000000001,75.586,0.0,0.0,-1.3920000000000001,143.8232,225.60000000000002,100.10000000000001,5.742,0,0.0,-0.18,310.14000000000004,0.9238000000000001,34.65,0.0,169.06300000000002,0.0,0
46807,-1.364,75.586,0.0,0.0,-1.3920000000000001,146.1156,225.5,100.7,5.742,0,0.0,-0.155,310.005,-1.0557,34.83,0.0,170.059,0.0,0
46807,-1.364,75.586,0.0,0.0,-1.331,148.47410000000002,225.8,99.7,5.742,0,0.0,-0.195,309.915,-4.486800000000001,34.59,0.0,171.074,0.0,0
46807,-1.364,75.586,0.0,0.0,-1.452,150.7926,225.8,100.4,5.742,0,-1.0,-0.215,310.005,3.0022,33.78,0.0,172.07000000000002,0.0,0
46807,-1.364,75.586,0.0,0.0,-1.573,153.1163,228.0,99.7,5.742,0,0.0,-0.145,310.005,1.1877,33.480000000000004,0.0,173.066,0.0,0
46807,-1.705,75.586,0.0,0.0,-1.815,155.4605,230.4,99.9,5.742,0,0.0,-0.17,310.005,-0.5938,34.05,0.0,174.06300000000002,0.0,0
46807,-1.364,75.586,0.0,0.0,-1.754,155.6886,228.10000000000002,100.10000000000001,5.742,0,-1.0,-0.16,310.005,-1.2702,34.230000000000004,0.0,174.16,0.0,0
46807,-1.194,75.586,0.0,0.0,-1.452,158.07750000000001,230.4,100.10000000000001,5.742,0,0.0,-0.2,310.005,2.5733,35.61,0.0,175.17600000000002,0.0,0
46807,-1.364,75.586,0.0,0.0,-1.1500000000000001,160.4343,232.5,100.10000000000001,5.742,0,0.0,-0.195,310.005,2.7713,36.75,0.0,176.172,0.0,0
46807,-1.8760000000000001,75.586,0.0,0.0,-1.3920000000000001,162.797,232.5,99.9,5.742,0,0.0,-0.19,310.005,-1.1877,37.17,0.0,177.168,0.0,0
46807,-1.0230000000000001,75.586,0.0,0.0,-1.815,165.1613,234.0,100.4,5.742,0,0.0,-0.15,310.14000000000004,-0.39590000000000003,36.15,0.0,178.16400000000002,0.0,0
46807,-1.194,75.586,0.0,0.0,-1.633,167.5902,279.7,100.10000000000001,5.742,0,0.0,-0.1,309.915,0.47840000000000005,35.01,0.0,179.18,0.0,0
46807,-1.364,75.586,0.0,0.0,-1.21,169.9712,234.3,99.9,5.742,0,0.0,-0.23,310.005,-1.9135000000000002,34.68,0.0,180.17600000000002,0.0,0
46807,-1.194,75.586,0.0,0.0,-1.452,172.3598,235.9,100.10000000000001,5.742,0,0.0,-0.165,310.005,-1.7568000000000001,34.2,0.0,181.172,0.0,0
46807,-1.194,75.586,0.0,0.0,-1.573,174.7567,235.9,99.9,5.742,0,0.0,-0.24,310.005,1.7155,34.17,0.0,182.168,0.0,0
46807,-1.0230000000000001,75.586,0.0,0.0,-1.633,177.1536,235.9,100.10000000000001,5.742,0,0.0,-0.2,310.005,2.5733,34.17,0.0,183.16400000000002,0.0,0
46807,-1.8760000000000001,75.586,0.0,0.0,-1.815,179.61,237.20000000000002,100.7,5.742,0,0.0,-0.105,309.915,-0.8413,34.08,0.0,184.18,0.0,0
46807,-1.0230000000000001,75.586,0.0,0.0,-1.694,182.0201,237.10000000000002,99.9,5.742,0,0.0,-0.195,309.915,-2.5568,33.9,0.0,185.17600000000002,0.0,0
46807,-1.0230000000000001,75.586,0.0,0.0,-1.331,184.43280000000001,238.20000000000002,100.10000000000001,5.742,0,0.0,-0.17500000000000002,309.915,-2.4661,34.35,0.0,186.172,0.0,0
46807,-1.194,75.586,0.0,0.0,-1.331,184.67100000000002,238.20000000000002,99.9,5.742,0,0.0,-0.195,309.915,-1.8475000000000001,34.44,0.0,186.27,0.0,0
46807,-1.364,75.586,0.0,0.0,-1.694,187.0919,238.20000000000002,100.10000000000001,5.742,0,0.0,-0.245,310.005,2.5733,35.4,0.0,187.26600000000002,0.0,0
46807,-1.194,75.586,0.0,0.0,-1.754,189.5591,235.8,100.4,5.742,0,0.0,-0.215,310.005,2.2434000000000003,36.24,0.0,188.281,0.0,0
46807,-1.194,75.586,0.0,0.0,-1.3920000000000001,191.98600000000002,236.60000000000002,100.10000000000001,5.742,0,0.0,-0.185,309.915,-0.7918000000000001,36.54,0.0,189.27700000000002,0.0,0
46807,-1.0230000000000001,75.586,0.0,0.0,-1.5130000000000001,194.4152,236.5,99.9,5.742,0,0.0,-0.18,309.915,-3.0352,36.54,0.0,190.273,0.0,0
46807,-1.0230000000000001,75.586,0.0,0.0,-1.21,196.8475,239.60000000000002,100.10000000000001,5.742,0,0.0,-0.185,310.005,0.0,36.480000000000004,0.0,191.27,0.0,0
46807,-1.5350000000000001,75.586,-0.5,0.0,-1.3920000000000001,199.3291,286.1,99.9,5.742,0,0.0,-0.225,310.005,3.0352,35.88,0.0,192.285,0.0,0
46807,-1.194,75.586,0.0,0.0,-1.633,201.76420000000002,237.20000000000002,100.4,5.742,0,0.0,-0.125,310.14000000000004,0.8908,35.79,0.0,193.281,0.0,0
46807,-1.364,75.586,0.0,0.0,-1.694,204.20100000000002,237.5,99.9,5.742,0,0.0,-0.135,310.005,-0.132,35.4,0.0,194.27700000000002,0.0,0
46807,-1.194,75.586,0.0,0.0,-1.754,206.6397,237.5,100.10000000000001,5.742,0,0.0,-0.185,310.14000000000004,0.6928000000000001,35.25,0.0,195.273,0.0,0
46807,-1.705,75.586,0.0,0.0,-1.2710000000000001,209.0808,240.0,100.4,5.742,0,0.0,-0.2,310.14000000000004,4.486800000000001,34.56,0.0,196.27,0.0,0
46807,-1.0230000000000001,75.586,0.0,0.0,-1.089,211.5669,237.60000000000002,100.10000000000001,5.742,0,0.0,-0.195,310.005,1.3196,34.11,0.0,197.285,0.0,0
46807,-1.194,75.586,0.0,0.0,-1.331,214.00670000000002,237.60000000000002,100.10000000000001,5.742,0,0.0,-0.2,310.005,-5.2786,34.5,0.0,198.281,0.0,0
46807,-1.194,75.586,0.0,0.0,-1.573,216.4462,237.5,99.9,5.742,0,0.0,-0.155,310.005,0.099,35.43,0.0,199.27700000000002,0.0,0
46807,-1.0230000000000001,75.586,0.0,0.0,-1.3920000000000001,218.8848,237.5,99.9,5.742,0,-1.0,-0.23,309.915,-0.2639,35.76,0.0,200.273,0.0,0
46807,-1.364,75.586,0.0,0.0,-1.633,221.3724,286.5,100.4,5.742,0,0.0,-0.17500000000000002,310.005,-1.3196,36.54,0.0,201.28900000000002,0.0,0
46807,-1.5350000000000001,75.586,0.0,0.0,-1.694,223.80880000000002,237.10000000000002,99.9,5.742,0,0.0,-0.2,310.14000000000004,1.1877,36.87,0.0,202.285,0.0,0
46807,-1.364,75.586,0.0,0.0,-1.754,226.244,237.20000000000002,100.10000000000001,5.742,0,0.0,-0.125,310.005,1.7815,36.51,0.0,203.281,0.0,0
46807,-1.8760000000000001,75.586,0.0,0.0,-1.573,228.6792,237.20000000000002,100.10000000000001,5.742,0,0.0,-0.215,309.915,-0.6598,35.730000000000004,0.0,204.27700000000002,0.0,0
46807,-1.0230000000000001,75.586,0.0,0.0,-1.573,231.1088,236.60000000000002,100.10000000000001,5.742,0,0.0,-0.225,310.005,-4.651800000000001,35.49,0.0,205.273,0.0,0
46807,-1.705,75.586,0.0,0.0,-1.452,233.58710000000002,239.0,100.4,5.742,0,0.0,-0.155,310.005,-0.9238000000000001,35.31,0.0,206.28900000000002,0.0,0
46807,-1.0230000000000001,75.586,-0.5,0.0,-1.633,236.0137,235.9,99.9,5.742,0,0.0,-0.17500000000000002,310.005,2.5733,34.95,0.0,207.285,0.0,0
46807,-1.5350000000000001,75.586,0.0,0.0,-1.5130000000000001,238.43550000000002,235.9,99.7,5.742,0,0.0,-0.115,309.915,-1.8475000000000001,35.01,0.0,208.281,0.0,0
46807,-1.0230000000000001,75.586,0.0,0.0,-1.694,240.8573,235.9,100.10000000000001,5.742,0,0.0,-0.21,310.14000000000004,2.5403000000000002,34.410000000000004,0.0,209.27700000000002,0.0,0
46807,-1.194,75.586,0.0,0.0,-1.5130000000000001,243.32010000000002,283.40000000000003,99.9,5.742,0,0.0,-0.145,310.005,0.2639,34.74,0.0,210.293,0.0,0
46807,-1.194,75.586,0.0,0.0,-1.3920000000000001,245.732,237.3,100.4,5.742,0,0.0,-0.25,310.14000000000004,1.6826,34.32,0.0,211.28900000000002,0.0,0
46807,-1.0230000000000001,75.586,0.0,0.0,-1.3920000000000001,248.1422,233.8,100.10000000000001,5.742,0,0.0,-0.215,310.14000000000004,1.5836000000000001,34.65,0.0,212.285,0.0,0
46807,-1.194,75.586,0.5,0.0,-1.3920000000000001,250.5422,233.70000000000002,100.10000000000001,5.742,0,0.0,-0.17500000000000002,310.005,-3.1672000000000002,35.25,0.0,213.281,0.0,0
46807,-1.194,75.586,0.0,0.0,-1.936,252.94230000000002,233.8,100.10000000000001,5.742,0,0.0,-0.17,310.14000000000004,-0.7918000000000001,36.6,0.0,214.27700000000002,0.0,0
46807,-1.364,75.586,0.0,0.0,-1.815,255.38320000000002,234.8,100.10000000000001,5.742,0,0.0,-0.255,310.005,-2.0125,36.480000000000004,0.0,215.293,0.0,0
46807,-1.364,75.586,0.0,0.0,-1.3920000000000001,257.7695,234.8,100.10000000000001,5.742,0,0.0,-0.1,310.005,-2.2434000000000003,36.480000000000004,0.0,216.28900000000002,0.0,0
46807,-1.5350000000000001,75.586,0.0,0.0,-1.3920000000000001,258.0043,234.8,100.10000000000001,5.742,0,0.0,-0.155,310.005,-2.1774,36.42,0.0,216.387,0.0,0
46807,-1.0230000000000001,75.586,0.0,0.0,-1.3920000000000001,260.39050000000003,234.70000000000002,100.10000000000001,5.742,0,0.0,-0.1,310.005,3.2579000000000002,36.06,0.0,217.383,0.0,0
46807,-1.194,75.586,0.0,0.0,-1.3920000000000001,262.76120000000003,233.3,100.10000000000001,5.742,0,0.0,-0.17,310.005,1.6496000000000002,35.76,0.0,218.37900000000002,0.0,0
46807,-1.0230000000000001,75.586,0.0,0.0,-1.936,265.1794,233.20000000000002,100.4,5.742,0,0.0,-0.215,310.14000000000004,2.5486,35.52,0.0,219.395,0.0,0
46807,-1.0230000000000001,75.586,0.0,0.0,-1.875,267.5432,231.5,99.9,5.742,0,0.0,-0.21,309.825,0.165,35.64,0.0,220.39100000000002,0.0,0
46807,-1.194,75.586,0.0,0.0,-1.875,269.8965,231.5,99.9,5.742,0,0.0,-0.145,310.005,-4.6188,35.550000000000004,0.0,221.387,0.0,0
46807,-1.364,75.586,0.0,0.0,-1.633,272.2498,231.60000000000002,99.9,5.742,0,0.0,-0.195,310.23,-1.798,34.2,0.0,222.383,0.0,0
46807,-1.194,75.586,0.0,0.0,-1.452,274.6331,274.2,100.4,5.742,0,-1.0,-0.165,310.005,5.344600000000001,33.6,0.0,223.39800000000002,0.0,0
46807,-1.364,75.586,0.0,0.0,-1.5130000000000001,276.9698,229.70000000000002,99.9,5.742,0,0.0,-0.195,310.14000000000004,-1.0145,33.69,0.0,224.395,0.0,0
46807,-1.194,75.586,0.0,0.0,-1.5130000000000001,279.301,227.70000000000002,100.10000000000001,5.742,0,0.0,-0.2,309.915,-2.0455,34.65,0.0,225.39100000000002,0.0,0
46807,-1.364,75.586,0.0,0.0,-1.633,281.6147,227.70000000000002,100.10000000000001,5.742,0,0.0,-0.15,310.005,4.2229,35.64,0.0,226.387,0.0,0
46807,-1.0230000000000001,75.586,0.0,0.0,-1.633,283.9284,227.70000000000002,99.9,5.742,0,0.0,-0.195,310.14000000000004,-2.0867,36.72,0.0,227.383,0.0,0
46807,-1.194,75.586,0.0,0.0,-1.573,286.2744,223.20000000000002,100.7,5.742,0,0.0,-0.115,310.005,-2.9857,36.300000000000004,0.0,228.39800000000002,0.0,0
46807,-1.0230000000000001,75.586,0.0,0.0,-1.3920000000000001,288.56850000000003,225.5,100.10000000000001,5.742,0,0.0,-0.17500000000000002,310.005,1.2124000000000001,35.910000000000004,0.0,229.395,0.0,0
46807,-1.194,75.586,0.0,0.0,-1.452,290.8603,225.5,99.9,5.742,0,0.0,-0.105,310.005,-0.9650000000000001,35.97,0.0,230.39100000000002,0.0,0
46807,-1.194,75.586,0.0,0.0,-1.754,293.1311,223.20000000000002,100.10000000000001,5.742,0,0.0,-0.19,310.005,-1.864,35.52,0.0,231.387,0.0,0
46807,-1.0230000000000001,75.586,0.0,0.0,-1.573,295.44300000000004,266.5,99.7,5.742,0,0.0,-0.145,309.915,-1.7650000000000001,35.730000000000004,0.0,232.40200000000002,0.0,0
46807,-1.0230000000000001,75.586,0.0,0.0,-1.633,297.7045,218.60000000000002,100.4,5.742,0,0.0,-0.22,310.005,1.7650000000000001,36.39,0.0,233.39800000000002,0.0,0
46807,-1.364,75.586,0.0,0.0,-1.754,299.95120000000003,220.8,100.4,5.742,0,0.0,-0.195,310.005,0.6598,35.85,0.0,234.395,0.0,0
46807,-1.194,75.586,0.0,0.0,-1.936,302.1957,220.9,100.10000000000001,5.742,0,0.0,-0.20500000000000002,309.915,-3.5466,35.01,0.0,235.39100000000002,0.0,0
46807,-1.0230000000000001,75.586,0.0,0.0,-1.875,304.42330000000004,218.3,99.9,5.742,0,0.0,-0.21,309.915,-2.5568,34.26,0.0,236.387,0.0,0
46807,-1.194,75.586,0.0,0.0,-1.815,306.685,216.10000000000002,100.10000000000001,5.742,0,0.0,-0.2,310.005,-0.0165,33.81,0.0,237.40200000000002,0.0,0
46807,-1.194,75.586,0.0,0.0,-1.633,308.9029,214.70000000000002,100.10000000000001,5.742,0,0.0,-0.215,310.005,1.7650000000000001,33.96,0.0,238.39800000000002,0.0,0
46807,-1.194,75.586,0.0,0.0,-2.057,311.09860000000003,215.8,100.10000000000001,5.742,0,0.0,-0.19,310.005,4.486800000000001,35.34,0.0,239.395,0.0,0
46807,-1.194,75.586,0.0,0.0,-2.117,313.29220000000004,215.8,99.9,5.742,0,0.0,-0.15,310.005,0.7258,36.93,0.0,240.39100000000002,0.0,0
46807,-1.194,75.586,0.0,0.0,-1.996,315.4746,213.3,100.7,5.742,0,0.0,-0.16,309.915,-2.9032,37.68,0.0,241.387,0.0,0
46807,-1.5350000000000001,75.586,0.0,0.0,-1.996,317.68330000000003,211.10000000000002,100.10000000000001,5.742,0,0.0,-0.14,310.005,-2.8372,36.72,0.0,242.40200000000002,0.0,0
46807,-1.0230000000000001,75.586,0.0,0.0,-1.754,319.85060000000004,211.10000000000002,100.4,5.742,0,0.0,-0.165,310.14000000000004,2.8125,35.04,0.0,243.39800000000002,0.0,0
46807,-1.364,75.586,0.0,0.0,-1.573,321.99870000000004,210.70000000000002,99.7,5.742,0,0.0,-0.25,310.005,2.4249,34.65,0.0,244.395,0.0,0
46807,-1.194,75.586,0.0,0.0,-1.3920000000000001,324.1397,210.60000000000002,99.9,5.742,0,0.0,-0.195,310.005,-0.9897,35.28,0.0,245.39100000000002,0.0,0
46807,-1.194,75.586,0.0,0.0,-1.694,326.3163,248.5,100.4,5.742,0,0.0,-0.22,310.005,-3.8682000000000003,36.15,0.0,246.406,0.0,0
46807,-1.0230000000000001,75.586,0.0,0.0,-1.694,326.5244,208.10000000000002,100.10000000000001,5.742,0,0.0,-0.19,310.005,-3.0682,36.24,0.0,246.50400000000002,0.0,0
46807,-1.194,75.586,0.0,0.0,-1.996,328.6393,208.10000000000002,99.9,5.742,0,0.0,-0.195,310.005,-0.2639,36.0,0.0,247.5,0.0,0
46807,-1.5350000000000001,75.586,0.0,0.0,-1.996,330.7542,208.10000000000002,99.9,5.742,0,0.0,-0.21,310.14000000000004,3.8600000000000003,35.01,0.0,248.496,0.0,0
46807,-1.194,75.586,0.0,0.0,-2.057,332.8518,203.4,99.7,5.742,0,0.0,-0.125,310.14000000000004,4.6188,33.57,0.0,249.49200000000002,0.0,0
46807,-1.0230000000000001,75.586,0.0,0.0,-1.996,334.94120000000004,203.5,98.7,5.742,0,0.0,-0.115,309.915,0.5938,32.88,0.0,250.488,0.0,0
46807,-1.364,75.586,0.0,0.0,-1.3920000000000001,336.99,205.0,95.60000000000001,5.742,0,0.0,-0.22,310.14000000000004,-2.3754,33.24,0.0,251.465,0.0,0
46807,-1.0230000000000001,75.586,0.0,0.0,-1.21,338.8931,161.70000000000002,90.5,5.742,0,0.0,-0.22,310.005,-3.596,35.37,0.0,252.383,0.0,0
46807,-1.0230000000000001,75.586,0.0,0.0,-1.5130000000000001,340.7548,201.10000000000002,85.9,5.742,0,0.0,-0.155,310.005,2.9032,36.6,0.0,253.281,0.0,0
46807,-1.0230000000000001,75.586,0.0,0.0,-1.5130000000000001,342.4148,161.20000000000002,78.10000000000001,5.742,0,0.0,-0.20500000000000002,310.14000000000004,0.5279,37.38,0.0,254.08200000000002,0.0,0
46807,-1.8760000000000001,75.586,0.5,0.0,-1.089,343.93600000000004,159.9,69.9,5.742,0,0.0,-0.155,310.23,4.0909,36.33,0.0,254.824,0.0,0
46807,-1.0230000000000001,75.586,0.0,0.0,-1.1500000000000001,345.25820000000004,120.9,61.300000000000004,5.742,0,0.0,-0.295,309.915,1.1217000000000001,35.730000000000004,0.0,255.46900000000002,0.0,0
46807,-1.364,75.586,0.0,0.0,-1.2710000000000001,346.4186,80.0,53.400000000000006,5.742,0,0.0,-0.1,310.005,-5.5425,34.56,0.0,256.035,0.0,0
46807,-1.0230000000000001,75.586,0.0,0.0,-1.2710000000000001,347.41900000000004,80.0,44.7,5.742,0,-1.0,-0.19,310.005,-0.3629,34.02,0.0,256.523,0.0,0
46807,-1.194,75.586,0.0,0.0,-1.1500000000000001,348.2157,38.5,35.6,5.742,0,0.0,-0.19,310.005,3.4311000000000003,34.35,0.0,256.914,0.0,0
46807,-1.5350000000000001,75.586,0.0,0.0,-1.21,348.8895,79.2,28.5,5.742,0,0.0,-0.14,310.14000000000004,-0.8908,34.44,0.0,257.24600000000004,0.0,0
46807,-1.194,75.586,0.0,0.0,-1.2710000000000001,349.3643,79.10000000000001,20.1,5.742,0,0.0,-0.17500000000000002,310.005,-0.7918000000000001,34.02,0.0,257.48,0.0,0
46807,-1.194,75.586,0.0,0.0,-1.3920000000000001,349.6829,40.6,14.200000000000001,5.742,0,0.0,-0.20500000000000002,310.005,1.5836000000000001,33.660000000000004,0.0,257.637,0.0,0
46807,-1.364,75.586,0.0,0.0,-1.694,349.8798,0.0,8.1,5.742,0,0.0,-0.215,310.14000000000004,2.3754,33.96,0.0,257.73400000000004,0.0,0
46807,-1.5350000000000001,75.586,0.0,0.0,-1.573,350.0401,40.6,5.1000000000000005,5.742,0,0.0,-0.225,309.915,-3.3651,34.26,0.0,257.813,0.0,0
46807,-1.0230000000000001,75.586,0.0,0.0,-1.754,350.0786,0.0,1.7000000000000002,5.742,0,0.0,-0.19,310.005,-2.2434000000000003,34.26,0.0,257.832,0.0,0
46807,-1.0230000000000001,75.586,-0.5,0.0,-1.875,350.11920000000003,0.0,-0.2,5.742,0,-1.0,-0.19,310.005,1.6826,35.160000000000004,0.0,257.85200000000003,0.0,0
46807,-1.194,75.586,0.0,0.0,-1.875,350.0786,0.0,-0.5,5.742,0,0.0,-0.125,310.005,-0.5279,35.550000000000004,0.0,257.832,0.0,0
46807,-1.0230000000000001,75.586,0.0,0.0,-1.875,350.0786,0.0,-0.2,5.742,0,0.0,-0.19,309.915,-1.8475000000000001,35.67,0.0,257.832,0.0,0
46807,-1.5350000000000001,75.586,0.0,0.0,-1.875,350.0786,0.0,0.0,5.742,0,0.0,-0.15,310.005,-1.3196,35.910000000000004,0.0,257.832,0.0,0
46807,-1.0230000000000001,75.586,0.0,0.0,-1.875,350.0786,0.0,0.0,5.742,0,0.0,-0.16,310.005,-2.8372,35.04,0.0,257.832,0.0,0
46807,-0.853,75.586,0.0,0.0,-1.875,350.0786,0.0,-0.5,5.742,0,0.0,-0.115,310.005,-0.8578,35.28,0.0,257.832,0.0,0
46807,-1.194,75.586,0.0,0.0,-1.875,350.0786,0.0,0.0,5.742,0,0.0,-0.135,310.14000000000004,5.1879,34.980000000000004,0.0,257.832,0.0,0
46807,-1.0230000000000001,75.586,0.0,0.0,-1.875,350.0786,0.0,0.0,5.742,0,0.0,0.275,310.14000000000004,5.1549000000000005,35.1,0.0,257.832,0.0,0
46807,-1.364,75.586,0.0,0.0,-1.875,350.0786,0.0,0.0,5.747,0,-1.0,0.545,310.005,1.5836000000000001,34.38,0.0,257.832,0.0,0
46807,-1.364,75.586,0.5,0.0,-1.875,350.0786,0.0,0.2,5.757000000000001,0,0.0,0.555,310.005,-5.1879,33.99,0.0,257.832,0.0,0
46807,-1.0230000000000001,75.586,0.0,0.0,-1.875,350.0786,0.0,0.0,5.767,0,0.0,0.5,309.915,-1.6083,33.63,0.0,257.832,0.0,0
46807,-1.0230000000000001,75.586,0.0,0.0,-1.875,350.0786,0.0,0.0,5.776000000000001,0,-1.0,0.615,310.005,-1.3609,32.82,0.0,257.832,0.0,0
46807,-1.0230000000000001,75.586,0.0,0.0,-1.875,350.0786,0.0,0.0,5.7860000000000005,0,0.0,0.78,310.005,-2.3094,33.480000000000004,0.0,257.832,0.0,0
46807,-1.0230000000000001,75.586,0.0,0.0,-1.875,350.0786,0.0,0.0,5.796,0,0.0,0.9550000000000001,310.005,4.4456,34.38,0.0,257.832,0.0,0
46807,-1.0230000000000001,75.586,0.0,0.0,-1.875,350.0786,0.0,0.0,5.806,0,0.0,0.975,310.005,6.0044,35.1,0.0,257.832,0.0,0
46807,-1.0230000000000001,75.586,0.0,0.0,-1.875,350.0786,0.0,0.0,5.815,0,0.0,1.1300000000000001,310.005,-1.3856000000000002,35.31,0.0,257.832,0.0,0
46807,-1.364,75.586,0.0,0.0,-1.875,350.0786,0.0,0.0,5.825,0,0.0,1.16,310.14000000000004,-2.7960000000000003,35.730000000000004,0.0,257.832,0.0,0
46807,-1.364,75.586,0.0,0.0,-1.875,350.0786,0.0,0.0,5.835,0,-1.0,1.325,310.005,-0.8330000000000001,36.15,0.0,257.832,0.0,0
46807,-1.0230000000000001,75.586,0.0,0.0,-1.875,350.0786,0.0,0.0,5.835,0,0.0,1.36,310.005,-0.132,36.06,0.0,257.832,0.0,0
46807,-1.194,75.586,0.0,0.0,-1.875,350.0786,0.0,0.0,5.845000000000001,0,0.0,1.365,310.005,-0.7918000000000001,35.37,0.0,257.832,0.0,0
46807,-0.853,75.586,0.0,0.0,-1.875,350.0786,0.0,0.0,5.854,0,0.0,1.45,310.14000000000004,0.6598,34.92,0.0,257.832,0.0,0
46807,-1.0230000000000001,75.586,-0.5,0.0,-1.875,350.0786,0.0,0.0,5.864,0,0.0,1.445,310.14000000000004,-0.6268,34.2,0.0,257.832,0.0,0
46807,-1.364,75.586,0.0,0.0,-1.875,350.0786,0.0,0.0,5.8740000000000006,0,0.0,1.565,310.005,-0.2639,33.99,0.0,257.832,0.0,0
46807,-1.364,75.586,0.0,0.0,-1.875,350.0786,0.0,0.0,5.884,0,-1.0,1.53,310.005,0.3629,33.06,0.0,257.832,0.0,0
46807,-1.194,75.586,0.0,0.0,-1.875,350.0786,0.0,0.2,5.894,0,-1.0,1.575,310.005,-3.1672000000000002,33.33,0.0,257.832,0.0,0
46807,-1.364,75.586,0.0,0.0,-1.875,350.0786,0.0,0.0,5.9030000000000005,0,0.0,1.6300000000000001,310.005,-5.0147,33.93,0.0,257.832,0.0,0
46807,-1.194,75.586,0.0,0.0,-1.875,350.0786,0.0,0.0,5.913,0,0.0,1.635,310.005,0.0,34.68,0.0,257.832,0.0,0
46807,-1.194,75.586,0.0,0.0,-1.875,350.0786,0.0,0.0,5.923,0,0.0,1.645,310.005,1.5836000000000001,34.56,0.0,257.832,0.0,0
46807,-1.0230000000000001,75.586,0.0,0.0,-1.875,350.0786,0.0,0.0,5.933000000000001,0,-1.0,1.77,309.915,-1.5836000000000001,34.980000000000004,0.0,257.832,0.0,0
46807,-1.194,75.586,0.0,0.0,-1.875,350.0786,0.0,0.0,5.942,0,0.0,1.655,309.915,1.3856000000000002,35.37,0.0,257.832,0.0,0
46807,-1.0230000000000001,75.586,0.0,0.0,-1.875,350.0786,0.0,-0.2,5.952,0,0.0,1.675,310.005,0.6598,35.04,0.0,257.832,0.0,0
46807,-1.364,75.586,0.0,0.0,-1.875,350.0786,0.0,0.0,5.9670000000000005,0,0.0,1.62,310.005,3.8930000000000002,34.65,0.0,257.832,0.0,0
46807,-1.0230000000000001,75.586,0.0,0.0,-1.875,350.0786,0.0,0.0,5.977,0,0.0,1.6,310.14000000000004,5.0147,34.800000000000004,0.0,257.832,0.0,0
46807,-1.0230000000000001,75.586,-0.5,0.0,-1.875,350.0786,0.0,0.0,5.986000000000001,0,0.0,1.57,309.915,-1.7815,34.71,0.0,257.832,0.0,0
46807,-1.364,75.586,0.0,0.0,-1.875,350.0786,0.0,0.0,5.996,0,0.0,1.5350000000000001,310.005,-1.9795,35.13,0.0,257.832,0.0,0
46807,-1.5350000000000001,75.586,0.0,0.0,-1.875,350.0786,0.0,0.0,6.006,0,0.0,1.45,310.005,-2.0125,35.01,0.0,257.832,0.0,0
46807,-1.194,75.586,0.0,0.0,-1.875,350.0786,0.0,0.0,6.016,0,0.0,1.3900000000000001,310.005,2.1114,34.02,0.0,257.832,0.0,0
46807,-1.194,75.586,0.0,0.0,-1.875,350.0786,0.0,0.0,6.025,0,0.0,1.37,310.005,3.9589000000000003,32.79,0.0,257.832,0.0,0
46807,-1.364,75.586,0.0,0.0,-1.875,350.0786,0.0,0.0,6.04,0,0.0,1.25,310.005,0.39590000000000003,33.24,0.0,257.832,0.0,0
46807,-1.0230000000000001,75.586,0.0,0.0,-1.875,350.0786,0.0,0.0,6.050000000000001,0,0.0,1.22,310.005,2.3754,33.9,0.0,257.832,0.0,0
46807,-1.0230000000000001,75.586,0.5,0.0,-1.875,350.0786,0.0,0.0,6.0600000000000005,0,0.0,1.12,310.005,-1.3196,34.44,0.0,257.832,0.0,0
46807,-1.0230000000000001,75.586,0.0,0.0,-1.875,350.0786,0.0,0.0,6.069,0,0.0,1.165,309.915,-2.5733,35.13,0.0,257.832,0.0,0
46807,-1.0230000000000001,75.586,0.0,0.0,-1.875,350.0786,0.0,0.0,6.079000000000001,0,0.0,1.05,310.005,2.9032,35.58,0.0,257.832,0.0,0
46807,-1.0230000000000001,75.586,0.0,0.0,-1.875,350.0786,0.0,-0.2,6.089,0,-1.0,1.11,309.915,-2.0455,35.85,0.0,257.832,0.0,0
46807,-1.0230000000000001,75.586,0.0,0.0,-1.875,350.0786,0.0,0.0,6.099,0,-1.0,1.05,310.005,-0.9238000000000001,35.28,0.0,257.832,0.0,0
46807,-1.194,75.586,0.0,0.0,-1.875,350.0786,0.0,0.0,6.1080000000000005,0,0.0,1.02,310.005,0.5279,34.77,0.0,257.832,0.0,0
46807,-1.364,75.586,0.0,0.0,-1.875,350.0786,0.0,0.0,6.113,0,0.0,1.01,310.005,0.6598,34.71,0.0,257.832,0.0,0
46807,-1.0230000000000001,75.586,0.0,0.0,-1.875,350.0786,0.0,0.2,6.123,0,0.0,0.9550000000000001,310.005,1.4351,34.83,0.0,257.832,0.0,0
46807,-1.0230000000000001,75.586,0.0,0.0,-1.875,350.0786,0.0,0.0,6.133,0,0.0,1.0150000000000001,310.005,0.0,35.19,0.0,257.832,0.0,0
46807,-1.0230000000000001,75.586,0.0,0.0,-1.875,350.0786,0.0,0.0,6.143000000000001,0,0.0,1.025,309.915,2.0620000000000003,35.07,0.0,257.832,0.0,0
46807,-1.0230000000000001,75.586,0.0,0.0,-1.875,350.0786,0.0,-0.2,6.152,0,0.0,1.09,310.14000000000004,1.8228000000000002,34.44,0.0,257.832,0.0,0
46807,-1.364,75.586,0.0,0.0,-1.875,350.0786,0.0,0.2,6.162,0,0.0,1.105,310.005,1.7815,33.81,0.0,257.832,0.0,0
46807,-1.0230000000000001,75.586,0.0,0.0,-1.875,350.0786,0.0,0.2,6.172000000000001,0,0.0,1.18,310.005,-0.23920000000000002,33.09,0.0,257.832,0.0,0
46807,-1.0230000000000001,75.586,0.0,0.0,-1.875,350.0786,0.0,0.0,6.182,0,-1.0,1.16,310.005,-2.5486,32.97,0.0,257.832,0.0,0
46807,-1.0230000000000001,75.586,0.0,0.0,-1.875,350.0786,0.0,0.2,6.191000000000001,0,0.0,1.285,310.005,1.9795,33.96,0.0,257.832,0.0,0
46807,-1.0230000000000001,75.586,-0.5,0.0,-1.875,350.0786,0.0,0.0,6.2010000000000005,0,0.0,1.225,309.915,-1.1052,35.67,0.0,257.832,0.0,0
46807,-1.364,75.586,0.0,0.0,-1.875,350.0786,0.0,0.0,6.211,0,0.0,1.41,310.005,-3.4311000000000003,36.300000000000004,0.0,257.832,0.0,0
46807,-1.5350000000000001,75.586,0.0,0.0,-1.875,350.0786,0.0,0.0,6.221,0,0.0,1.405,310.14000000000004,1.097,36.51,0.0,257.832,0.0,0
46807,-1.194,75.586,0.0,0.0,-1.875,350.0786,0.0,0.0,6.23,0,0.0,1.49,310.005,2.0702000000000003,36.33,0.0,257.832,0.0,0
46807,-1.0230000000000001,75.586,0.0,0.0,-1.875,350.0786,0.0,0.0,6.24,0,0.0,1.5050000000000001,310.005,0.6598,35.550000000000004,0.0,257.832,0.0,0
46807,-1.0230000000000001,75.586,0.0,0.0,-1.875,350.0786,0.0,0.2,6.25,0,0.0,1.58,309.915,0.0825,35.19,0.0,257.832,0.0,0
46807,-1.194,75.586,0.0,0.0,-1.875,350.0786,0.0,0.2,6.260000000000001,0,0.0,1.675,310.14000000000004,-1.3444,35.37,0.0,257.832,0.0,0
46807,-1.194,75.586,0.0,0.0,-1.875,350.0786,0.0,0.0,6.260000000000001,0,0.0,1.655,310.14000000000004,-0.6268,35.4,0.0,257.832,0.0,0
46807,-1.194,75.586,0.0,0.0,-1.875,350.0786,0.0,0.0,6.274,0,-1.0,1.695,310.005,-0.2639,35.94,0.0,257.832,0.0,0
46807,-1.194,75.586,0.0,0.0,-1.875,350.0786,0.0,0.0,6.284000000000001,0,0.0,1.745,310.14000000000004,4.0579,35.04,0.0,257.832,0.0,0
46807,-1.194,75.586,0.0,0.0,-1.875,350.0786,0.0,0.2,6.2940000000000005,0,0.0,1.6300000000000001,310.005,-2.2434000000000003,34.29,0.0,257.832,0.0,0
46807,-1.364,75.586,0.0,0.0,-1.875,350.0786,0.0,0.0,6.304,0,0.0,1.805,310.005,0.7918000000000001,33.660000000000004,0.0,257.832,0.0,0
46807,-1.194,75.586,0.0,0.0,-1.875,350.0786,0.0,-0.2,6.313000000000001,0,0.0,1.7750000000000001,310.14000000000004,0.9238000000000001,33.63,0.0,257.832,0.0,0
46807,-1.194,75.586,0.0,0.0,-1.875,350.0786,0.0,0.0,6.323,0,0.0,1.865,310.005,-3.1672000000000002,34.77,0.0,257.832,0.0,0
46807,-1.364,75.586,0.0,0.0,-1.875,350.0786,0.0,0.0,6.333,0,-1.0,1.865,310.005,0.5279,36.06,0.0,257.832,0.0,0
46807,-0.682,75.586,0.0,0.0,-1.875,350.0786,0.0,0.0,6.343,0,0.0,1.835,310.005,1.9465000000000001,37.56,0.0,257.832,0.0,0
46807,-1.0230000000000001,75.586,0.0,0.0,-1.875,350.0786,0.0,0.0,6.353000000000001,0,0.0,1.77,310.005,-1.5836000000000001,37.410000000000004,0.0,257.832,0.0,0
46807,-0.853,75.586,0.0,0.0,-1.875,350.0786,0.0,0.0,6.362,0,0.0,1.845,310.005,-4.2229,36.480000000000004,0.0,257.832,0.0,0
46807,-1.0230000000000001,75.586,0.0,0.0,-1.875,350.0786,0.0,0.0,6.372,0,-1.0,1.74,310.14000000000004,2.7713,35.1,0.0,257.832,0.0,0
46807,-1.194,75.586,0.0,0.0,-1.875,350.0786,0.0,0.0,6.382000000000001,0,-1.0,1.7650000000000001,309.915,2.4413,34.47,0.0,257.832,0.0,0
46807,-0.853,75.586,0.0,0.0,-1.875,350.0786,0.0,0.0,6.396,0,0.0,1.635,310.005,-3.2991,34.47,0.0,257.832,0.0,0
46807,-1.0230000000000001,75.586,0.0,0.0,-1.875,350.0786,0.0,0.0,6.406000000000001,0,-1.0,1.61,310.005,3.0022,34.83,0.0,257.832,0.0,0
46807,-1.364,75.586,0.0,0.0,-1.875,350.0786,0.0,0.0,6.416,0,0.0,1.385,310.005,3.8270000000000004,35.43,0.0,257.832,0.0,0
46807,-1.194,75.586,0.0,0.0,-1.875,350.0786,0.0,0.0,6.426,0,0.0,1.52,309.915,-1.2537,35.07,0.0,257.832,0.0,0
46807,-1.194,75.586,0.0,0.0,-1.875,350.0786,0.0,-0.2,6.436,0,-1.0,1.455,310.005,1.5836000000000001,34.05,0.0,257.832,0.0,0
46807,-1.364,75.586,0.0,0.0,-1.875,350.0786,0.0,0.0,6.445,0,0.0,1.445,309.915,-0.46190000000000003,33.6,0.0,257.832,0.0,0
46807,-1.194,75.586,0.0,0.0,-1.875,350.0786,0.0,0.2,6.455,0,-1.0,1.245,310.005,-1.3196,34.05,0.0,257.832,0.0,0
46807,-1.0230000000000001,75.586,0.0,0.0,-1.875,350.0786,0.0,0.0,6.470000000000001,0,-1.0,1.2550000000000001,310.14000000000004,-0.3629,34.800000000000004,0.0,257.832,0.0,0
46807,-1.194,75.586,0.0,0.0,-1.875,350.0786,0.0,0.0,6.479,0,0.0,1.21,310.005,1.7155,35.910000000000004,0.0,257.832,0.0,0
46807,-0.853,75.586,0.0,0.0,-1.875,350.0786,0.0,-0.2,6.479,0,0.0,1.045,310.005,1.2372,36.03,0.0,257.832,0.0,0
46807,-1.194,75.586,0.0,0.0,-1.875,350.0786,0.0,0.0,6.489,0,0.0,1.045,310.005,-2.3094,37.050000000000004,0.0,257.832,0.0,0
46807,-1.0230000000000001,75.586,0.0,0.0,-1.875,350.0786,0.0,0.0,6.4990000000000006,0,0.0,0.995,310.005,-0.8330000000000001,36.78,0.0,257.832,0.0,0
46807,-1.194,75.586,0.0,0.0,-1.875,350.0786,0.0,0.0,6.509,0,0.0,1.01,310.005,3.3651,36.21,0.0,257.832,0.0,0
46807,-0.853,75.586,0.0,0.0,-1.875,350.0786,0.0,0.0,6.519,0,0.0,0.975,310.14000000000004,2.7465,35.61,0.0,257.832,0.0,0
46807,-1.194,75.586,0.0,0.0,-1.875,350.0786,0.0,0.0,6.533,0,0.0,0.965,310.005,-0.5938,34.77,0.0,257.832,0.0,0
46807,-1.0230000000000001,75.586,0.0,0.0,-1.875,350.0786,0.0,0.0,6.543,0,0.0,0.975,310.005,-0.19790000000000002,34.86,0.0,257.832,0.0,0
46807,-1.0230000000000001,75.586,0.0,0.0,-1.875,350.0786,0.0,0.0,6.553,0,0.0,0.86,310.005,-1.9795,35.01,0.0,257.832,0.0,0
46807,-1.0230000000000001,75.586,0.0,0.0,-1.875,350.0786,0.0,-0.2,6.563000000000001,0,0.0,0.895,309.915,-0.5114000000000001,34.74,0.0,257.832,0.0,0
46807,-0.853,75.586,0.0,0.0,-1.875,350.0786,0.0,0.0,6.572,0,0.0,0.835,310.005,-0.9650000000000001,34.56,0.0,257.832,0.0,0
46807,-1.194,75.586,0.0,0.0,-1.875,350.0786,0.0,0.0,6.582000000000001,0,0.0,0.87,310.14000000000004,1.2289,34.53,0.0,257.832,0.0,0
46807,-1.0230000000000001,75.586,0.0,0.0,-1.875,350.0786,0.0,0.0,6.5920000000000005,0,0.0,0.895,310.005,2.3341000000000003,34.71,0.0,257.832,0.0,0
46807,-1.194,75.586,0.0,0.0,-1.875,350.0786,0.0,0.2,6.602,0,0.0,0.96,310.005,1.9795,35.25,0.0,257.832,0.0,0
46807,-0.853,75.586,0.0,0.0,-1.875,350.0786,0.0,0.0,6.611000000000001,0,0.0,0.885,310.005,-1.9795,36.06,0.0,257.832,0.0,0
46807,-1.364,75.586,0.0,0.0,-1.875,350.0786,0.0,0.0,6.621,0,-1.0,0.965,310.005,-3.1012,36.69,0.0,257.832,0.0,0
46807,-1.0230000000000001,75.586,0.0,0.0,-1.875,350.0786,0.0,0.0,6.631,0,0.0,1.135,310.005,1.0145,36.54,0.0,257.832,0.0,0
46807,-1.0230000000000001,75.586,0.0,0.0,-1.875,350.0786,0.0,0.0,6.641,0,-1.0,1.1500000000000001,310.005,-1.7815,36.33,0.0,257.832,0.0,0
46807,-1.0230000000000001,75.586,0.0,0.0,-1.875,350.0786,0.0,0.2,6.655,0,0.0,1.1500000000000001,310.14000000000004,0.6186,36.27,0.0,257.832,0.0,0
46807,-1.194,75.586,0.0,0.0,-1.875,350.0786,0.0,0.0,6.665,0,0.0,1.24,310.14000000000004,5.9137,35.97,0.0,257.832,0.0,0
46807,-1.0230000000000001,75.586,0.0,0.0,-1.875,350.0786,0.0,0.0,6.675000000000001,0,-1.0,1.28,310.005,-0.7423000000000001,35.550000000000004,0.0,257.832,0.0,0
46807,-1.364,75.586,0.0,0.0,-1.875,350.0786,0.0,0.0,6.6850000000000005,0,0.0,1.375,310.14000000000004,-6.0044,34.68,0.0,257.832,0.0,0
46807,-1.0230000000000001,75.586,0.0,0.0,-1.875,350.0786,0.0,-0.2,6.694,0,0.0,1.5,310.005,-0.39590000000000003,34.65,0.0,257.832,0.0,0
46807,-1.0230000000000001,75.586,0.0,0.0,-1.875,350.0786,0.0,0.0,6.694,0,-1.0,1.62,310.005,-0.5279,34.62,0.0,257.832,0.0,0
46807,-1.0230000000000001,75.586,0.0,0.0,-1.875,350.0786,0.0,0.0,6.704000000000001,0,0.0,1.47,310.005,0.2639,34.29,0.0,257.832,0.0,0
46807,-1.194,75.586,0.0,0.0,-1.875,350.0786,0.0,0.0,6.714,0,0.0,1.5050000000000001,310.005,-2.7713,34.5,0.0,257.832,0.0,0
46807,-1.0230000000000001,75.586,0.0,0.0,-1.875,350.0786,0.0,-0.2,6.724,0,0.0,1.59,310.005,2.3754,35.25,0.0,257.832,0.0,0
46807,-1.0230000000000001,75.586,0.0,0.0,-1.875,350.0786,0.0,0.0,6.7330000000000005,0,-1.0,1.52,309.915,-2.7713,35.910000000000004,0.0,257.832,0.0,0
46807,-1.194,75.586,0.0,0.0,-1.875,350.0786,0.0,0.0,6.743,0,0.0,1.595,309.915,-0.7258,36.39,0.0,257.832,0.0,0
46807,-1.194,75.586,0.0,0.0,-1.875,350.0786,0.0,0.2,6.753,0,0.0,1.635,309.915,1.8475000000000001,36.99,0.0,257.832,0.0,0
46807,-0.853,75.586,0.0,0.0,-1.875,350.0786,0.0,0.0,6.763,0,0.0,1.575,310.005,1.7815,36.93,0.0,257.832,0.0,0
46807,-1.194,75.586,0.0,0.0,-1.875,350.0786,0.0,0.0,6.772,0,-1.0,1.655,310.14000000000004,3.8270000000000004,37.11,0.0,257.832,0.0,0
46807,-1.0230000000000001,75.586,0.0,0.0,-1.875,350.0786,0.0,-0.2,6.782,0,0.0,1.635,309.915,0.5279,36.9,0.0,257.832,0.0,0
46807,-1.0230000000000001,75.586,0.0,0.0,-1.875,350.0786,0.0,0.0,6.792000000000001,0,0.0,1.695,310.14000000000004,0.132,35.97,0.0,257.832,0.0,0
46807,-1.0230000000000001,75.586,0.0,0.0,-1.875,350.0786,0.0,0.0,6.807,0,-1.0,1.565,310.14000000000004,0.2639,35.19,0.0,257.832,0.0,0
46807,-1.0230000000000001,75.586,0.0,0.0,-1.875,350.0786,0.0,0.0,6.816000000000001,0,0.0,1.5250000000000001,310.005,2.1114,35.1,0.0,257.832,0.0,0
46807,-1.0230000000000001,75.586,0.0,0.0,-1.875,350.0786,0.0,0.0,6.8260000000000005,0,-1.0,1.465,310.005,0.6268,34.02,0.0,257.832,0.0,0
46807,-1.194,75.586,0.0,0.0,-1.875,350.0786,0.0,0.0,6.836,0,0.0,1.46,310.14000000000004,1.9795,33.87,0.0,257.832,0.0,0
46807,-1.0230000000000001,75.586,0.0,0.0,-1.875,350.0786,0.0,0.2,6.846,0,0.0,1.495,310.005,2.3754,34.2,0.0,257.832,0.0,0
46807,-1.0230000000000001,75.586,0.0,0.0,-1.875,350.0786,0.0,0.0,6.855,0,0.0,1.325,310.005,0.39590000000000003,35.46,0.0,257.832,0.0,0
46807,-1.0230000000000001,75.586,0.0,0.0,-1.875,350.0786,0.0,0.2,6.865,0,0.0,1.225,309.915,-6.4333,35.910000000000004,0.0,257.832,0.0,0
46807,-1.0230000000000001,75.586,0.0,0.0,-1.875,350.0786,0.0,-0.2,6.88,0,0.0,1.16,310.005,-3.0352,36.54,0.0,257.832,0.0,0
46807,-1.0230000000000001,75.586,0.0,0.0,-1.875,350.0786,0.0,0.0,6.890000000000001,0,0.0,1.1400000000000001,310.14000000000004,3.0682,36.69,0.0,257.832,0.0,0
46807,-1.0230000000000001,75.586,0.0,0.0,-1.875,350.0786,0.0,0.2,6.899,0,-1.0,1.085,309.915,1.1877,36.24,0.0,257.832,0.0,0
46807,-1.0230000000000001,75.586,0.0,0.0,-1.875,350.0786,0.0,0.0,6.909000000000001,0,0.0,1.02,310.14000000000004,1.7485000000000002,36.24,0.0,257.832,0.0,0
46807,-1.194,75.586,0.0,0.0,-1.875,350.0786,0.0,0.0,6.9190000000000005,0,-1.0,0.93,310.005,-1.1877,36.300000000000004,0.0,257.832,0.0,0
46807,-1.0230000000000001,75.586,0.0,0.0,-1.875,350.0786,0.0,0.0,6.929,0,0.0,1.045,310.005,-2.1774,35.76,0.0,257.832,0.0,0
46807,-1.0230000000000001,75.586,0.0,0.0,-1.875,350.0786,0.0,0.0,6.938000000000001,0,0.0,0.93,309.915,-2.6393,35.1,0.0,257.832,0.0,0
46807,-1.0230000000000001,75.586,0.0,0.0,-1.875,350.0786,0.0,0.0,6.948,0,0.0,0.97,309.915,-2.5733,34.44,0.0,257.832,0.0,0
46807,-1.0230000000000001,75.586,0.0,0.0,-1.875,350.0786,0.0,0.0,6.958,0,0.0,0.91,309.915,-1.5836000000000001,33.660000000000004,0.0,257.832,0.0,0
46807,-1.0230000000000001,75.586,0.0,0.0,-1.875,350.0786,0.0,0.0,6.973000000000001,0,0.0,1.01,310.005,4.9487000000000005,33.81,0.0,257.832,0.0,0
46807,-1.194,75.586,0.0,0.0,-1.875,350.0786,0.0,0.0,6.982,0,0.0,1.0,310.14000000000004,3.8270000000000004,33.57,0.0,257.832,0.0,0
46807,-1.0230000000000001,75.586,0.0,0.0,-1.875,350.0786,0.0,0.0,6.992,0,0.0,1.01,310.005,0.19790000000000002,34.47,0.0,257.832,0.0,0
46807,-1.0230000000000001,75.586,0.0,0.0,-1.875,350.0786,0.0,0.0,7.002000000000001,0,0.0,1.08,310.005,0.7918000000000001,36.03,0.0,257.832,0.0,0
46807,-1.0230000000000001,75.586,0.0,0.0,-1.875,350.0786,0.0,0.0,7.002000000000001,0,-1.0,1.07,310.005,0.39590000000000003,36.18,0.0,257.832,0.0,0
46807,-1.194,75.586,0.0,0.0,-1.875,350.0786,0.0,0.0,7.0120000000000005,0,-2.0,1.22,310.005,-2.4166000000000003,36.87,0.0,257.832,0.0,0
46807,-1.0230000000000001,75.586,0.0,0.0,-1.875,350.0786,0.0,0.0,7.021,0,0.0,1.28,310.005,-2.3094,36.42,0.0,257.832,0.0,0
46807,-1.194,75.586,0.0,0.0,-1.875,350.0786,0.0,0.0,7.031000000000001,0,0.0,1.33,310.14000000000004,3.3404000000000003,35.64,0.0,257.832,0.0,0
46807,-1.0230000000000001,75.586,0.0,0.0,-1.875,350.0786,0.0,0.0,7.041,0,0.0,1.35,309.915,2.2599,34.980000000000004,0.0,257.832,0.0,0
46807,-0.853,75.586,0.0,0.0,-1.875,350.0786,0.0,0.0,7.051,0,0.0,1.41,310.005,0.066,35.37,0.0,257.832,0.0,0
46807,-1.0230000000000001,75.586,0.0,0.0,-1.875,350.0786,0.0,0.0,7.061,0,0.0,1.445,310.005,-3.7363000000000004,35.160000000000004,0.0,257.832,0.0,0
46807,-1.0230000000000001,75.586,0.0,0.0,-1.875,350.0786,0.0,0.0,7.07,0,0.0,1.57,309.915,0.6763,34.83,0.0,257.832,0.0,0
46807,-0.853,75.586,0.0,0.0,-1.875,350.0786,0.0,0.2,7.08,0,0.0,1.625,310.14000000000004,-2.5981,34.62,0.0,257.832,0.0,0
46807,-0.682,75.586,0.0,0.0,-1.875,350.0786,0.0,0.0,7.090000000000001,0,-1.0,1.6400000000000001,310.14000000000004,0.7011000000000001,33.84,0.0,257.832,0.0,0
46807,-1.0230000000000001,75.586,0.0,0.0,-1.875,350.0786,0.0,0.0,7.1000000000000005,0,-1.0,1.6500000000000001,310.14000000000004,4.8415,33.72,0.0,257.832,0.0,0
46807,-0.853,75.586,0.0,0.0,-1.875,350.0786,0.0,0.0,7.109,0,-1.0,1.815,310.14000000000004,0.2227,34.08,0.0,257.832,0.0,0
46807,-0.853,75.586,0.0,0.0,-1.875,350.0786,0.0,0.0,7.119000000000001,0,0.0,1.845,309.915,-3.5878,35.04,0.0,257.832,0.0,0
46807,-1.0230000000000001,75.586,0.0,0.0,-1.875,350.0786,0.0,0.0,7.1290000000000004,0,-1.0,1.895,310.005,-0.9897,36.57,0.0,257.832,0.0,0
46807,-1.0230000000000001,75.586,0.0,0.0,-1.875,350.0786,0.0,0.0,7.139,0,0.0,1.97,310.005,-1.8228000000000002,36.87,0.0,257.832,0.0,0
46807,-1.0230000000000001,75.586,0.0,0.0,-1.875,350.0786,0.0,0.0,7.148000000000001,0,0.0,1.86,309.915,0.28040000000000004,36.6,0.0,257.832,0.0,0
46807,-0.853,75.586,0.0,0.0,-1.875,350.0786,0.0,0.0,7.158,0,0.0,1.85,310.005,-1.2537,35.22,0.0,257.832,0.0,0
46807,-0.853,75.586,0.0,0.0,-1.875,350.0786,0.0,0.0,7.173,0,0.0,1.845,310.14000000000004,1.1464,34.89,0.0,257.832,0.0,0
46807,-1.0230000000000001,75.586,0.0,0.0,-1.875,350.0786,0.0,0.0,7.183000000000001,0,-1.0,1.81,309.915,5.4106000000000005,35.1,0.0,257.832,0.0,0
46807,-1.0230000000000001,75.586,0.0,0.0,-1.875,350.0786,0.0,0.0,7.192,0,0.0,1.71,309.915,-2.2434000000000003,35.58,0.0,257.832,0.0,0
46807,-1.0230000000000001,75.586,0.0,0.0,-1.875,350.0786,0.0,0.0,7.202,0,0.0,1.835,310.005,-3.7363000000000004,36.15,0.0,257.832,0.0,0
46807,-1.0230000000000001,75.586,0.0,0.0,-1.875,350.0786,0.0,0.0,7.212000000000001,0,-1.0,1.795,310.005,3.1919,35.46,0.0,257.832,0.0,0
46807,-0.682,75.586,0.0,0.0,-1.875,350.0786,0.0,0.0,7.212000000000001,0,0.0,1.77,310.005,3.9589000000000003,35.4,0.0,257.832,0.0,0
46807,-1.0230000000000001,75.586,0.0,0.0,-1.875,350.0786,0.0,0.0,7.222,0,0.0,1.72,310.005,2.0455,34.95,0.0,257.832,0.0,0
46807,-1.0230000000000001,75.586,0.0,0.0,-1.875,350.0786,0.0,0.0,7.231000000000001,0,0.0,1.665,310.14000000000004,1.1877,33.72,0.0,257.832,0.0,0
46807,-0.853,75.586,0.0,0.0,-1.875,350.0786,0.0,0.2,7.246,0,0.0,1.6300000000000001,310.005,0.5279,32.85,0.0,257.832,0.0,0
46807,-0.682,75.586,0.0,0.0,-1.875,350.0786,0.0,-0.2,7.256,0,0.0,1.5250000000000001,310.005,-0.5279,33.33,0.0,257.832,0.0,0
46807,-1.0230000000000001,75.586,0.0,0.0,-1.875,350.0786,0.0,0.0,7.266,0,0.0,1.5250000000000001,310.14000000000004,0.0,35.4,0.0,257.832,0.0,0
46807,-0.682,75.586,0.0,0.0,-1.875,350.0786,0.0,0.0,7.275,0,0.0,1.555,309.915,-0.6598,36.57,0.0,257.832,0.0,0
46807,-1.194,75.586,0.0,0.0,-1.875,350.0786,0.0,0.0,7.285,0,0.0,1.385,310.14000000000004,0.165,37.02,0.0,257.832,0.0,0
46807,-1.364,75.586,0.0,0.0,-1.875,350.0786,0.0,0.0,7.295,0,0.0,1.37,310.005,-0.7918000000000001,36.24,0.0,257.832,0.0,0
46807,-0.853,75.586,0.0,0.0,-1.875,350.0786,0.0,0.0,7.305000000000001,0,0.0,1.33,310.005,-1.3856000000000002,35.07,0.0,257.832,0.0,0
46807,-0.853,75.586,0.0,0.0,-1.875,350.0786,0.0,0.0,7.319,0,0.0,1.235,310.005,-3.0352,34.05,0.0,257.832,0.0,0
46807,-1.0230000000000001,75.586,0.0,0.0,-1.875,350.0786,0.0,0.0,7.329000000000001,0,0.0,1.29,310.005,1.0557,33.69,0.0,257.832,0.0,0
46807,-1.0230000000000001,75.586,0.0,0.0,-1.875,350.0786,0.0,0.0,7.339,0,0.0,1.285,310.005,1.9795,34.230000000000004,0.0,257.832,0.0,0
46807,-1.0230000000000001,75.586,0.0,0.0,-1.875,350.0786,0.0,0.0,7.349,0,-1.0,1.175,310.005,0.0,34.92,0.0,257.832,0.0,0
46807,-1.194,75.586,0.0,0.0,-1.875,350.0786,0.0,0.0,7.3580000000000005,0,0.0,1.155,310.005,-1.9795,34.62,0.0,257.832,0.0,0
46807,-1.0230000000000001,75.586,0.0,0.0,-1.875,350.0786,0.0,0.0,7.368,0,-1.0,1.185,310.005,0.0,34.26,0.0,257.832,0.0,0
46807,-0.853,75.586,0.0,0.0,-1.875,350.0786,0.0,0.0,7.378,0,0.0,1.155,309.915,-1.8475000000000001,33.480000000000004,0.0,257.832,0.0,0
46807,-1.0230000000000001,75.586,0.0,0.0,-1.875,350.0786,0.0,0.0,7.388000000000001,0,0.0,1.215,310.005,-0.5279,33.96,0.0,257.832,0.0,0
46807,-1.0230000000000001,75.586,0.0,0.0,-1.875,350.0786,0.0,0.0,7.397,0,0.0,1.23,310.005,0.7918000000000001,35.04,0.0,257.832,0.0,0
46807,-0.682,75.586,0.0,0.0,-1.875,350.0786,0.0,0.0,7.407,0,0.0,1.24,310.14000000000004,2.4743,36.24,0.0,257.832,0.0,0
46807,-1.0230000000000001,75.586,0.0,0.0,-1.875,350.0786,0.0,0.0,7.417000000000001,0,0.0,1.295,310.14000000000004,3.9589000000000003,36.39,0.0,257.832,0.0,0
46807,-1.0230000000000001,75.586,0.0,0.0,-1.875,350.0786,0.0,0.0,7.432,0,0.0,1.285,310.005,0.0,36.03,0.0,257.832,0.0,0
46807,-1.0230000000000001,75.586,0.0,0.0,-1.875,350.0786,0.0,0.0,7.441000000000001,0,0.0,1.405,310.005,-5.2786,35.25,0.0,257.832,0.0,0
46807,-1.194,75.586,0.0,0.0,-1.875,350.0786,0.0,0.0,7.4510000000000005,0,0.0,1.34,310.005,-3.0682,35.07,0.0,257.832,0.0,0
46807,-1.0230000000000001,75.586,0.0,0.0,-1.875,350.0786,0.0,0.0,7.461,0,0.0,1.435,310.005,1.0557,34.71,0.0,257.832,0.0,0
46807,-1.0230000000000001,75.586,0.0,0.0,-1.875,350.0786,0.0,0.0,7.471,0,0.0,1.5050000000000001,310.005,2.6393,34.83,0.0,257.832,0.0,0
46807,-1.0230000000000001,75.586,0.0,0.0,-1.875,350.0786,0.0,0.0,7.48,0,0.0,1.635,310.14000000000004,2.3754,34.800000000000004,0.0,257.832,0.0,0
46807,-1.194,75.586,0.0,0.0,-1.875,350.0786,0.0,0.0,7.49,0,0.0,1.5250000000000001,310.005,-1.5836000000000001,34.68,0.0,257.832,0.0,0
46807,-0.853,75.586,0.0,0.0,-1.875,350.0786,0.0,0.0,7.5,0,0.0,1.625,310.005,-1.1877,34.89,0.0,257.832,0.0,0
46807,-1.0230000000000001,75.586,0.0,0.0,-1.875,350.0786,0.0,0.0,7.510000000000001,0,0.0,1.6600000000000001,309.915,-2.4743,34.44,0.0,257.832,0.0,0
46807,-0.853,75.586,0.0,0.0,-1.875,350.0786,0.0,0.0,7.5200000000000005,0,0.0,1.79,310.005,1.1877,34.83,0.0,257.832,0.0,0
46807,-0.512,75.586,0.0,0.0,-1.875,350.0786,0.0,0.0,7.5200000000000005,0,0.0,1.795,310.005,1.1217000000000001,34.92,0.0,257.832,0.0,0
46807,-1.0230000000000001,75.586,0.0,0.0,-1.875,350.0786,0.0,0.0,7.529000000000001,0,0.0,1.86,310.005,0.46190000000000003,35.730000000000004,0.0,257.832,0.0,0
46807,-1.194,75.586,0.0,0.0,-1.875,350.0786,0.0,0.0,7.539000000000001,0,-1.0,1.805,310.14000000000004,1.4104,35.82,0.0,257.832,0.0,0
46807,-1.0230000000000001,75.586,0.0,0.0,-1.875,350.0786,0.0,0.0,7.549,0,-1.0,1.7550000000000001,310.005,2.1114,36.06,0.0,257.832,0.0,0
46807,-1.0230000000000001,75.586,0.0,0.0,-1.875,350.0786,0.0,0.0,7.559,0,0.0,1.9000000000000001,310.005,-0.5279,36.69,0.0,257.832,0.0,0
46807,-0.853,75.586,0.0,0.0,-1.875,350.0786,0.0,0.0,7.5680000000000005,0,0.0,1.915,310.005,-3.3404000000000003,36.78,0.0,257.832,0.0,0
46807,-1.0230000000000001,75.586,0.0,0.0,-1.875,350.0786,0.0,0.0,7.578,0,0.0,1.94,310.005,-1.7155,36.6,0.0,257.832,0.0,0
46807,-1.0230000000000001,75.586,0.0,0.0,-1.875,350.0786,0.0,0.0,7.588,0,0.0,1.8900000000000001,310.005,1.7815,35.910000000000004,0.0,257.832,0.0,0
46807,-0.853,75.586,0.0,0.0,-1.875,350.0786,0.0,0.0,7.603000000000001,0,0.0,1.935,310.005,-1.7815,35.31,0.0,257.832,0.0,0
46807,-0.853,75.586,0.0,0.0,-1.875,350.0786,0.0,0.0,7.612,0,0.0,1.955,310.14000000000004,2.7960000000000003,35.04,0.0,257.832,0.0,0
46807,-1.194,75.586,0.0,0.0,-1.875,350.0786,0.0,0.0,7.622000000000001,0,0.0,1.86,310.14000000000004,4.3301,34.29,0.0,257.832,0.0,0
46807,-0.853,75.586,0.0,0.0,-1.875,350.0786,0.0,0.0,7.632000000000001,0,0.0,1.9000000000000001,309.915,-2.3094,33.9,0.0,257.832,0.0,0
46807,-1.0230000000000001,75.586,0.0,0.0,-1.875,350.0786,0.0,0.0,7.642,0,0.0,1.835,309.915,-3.9177000000000004,34.35,0.0,257.832,0.0,0
46807,-1.0230000000000001,75.586,0.0,0.0,-1.875,350.0786,0.0,-0.2,7.651000000000001,0,-1.0,1.865,310.005,-2.8372,35.1,0.0,257.832,0.0,0
46807,-1.0230000000000001,75.586,0.0,0.0,-1.875,350.0786,0.0,0.0,7.6610000000000005,0,0.0,1.7750000000000001,310.005,4.4043,36.03,0.0,257.832,0.0,0
46807,-1.0230000000000001,75.586,0.0,0.0,-1.875,350.0786,0.0,0.0,7.671,0,-1.0,1.805,310.14000000000004,4.4621,36.39,0.0,257.832,0.0,0
46807,-0.853,75.586,0.0,0.0,-1.875,350.0786,0.0,0.0,7.686,0,0.0,1.68,310.005,-0.39590000000000003,36.660000000000004,0.0,257.832,0.0,0
46807,-0.853,75.586,0.0,0.0,-1.875,350.0786,0.0,0.0,7.695,0,0.0,1.6300000000000001,310.005,-1.7568000000000001,36.87,0.0,257.832,0.0,0
46807,-1.0230000000000001,75.586,0.0,0.0,-1.875,350.0786,0.0,0.0,7.705,0,0.0,1.5150000000000001,310.005,-2.1527000000000003,36.57,0.0,257.832,0.0,0
46807,-0.853,75.586,0.0,0.0,-1.875,350.0786,0.0,0.0,7.715000000000001,0,0.0,1.485,310.005,-1.4516,36.24,0.0,257.832,0.0,0
46807,-1.194,75.586,0.0,0.0,-1.875,350.0786,0.0,0.0,7.7250000000000005,0,0.0,1.46,310.005,-1.8475000000000001,36.09,0.0,257.832,0.0,0
46807,-0.682,75.586,-0.5,0.0,-1.875,350.0786,0.0,0.0,7.734,0,-1.0,1.325,310.14000000000004,5.1219,35.34,0.0,257.832,0.0,0
46807,-1.0230000000000001,75.586,0.0,0.0,-1.875,350.0786,0.0,0.0,7.744000000000001,0,0.0,1.2550000000000001,310.14000000000004,1.1629,33.93,0.0,257.832,0.0,0
46807,-1.0230000000000001,75.586,0.0,0.0,-1.875,350.0786,0.0,0.0,7.7540000000000004,0,0.0,1.34,310.005,-1.2702,33.21,0.0,257.832,0.0,0
46807,-1.194,75.586,0.0,0.0,-1.875,350.0786,0.0,0.0,7.769,0,0.0,1.305,310.005,-1.8228000000000002,33.36,0.0,257.832,0.0,0
46807,-0.853,75.586,0.0,0.0,-1.875,350.0786,0.0,0.0,7.769,0,0.0,1.345,310.005,-1.2207000000000001,33.57,0.0,257.832,0.0,0
46807,-0.853,75.586,0.0,0.0,-1.875,350.0786,0.0,0.0,7.7780000000000005,0,-1.0,1.195,310.005,-2.7713,34.74,0.0,257.832,0.0,0
46807,-1.0230000000000001,75.586,0.0,0.0,-1.875,350.0786,0.0,-0.2,7.788,0,0.0,1.305,310.005,1.5836000000000001,35.49,0.0,257.832,0.0,0
46807,-1.0230000000000001,75.586,0.0,0.0,-1.875,350.0786,0.0,0.0,7.798,0,-1.0,1.235,310.005,-0.39590000000000003,36.51,0.0,257.832,0.0,0
46807,-1.0230000000000001,75.586,0.0,0.0,-1.875,350.0786,0.0,0.0,7.808000000000001,0,-1.0,1.2650000000000001,310.14000000000004,-0.8908,36.72,0.0,257.832,0.0,0
46807,-0.853,75.586,0.0,0.0,-1.875,350.0786,0.0,0.0,7.817,0,-1.0,1.305,310.005,1.1877,35.85,0.0,257.832,0.0,0
46807,-0.682,75.586,0.0,0.0,-1.875,350.0786,0.0,0.0,7.827,0,-1.0,1.41,309.915,-0.46190000000000003,35.49,0.0,257.832,0.0,0
46807,-0.853,75.586,0.0,0.0,-1.875,350.0786,0.0,0.0,7.837000000000001,0,0.0,1.35,310.005,-2.9032,35.28,0.0,257.832,0.0,0
46807,-1.0230000000000001,75.586,0.0,0.0,-1.875,350.0786,0.0,0.0,7.847,0,0.0,1.385,309.915,-0.46190000000000003,35.94,0.0,257.832,0.0,0
46807,-1.194,75.586,0.0,0.0,-1.875,350.0786,0.0,0.0,7.856000000000001,0,0.0,1.485,310.005,3.0352,36.15,0.0,257.832,0.0,0
46807,-0.853,75.586,0.0,0.0,-1.875,350.0786,0.0,0.0,7.8660000000000005,0,0.0,1.56,310.005,2.1114,36.06,0.0,257.832,0.0,0
46807,-0.853,75.586,0.0,0.0,-1.875,350.0786,0.0,0.0,7.881,0,0.0,1.565,310.005,-0.5279,35.25,0.0,257.832,0.0,0
46807,-1.0230000000000001,75.586,0.0,0.0,-1.875,350.0786,0.0,0.0,7.891,0,0.0,1.625,310.005,0.0,34.59,0.0,257.832,0.0,0
46807,-1.0230000000000001,75.586,0.0,0.0,-1.875,350.0786,0.0,0.0,7.9,0,0.0,1.6500000000000001,309.915,-1.4516,34.14,0.0,257.832,0.0,0
46807,-1.0230000000000001,75.586,0.0,0.0,-1.875,350.0786,0.0,0.0,7.91,0,0.0,1.8800000000000001,310.005,0.2639,33.93,0.0,257.832,0.0,0
46807,-0.853,75.586,0.0,0.0,-1.875,350.0786,0.0,0.0,7.920000000000001,0,0.0,1.84,310.005,1.1877,34.26,0.0,257.832,0.0,0
46807,-0.682,75.586,0.0,0.0,-1.875,350.0786,0.0,0.0,7.930000000000001,0,0.0,1.9000000000000001,310.005,3.3651,35.52,0.0,257.832,0.0,0
46807,-1.0230000000000001,75.586,0.0,0.0,-1.875,350.0786,0.0,0.0,7.939,0,0.0,1.98,310.005,3.2991,36.42,0.0,257.832,0.0,0
46807,-0.853,75.586,0.0,0.0,-1.875,350.0786,0.0,0.0,7.949000000000001,0,-1.0,2.1,310.005,-2.6393,37.2,0.0,257.832,0.0,0
46807,-1.194,75.586,0.0,0.0,-1.875,350.0786,0.0,0.0,7.9590000000000005,0,0.0,1.995,310.005,-2.6393,36.84,0.0,257.832,0.0,0
46807,-1.0230000000000001,75.586,0.0,0.0,-1.875,350.0786,0.0,0.0,7.969,0,0.0,2.145,310.005,-2.6393,36.18,0.0,257.832,0.0,0
46807,-1.0230000000000001,75.586,0.0,0.0,-1.875,350.0786,0.0,0.2,7.979,0,0.0,2.1350000000000002,310.005,-1.3196,35.730000000000004,0.0,257.832,0.0,0
46807,-0.853,75.586,0.0,0.0,-1.875,350.0786,0.0,0.2,7.979,0,0.0,2.125,310.005,-0.9238000000000001,35.7,0.0,257.832,0.0,0
46807,-1.194,75.586,0.0,0.0,-1.875,350.0786,0.0,0.0,7.988,0,0.0,2.1,309.915,1.6001,35.34,0.0,257.832,0.0,0
46807,-0.853,75.586,0.0,0.0,-1.875,350.0786,0.0,0.2,7.998,0,0.0,2.125,309.915,2.0620000000000003,35.52,0.0,257.832,0.0,0
46807,-0.853,75.586,0.0,0.0,-1.875,350.0786,0.0,0.0,8.008000000000001,0,0.0,2.08,310.005,1.7155,35.64,0.0,257.832,0.0,0
46807,-1.0230000000000001,75.586,0.5,0.0,-1.875,350.0786,0.0,0.0,8.018,0,0.0,2.055,310.005,-0.14850000000000002,35.22,0.0,257.832,0.0,0
46807,-0.853,75.586,0.0,0.0,-1.875,350.0786,0.0,0.0,8.032,0,0.0,2.015,310.005,-0.066,34.11,0.0,257.832,0.0,0
46807,-0.853,75.586,0.5,0.0,-1.875,350.0786,0.0,0.0,8.042,0,0.0,1.945,310.005,1.7815,33.93,0.0,257.832,0.0,0
46807,-1.0230000000000001,75.586,0.0,0.0,-1.875,350.0786,0.0,0.0,8.052,0,0.0,1.915,310.005,-0.19790000000000002,34.410000000000004,0.0,257.832,0.0,0
46807,-1.0230000000000001,75.586,0.0,0.0,-1.875,350.0786,0.0,0.0,8.062000000000001,0,0.0,1.975,310.005,-0.7918000000000001,35.58,0.0,257.832,0.0,0
46807,-1.194,75.586,0.0,0.0,-1.875,350.0786,0.0,0.0,8.071,0,-1.0,1.8800000000000001,310.14000000000004,5.0559,36.480000000000004,0.0,257.832,0.0,0
46807,-0.853,75.586,0.0,0.0,-1.875,350.0786,0.0,0.0,8.081,0,-1.0,1.845,310.005,3.8270000000000004,37.26,0.0,257.832,0.0,0
46807,-1.0230000000000001,75.586,0.0,0.0,-1.875,350.0786,0.0,0.0,8.091000000000001,0,0.0,1.745,310.005,-0.767,36.93,0.0,257.832,0.0,0
46807,-0.682,75.586,0.0,0.0,-1.875,350.0786,0.0,0.0,8.105,0,0.0,1.615,310.005,-3.3404000000000003,36.24,0.0,257.832,0.0,0
46807,-1.0230000000000001,75.586,0.0,0.0,-1.875,350.0786,0.0,0.0,8.115,0,0.0,1.475,310.005,-2.5486,35.34,0.0,257.832,0.0,0
46807,-0.853,75.586,0.0,0.0,-1.875,350.0786,0.0,0.0,8.125,0,0.0,1.395,310.14000000000004,0.767,34.86,0.0,257.832,0.0,0
46807,-0.853,75.586,0.0,0.0,-1.875,350.0786,0.0,0.0,8.135,0,0.0,1.35,310.005,1.3856000000000002,35.25,0.0,257.832,0.0,0
46807,-1.0230000000000001,75.586,0.0,0.0,-1.875,350.0786,0.0,0.0,8.145,0,0.0,1.205,310.005,-2.3094,34.980000000000004,0.0,257.832,0.0,0
46807,-1.194,75.586,0.0,0.0,-1.875,350.0786,0.0,0.0,8.154,0,0.0,1.195,310.14000000000004,-0.8165,34.230000000000004,0.0,257.832,0.0,0
46807,-1.194,75.586,0.0,0.0,-1.875,350.0786,0.0,0.0,8.169,0,0.0,1.185,310.14000000000004,2.6805000000000003,33.84,0.0,257.832,0.0,0
46807,-0.853,75.586,0.0,0.0,-1.875,350.0786,0.0,0.2,8.179,0,0.0,1.145,310.14000000000004,3.0599000000000003,33.45,0.0,257.832,0.0,0
46807,-1.0230000000000001,75.586,0.0,0.0,-1.875,350.0786,0.0,0.0,8.188,0,0.0,1.16,310.14000000000004,-2.7053000000000003,33.84,0.0,257.832,0.0,0
46807,-0.853,75.586,0.0,0.0,-1.875,350.0786,0.0,0.0,8.198,0,0.0,1.2750000000000001,310.005,-2.5733,34.68,0.0,257.832,0.0,0
46807,-1.364,75.586,0.0,0.0,-1.875,350.0786,0.0,0.0,8.208,0,0.0,1.115,310.14000000000004,-2.7713,35.49,0.0,257.832,0.0,0
46807,-1.0230000000000001,75.586,0.0,0.0,-1.875,350.0786,0.0,0.0,8.218,0,0.0,1.235,310.005,-1.0722,36.300000000000004,0.0,257.832,0.0,0
46807,-0.853,75.586,0.0,0.0,-1.875,350.0786,0.0,-0.2,8.228,0,-1.0,1.135,310.005,2.1114,36.18,0.0,257.832,0.0,0
46807,-0.682,75.586,0.0,0.0,-1.875,350.0786,0.0,0.0,8.237,0,0.0,1.215,310.14000000000004,-0.1072,35.61,0.0,257.832,0.0,0
46807,-1.0230000000000001,75.586,0.0,0.0,-1.875,350.0786,0.0,0.0,8.247,0,0.0,1.245,310.14000000000004,-0.42060000000000003,35.34,0.0,257.832,0.0,0
46807,-0.853,75.586,0.0,0.0,-1.875,350.0786,0.0,0.0,8.257,0,0.0,1.29,310.005,0.39590000000000003,35.46,0.0,257.832,0.0,0
46807,-0.682,75.586,0.0,0.0,-1.875,350.0786,0.0,0.0,8.267000000000001,0,-1.0,1.32,309.915,-3.2579000000000002,34.410000000000004,0.0,257.832,0.0,0
46807,-0.853,75.586,0.0,0.0,-1.875,350.0786,0.0,0.0,8.276,0,0.0,1.3800000000000001,310.005,-3.4971,33.6,0.0,257.832,0.0,0
46807,-1.0230000000000001,75.586,0.0,0.0,-1.875,350.0786,0.0,0.0,8.286,0,0.0,1.485,310.005,0.39590000000000003,33.15,0.0,257.832,0.0,0
46807,-1.0230000000000001,75.586,0.0,0.0,-1.875,350.0786,0.0,0.0,8.296000000000001,0,0.0,1.45,310.005,1.7155,33.33,0.0,257.832,0.0,0
46807,-1.0230000000000001,75.586,0.0,0.0,-1.875,350.0786,0.0,0.0,8.306000000000001,0,0.0,1.48,310.14000000000004,0.767,33.75,0.0,257.832,0.0,0
46807,-1.194,75.586,0.0,0.0,-1.875,350.0786,0.0,0.0,8.315000000000001,0,0.0,1.635,310.14000000000004,3.5383,34.32,0.0,257.832,0.0,0
46807,-0.853,75.586,0.0,0.0,-1.875,350.0786,0.0,0.2,8.33,0,0.0,1.625,310.14000000000004,-0.0247,34.5,0.0,257.832,0.0,0
46807,-0.853,75.586,-0.5,0.0,-1.875,350.0786,0.0,0.0,8.34,0,0.0,1.72,310.005,-2.0455,35.19,0.0,257.832,0.0,0
46807,-1.194,75.586,0.0,0.0,-1.875,350.0786,0.0,0.0,8.35,0,0.0,1.7,310.23,1.7650000000000001,35.7,0.0,257.832,0.0,0
46807,-1.194,75.586,0.0,0.0,-1.875,350.0786,0.0,0.0,8.35,0,0.0,1.635,310.23,3.3651,35.730000000000004,0.0,257.832,0.0,0
46807,-1.0230000000000001,75.586,0.0,0.0,-1.875,350.0786,0.0,0.0,8.359,0,0.0,1.725,310.005,-1.1877,35.61,0.0,257.832,0.0,0
46807,-1.0230000000000001,75.586,0.0,0.0,-1.875,350.0786,0.0,0.0,8.369,0,0.0,1.7550000000000001,310.005,-3.6950000000000003,36.09,0.0,257.832,0.0,0
46807,-1.0230000000000001,75.586,0.0,0.0,-1.875,350.0786,0.0,-0.2,8.379,0,0.0,1.85,310.14000000000004,-3.1672000000000002,35.85,0.0,257.832,0.0,0
46807,-1.0230000000000001,75.586,0.0,0.0,-1.875,350.0786,0.0,0.0,8.389000000000001,0,0.0,1.94,309.915,-1.2537,35.04,0.0,257.832,0.0,0
46807,-0.853,75.586,0.0,0.0,-1.875,350.0786,0.0,0.0,8.398,0,0.0,1.905,310.005,-0.39590000000000003,34.5,0.0,257.832,0.0,0
46807,-1.0230000000000001,75.586,0.0,0.0,-1.875,350.0786,0.0,0.0,8.408000000000001,0,0.0,1.9100000000000001,309.915,0.9567,33.87,0.0,257.832,0.0,0
46807,-1.0230000000000001,75.586,0.0,0.0,-1.875,350.0786,0.0,0.0,8.418000000000001,0,-1.0,1.915,310.14000000000004,4.486800000000001,33.27,0.0,257.832,0.0,0
46807,-1.0230000000000001,75.586,0.0,0.0,-1.875,350.0786,0.0,0.0,8.428,0,0.0,1.835,310.005,5.2786,33.33,0.0,257.832,0.0,0
46807,-1.0230000000000001,75.586,0.0,0.0,-1.875,350.0786,0.0,0.0,8.438,0,0.0,1.895,310.005,0.6598,34.11,0.0,257.832,0.0,0
46807,-1.0230000000000001,75.586,0.0,0.0,-1.875,350.0786,0.0,0.0,8.447000000000001,0,0.0,1.915,310.005,-3.0682,34.38,0.0,257.832,0.0,0
46807,-1.0230000000000001,75.586,0.0,0.0,-1.875,350.0786,0.0,0.0,8.462,0,-1.0,1.885,310.14000000000004,1.8475000000000001,34.71,0.0,257.832,0.0,0
46807,-1.0230000000000001,75.586,0.0,0.0,-1.875,350.0786,0.0,0.0,8.472,0,-1.0,1.85,310.005,-1.8475000000000001,34.53,0.0,257.832,0.0,0
46807,-1.0230000000000001,75.586,0.0,0.0,-1.875,350.0786,0.0,0.0,8.481,0,0.0,1.81,309.915,-1.4516,34.65,0.0,257.832,0.0,0
46807,-1.0230000000000001,75.586,0.0,0.0,-1.875,350.0786,0.0,0.0,8.491,0,0.0,1.72,310.005,-2.0125,34.800000000000004,0.0,257.832,0.0,0
46807,-1.0230000000000001,75.586,0.0,0.0,-1.875,350.0786,0.0,0.0,8.501000000000001,0,0.0,1.73,309.915,-1.3196,35.64,0.0,257.832,0.0,0
46807,-0.682,75.586,0.0,0.0,-1.875,350.0786,0.0,0.0,8.511000000000001,0,0.0,1.7750000000000001,310.005,3.8930000000000002,35.49,0.0,257.832,0.0,0
46807,-1.0230000000000001,75.586,0.0,0.0,-1.875,350.0786,0.0,0.0,8.521,0,0.0,1.6,310.14000000000004,3.9589000000000003,35.13,0.0,257.832,0.0,0
46807,-1.0230000000000001,75.586,0.0,0.0,-1.875,350.0786,0.0,0.0,8.530000000000001,0,0.0,1.57,310.005,0.19790000000000002,34.56,0.0,257.832,0.0,0
46807,-1.0230000000000001,75.586,0.0,0.0,-1.875,350.0786,0.0,0.0,8.535,0,0.0,1.585,310.005,-0.6763,34.410000000000004,0.0,257.832,0.0,0
46807,-0.853,75.586,0.0,0.0,-1.875,350.0786,0.0,0.0,8.545,0,0.0,1.57,310.14000000000004,1.1629,33.75,0.0,257.832,0.0,0
46807,-0.512,75.586,0.0,0.0,-1.875,350.0786,0.0,0.0,8.555,0,-1.0,1.465,309.915,-1.0145,33.39,0.0,257.832,0.0,0
46807,-1.0230000000000001,75.586,0.0,0.0,-1.875,350.0786,0.0,0.0,8.564,0,0.0,1.375,310.005,-1.6496000000000002,33.45,0.0,257.832,0.0,0
46807,-0.853,75.586,0.0,0.0,-1.875,350.0786,0.0,0.0,8.574,0,0.0,1.3900000000000001,310.14000000000004,0.0412,33.99,0.0,257.832,0.0,0
46807,-1.0230000000000001,75.586,0.0,0.0,-1.875,350.0786,0.0,0.0,8.584,0,0.0,1.335,310.005,2.029,33.51,0.0,257.832,0.0,0
46807,-0.853,75.586,0.0,0.0,-1.875,350.0786,0.0,0.0,8.594000000000001,0,0.0,1.245,310.14000000000004,0.9650000000000001,33.99,0.0,257.832,0.0,0
46807,-1.194,75.586,0.0,0.0,-1.875,350.0786,0.0,0.0,8.608,0,0.0,1.295,310.005,-3.2744,34.56,0.0,257.832,0.0,0
46807,-0.341,75.586,0.0,0.0,-1.875,350.0786,0.0,0.0,8.618,0,0.0,1.34,310.005,-1.5836000000000001,34.62,0.0,257.832,0.0,0
46807,-1.0230000000000001,75.586,0.0,0.0,-1.875,350.0786,0.0,0.0,8.628,0,0.0,1.4000000000000001,310.005,-6.3096000000000005,35.550000000000004,0.0,257.832,0.0,0
46807,-0.682,75.586,0.0,0.0,-1.875,350.0786,0.0,0.0,8.638,0,0.0,1.205,310.14000000000004,4.577500000000001,34.62,0.0,257.832,0.0,0
46807,-0.853,75.586,0.0,0.0,-1.875,350.0786,0.0,0.0,8.647,0,0.0,1.235,310.14000000000004,4.3301,34.86,0.0,257.832,0.0,0
46807,-1.194,75.586,0.0,0.0,-1.875,350.0786,0.0,0.0,8.657,0,-1.0,1.19,310.005,-0.8743000000000001,34.800000000000004,0.0,257.832,0.0,0
46807,-1.0230000000000001,75.586,0.0,0.0,-1.875,350.0786,0.0,0.0,8.667,0,-1.0,1.24,310.14000000000004,-1.9135000000000002,35.730000000000004,0.0,257.832,0.0,0
46807,-0.853,75.586,0.0,0.0,-1.875,350.0786,0.0,0.0,8.677,0,0.0,1.22,310.005,-1.7815,35.04,0.0,257.832,0.0,0
46807,-1.0230000000000001,75.586,0.0,0.0,-1.875,350.0786,0.0,0.0,8.687000000000001,0,0.0,1.25,309.915,-0.5773,34.68,0.0,257.832,0.0,0
46807,-0.682,75.586,0.0,0.0,-1.875,350.0786,0.0,0.0,8.696,0,0.0,1.3,310.005,-3.1837,33.54,0.0,257.832,0.0,0
46807,-0.682,75.586,0.0,0.0,-1.875,350.0786,0.0,0.0,8.706000000000001,0,-1.0,1.3900000000000001,310.005,-1.7815,32.64,0.0,257.832,0.0,0
46807,-1.0230000000000001,75.586,0.0,0.0,-1.875,350.0786,0.0,0.0,8.716000000000001,0,0.0,1.375,309.915,2.4578,32.910000000000004,0.0,257.832,0.0,0
46807,-0.853,75.586,0.0,0.0,-1.875,350.0786,0.0,0.0,8.726,0,0.0,1.43,310.14000000000004,-1.4104,33.72,0.0,257.832,0.0,0
46807,-1.0230000000000001,75.586,0.0,0.0,-1.875,350.0786,0.0,0.2,8.74,0,0.0,1.435,310.005,-0.132,35.550000000000004,0.0,257.832,0.0,0
46807,-0.853,75.586,0.0,0.0,-1.875,350.0786,0.0,0.0,8.75,0,0.0,1.62,310.005,1.7650000000000001,35.97,0.0,257.832,0.0,0
46807,-0.853,75.586,0.0,0.0,-1.875,350.0786,0.0,0.0,8.76,0,0.0,1.605,310.14000000000004,0.0907,35.730000000000004,0.0,257.832,0.0,0
46807,-1.194,75.586,0.0,0.0,-1.875,350.0786,0.0,0.0,8.77,0,0.0,1.68,309.915,0.47840000000000005,35.13,0.0,257.832,0.0,0
46807,-1.0230000000000001,75.586,0.0,0.0,-1.875,350.0786,0.0,0.0,8.779,0,0.0,1.7750000000000001,310.005,-1.9135000000000002,34.86,0.0,257.832,0.0,0
46807,-0.853,75.586,0.0,0.0,-1.875,350.0786,0.0,0.0,8.789,0,0.0,1.82,310.005,-0.37120000000000003,34.980000000000004,0.0,257.832,0.0,0
46807,-1.0230000000000001,75.586,0.0,0.0,-1.875,350.0786,0.0,0.0,8.799000000000001,0,0.0,1.7750000000000001,310.005,2.4413,34.83,0.0,257.832,0.0,0
46807,-0.853,75.586,0.0,0.0,-1.875,350.0786,0.0,0.2,8.809000000000001,0,0.0,1.865,310.005,2.6393,35.52,0.0,257.832,0.0,0
46807,-0.512,75.586,0.0,0.0,-1.875,350.0786,0.0,0.0,8.809000000000001,0,0.0,1.7550000000000001,310.005,2.3754,35.46,0.0,257.832,0.0,0
46807,-1.194,75.586,0.0,0.0,-1.875,350.0786,0.0,0.0,8.818,0,-1.0,1.82,310.005,0.39590000000000003,34.68,0.0,257.832,0.0,0
46807,-0.682,75.586,0.0,0.0,-1.875,350.0786,0.0,0.0,8.828000000000001,0,0.0,1.85,310.14000000000004,-0.099,34.29,0.0,257.832,0.0,0
46807,-1.0230000000000001,75.586,0.0,0.0,-1.875,350.0786,0.0,-0.2,8.838000000000001,0,0.0,1.92,310.005,-0.132,33.0,0.0,257.832,0.0,0
46807,-1.0230000000000001,75.586,0.0,0.0,-1.875,350.0786,0.0,0.0,8.848,0,-1.0,1.94,309.915,-2.8372,33.87,0.0,257.832,0.0,0
46807,-1.0230000000000001,75.586,0.0,0.0,-1.875,350.0786,0.0,0.0,8.857000000000001,0,0.0,1.825,310.005,0.0,34.71,0.0,257.832,0.0,0
46807,-1.0230000000000001,75.586,0.0,0.0,-1.875,350.0786,0.0,0.0,8.872,0,0.0,1.83,310.005,1.0557,35.67,0.0,257.832,0.0,0
46807,-0.682,75.586,0.0,0.0,-1.875,350.0786,0.0,0.0,8.882,0,0.0,1.845,309.915,-3.0352,36.45,0.0,257.832,0.0,0
46807,-1.0230000000000001,75.586,0.0,0.0,-1.875,350.0786,0.0,0.0,8.892000000000001,0,0.0,1.7550000000000001,309.915,0.066,36.63,0.0,257.832,0.0,0
46807,-1.0230000000000001,75.586,0.0,0.0,-1.875,350.0786,0.0,0.0,8.901,0,0.0,1.6400000000000001,310.005,1.3196,35.79,0.0,257.832,0.0,0
46807,-0.853,75.586,0.0,0.0,-1.875,350.0786,0.0,0.0,8.911,0,-1.0,1.54,309.915,-0.5279,35.37,0.0,257.832,0.0,0
46807,-1.0230000000000001,75.586,0.0,0.0,-1.875,350.0786,0.0,0.0,8.921000000000001,0,-1.0,1.445,310.005,0.0,35.1,0.0,257.832,0.0,0
46807,-1.0230000000000001,75.586,0.0,0.0,-1.875,350.0786,0.0,0.0,8.931000000000001,0,0.0,1.415,310.005,2.1114,35.64,0.0,257.832,0.0,0
46807,-0.853,75.586,0.0,0.0,-1.875,350.0786,0.0,0.0,8.945,0,0.0,1.37,310.14000000000004,5.938400000000001,35.31,0.0,257.832,0.0,0
46807,-0.682,75.586,0.0,0.0,-1.875,350.0786,0.0,0.0,8.955,0,0.0,1.325,310.005,2.3754,35.07,0.0,257.832,0.0,0
46807,-1.194,75.586,0.0,0.0,-1.875,350.0786,0.0,0.0,8.965,0,0.0,1.29,310.005,-1.5836000000000001,34.68,0.0,257.832,0.0,0
46807,-1.0230000000000001,75.586,0.0,0.0,-1.875,350.0786,0.0,0.0,8.975,0,0.0,1.06,310.005,-1.4846000000000001,33.99,0.0,257.832,0.0,0
46807,-1.0230000000000001,75.586,0.0,0.0,-1.875,350.0786,0.0,0.0,8.984,0,0.0,1.01,310.005,0.39590000000000003,33.69,0.0,257.832,0.0,0
46807,-1.0230000000000001,75.586,0.0,0.0,-1.875,350.0786,0.0,0.0,8.994,0,0.0,1.0,310.005,0.0,34.2,0.0,257.832,0.0,0
46807,-0.853,75.586,0.0,0.0,-1.875,350.0786,0.0,0.0,9.004,0,0.0,0.89,309.915,-2.2434000000000003,35.64,0.0,257.832,0.0,0
46807,-0.853,75.586,0.0,0.0,-1.875,350.0786,0.0,0.0,9.019,0,0.0,0.9400000000000001,309.915,-3.8930000000000002,36.51,0.0,257.832,0.0,0
46807,-0.853,75.586,0.0,0.0,-1.875,350.0786,0.0,0.0,9.028,0,-1.0,0.845,309.915,-1.8475000000000001,36.87,0.0,257.832,0.0,0
46807,-1.0230000000000001,75.586,0.0,0.0,-1.875,350.0786,0.0,0.0,9.038,0,0.0,0.885,309.915,2.3754,36.39,0.0,257.832,0.0,0
46807,-0.341,75.586,0.0,0.0,-1.875,350.0786,0.0,0.0,9.048,0,0.0,0.77,309.915,0.39590000000000003,36.0,0.0,257.832,0.0,0
46807,-0.853,75.586,0.0,0.0,-1.875,350.0786,0.0,0.0,9.058,0,0.0,0.865,310.005,2.0455,35.67,0.0,257.832,0.0,0
46807,-1.0230000000000001,75.586,0.0,0.0,-1.875,350.0786,0.0,0.0,9.067,0,0.0,0.85,310.005,0.6598,35.52,0.0,257.832,0.0,0
46807,-1.0230000000000001,75.586,0.0,0.0,-1.875,350.0786,0.0,0.0,9.077,0,0.0,0.84,309.915,-3.9589000000000003,34.980000000000004,0.0,257.832,0.0,0
46807,-0.853,75.586,0.0,0.0,-1.875,350.0786,0.0,0.0,9.087,0,0.0,0.86,310.005,0.5279,34.71,0.0,257.832,0.0,0
46807,-0.682,75.586,0.0,0.0,-1.875,350.0786,0.0,0.0,9.097000000000001,0,0.0,0.935,310.14000000000004,4.3878,34.26,0.0,257.832,0.0,0
46807,-1.0230000000000001,75.586,0.0,0.0,-1.875,350.0786,0.0,0.0,9.106,0,0.0,0.97,310.005,3.4311000000000003,33.480000000000004,0.0,257.832,0.0,0
46807,-0.853,75.586,0.0,0.0,-1.875,350.0786,0.0,0.0,9.116,0,-1.0,1.05,310.005,-2.3754,33.45,0.0,257.832,0.0,0
46807,-1.0230000000000001,75.586,0.0,0.0,-1.875,350.0786,0.0,0.0,9.126000000000001,0,0.0,1.08,309.915,-4.6188,33.9,0.0,257.832,0.0,0
46807,-0.853,75.586,0.0,0.0,-1.875,350.0786,0.0,0.0,9.136000000000001,0,0.0,1.1500000000000001,310.14000000000004,-0.099,35.160000000000004,0.0,257.832,0.0,0
46807,-0.853,75.586,0.0,0.0,-1.875,350.0786,0.0,0.0,9.146,0,0.0,1.165,310.005,0.9238000000000001,36.57,0.0,257.832,0.0,0
46807,-0.853,75.586,0.0,0.0,-1.875,350.0786,0.0,0.0,9.15,0,0.0,1.1,310.005,1.1217000000000001,36.63,0.0,257.832,0.0,0
46807,-0.853,75.586,0.0,0.0,-1.875,350.0786,0.0,0.0,9.16,0,0.0,1.295,310.14000000000004,2.0702000000000003,36.81,0.0,257.832,0.0,0
46807,-1.0230000000000001,75.586,0.0,0.0,-1.875,350.0786,0.0,0.0,9.17,0,-1.0,1.175,310.005,0.1567,36.27,0.0,257.832,0.0,0
46807,-0.682,75.586,0.0,0.0,-1.875,350.0786,0.0,0.0,9.18,0,0.0,1.155,310.005,-1.2537,35.910000000000004,0.0,257.832,0.0,0
46807,-1.0230000000000001,75.586,0.0,0.0,-1.875,350.0786,0.0,0.0,9.189,0,0.0,1.32,309.915,-5.6992,35.730000000000004,0.0,257.832,0.0,0
46807,-0.682,75.586,0.5,0.0,-1.875,350.0786,0.0,0.0,9.199,0,0.0,1.3900000000000001,310.14000000000004,2.1527000000000003,35.34,0.0,257.832,0.0,0
46807,-0.682,75.586,0.0,0.0,-1.875,350.0786,0.0,0.0,9.209,0,0.0,1.43,310.005,8.1158,35.04,0.0,257.832,0.0,0
46807,-1.0230000000000001,75.586,0.0,0.0,-1.875,350.0786,0.0,0.0,9.219000000000001,0,0.0,1.51,310.14000000000004,3.7857000000000003,34.800000000000004,0.0,257.832,0.0,0
46807,-1.0230000000000001,75.586,0.0,0.0,-1.875,350.0786,0.0,0.0,9.229000000000001,0,0.0,1.5050000000000001,309.915,-5.2374,34.71,0.0,257.832,0.0,0
46807,-1.0230000000000001,75.586,0.0,0.0,-1.875,350.0786,0.0,0.0,9.238000000000001,0,0.0,1.53,309.915,-1.9382000000000001,34.53,0.0,257.832,0.0,0
46807,-0.682,75.586,0.0,0.0,-1.875,350.0786,0.0,0.0,9.248000000000001,0,0.0,1.5250000000000001,310.005,-0.8330000000000001,34.74,0.0,257.832,0.0,0
46807,-1.0230000000000001,75.586,0.0,0.0,-1.875,350.0786,0.0,0.0,9.258000000000001,0,0.0,1.5350000000000001,310.005,3.4971,34.77,0.0,257.832,0.0,0
46807,-1.0230000000000001,75.586,0.0,0.0,-1.875,350.0786,0.0,0.0,9.268,0,-1.0,1.52,310.005,0.5114000000000001,35.7,0.0,257.832,0.0,0
46807,-1.0230000000000001,75.586,0.0,0.0,-1.875,350.0786,0.0,0.0,9.277000000000001,0,0.0,1.545,310.005,-2.4166000000000003,36.39,0.0,257.832,0.0,0
46807,-0.512,75.586,0.0,0.0,-1.875,350.0786,0.0,0.0,9.292,0,0.0,1.595,310.005,2.8372,37.02,0.0,257.832,0.0,0
46807,-0.682,75.586,0.0,0.0,-1.875,350.0786,0.0,0.0,9.302,0,0.0,1.595,310.005,0.7258,37.14,0.0,257.832,0.0,0
46807,-1.0230000000000001,75.586,0.0,0.0,-1.875,350.0786,0.0,0.0,9.312000000000001,0,0.0,1.5150000000000001,310.005,0.066,37.11,0.0,257.832,0.0,0
46807,-1.0230000000000001,75.586,0.0,0.0,-1.875,350.0786,0.0,0.0,9.321,0,0.0,1.445,309.915,-3.6538000000000004,36.75,0.0,257.832,0.0,0
46807,-1.0230000000000001,75.586,0.0,0.0,-1.875,350.0786,0.0,0.0,9.331000000000001,0,0.0,1.3800000000000001,310.005,-0.7918000000000001,35.79,0.0,257.832,0.0,0
46807,-0.682,75.586,0.0,0.0,-1.875,350.0786,0.0,0.0,9.341000000000001,0,0.0,1.285,310.005,1.8475000000000001,34.83,0.0,257.832,0.0,0
46807,-0.853,75.586,0.0,0.0,-1.875,350.0786,0.0,0.0,9.351,0,0.0,1.26,310.005,4.0084,34.410000000000004,0.0,257.832,0.0,0
46807,-0.853,75.586,0.5,0.0,-1.875,350.0786,0.0,0.0,9.365,0,-1.0,1.165,310.14000000000004,2.7465,34.11,0.0,257.832,0.0,0
46807,-0.853,75.586,0.0,0.0,-1.875,350.0786,0.0,0.0,9.375,0,0.0,1.07,310.005,-1.5836000000000001,34.17,0.0,257.832,0.0,0
46807,-0.853,75.586,0.0,0.0,-1.875,350.0786,0.0,0.0,9.385,0,0.0,1.1300000000000001,310.14000000000004,0.5279,34.71,0.0,257.832,0.0,0
46807,-0.853,75.586,0.0,0.0,-1.875,350.0786,0.0,0.0,9.395,0,0.0,1.05,310.005,-0.899,35.25,0.0,257.832,0.0,0
46807,-0.853,75.586,0.0,0.0,-1.875,350.0786,0.0,0.0,9.404,0,-1.0,0.9400000000000001,310.14000000000004,3.4723,36.36,0.0,257.832,0.0,0
46807,-0.853,75.586,0.0,0.0,-1.875,350.0786,0.0,0.0,9.414,0,0.0,0.9450000000000001,309.915,-0.0247,36.45,0.0,257.832,0.0,0
46807,-0.682,75.586,0.0,0.0,-1.875,350.0786,0.0,0.0,9.424000000000001,0,0.0,0.96,310.005,-3.6950000000000003,36.51,0.0,257.832,0.0,0
46807,-0.512,75.586,0.0,0.0,-1.875,350.0786,0.0,0.0,9.434000000000001,0,0.0,0.9500000000000001,310.005,0.0247,36.27,0.0,257.832,0.0,0
46807,-1.0230000000000001,75.586,0.0,0.0,-1.875,350.0786,0.0,0.0,9.443,0,0.0,0.96,310.005,1.5176,36.300000000000004,0.0,257.832,0.0,0
46807,-0.682,75.586,0.0,0.0,-1.875,350.0786,0.0,0.0,9.453000000000001,0,0.0,0.985,310.005,-0.39590000000000003,36.96,0.0,257.832,0.0,0
46807,-1.0230000000000001,75.586,0.0,0.0,-1.875,350.0786,0.0,0.0,9.458,0,0.0,1.03,310.005,-0.7918000000000001,36.96,0.0,257.832,0.0,0
46807,-0.682,75.586,0.0,0.0,-1.875,350.0786,0.0,0.0,9.468,0,0.0,1.08,310.005,1.5836000000000001,35.88,0.0,257.832,0.0,0
46807,-0.853,75.586,0.0,0.0,-1.875,350.0786,0.0,0.0,9.478,0,0.0,1.025,310.005,-3.9589000000000003,35.49,0.0,257.832,0.0,0
46807,-1.0230000000000001,75.586,0.0,0.0,-1.875,350.0786,0.0,0.0,9.487,0,0.0,1.045,310.005,-2.2434000000000003,34.44,0.0,257.832,0.0,0
46807,-1.0230000000000001,75.586,0.0,0.0,-1.875,350.0786,0.0,0.0,9.497,0,0.0,0.965,310.005,3.4311000000000003,33.36,0.0,257.832,0.0,0
46807,-0.853,75.586,0.0,0.0,-1.875,350.0786,0.0,0.0,9.507,0,0.0,1.09,309.915,-1.4516,33.57,0.0,257.832,0.0,0
46807,-0.853,75.586,0.0,0.0,-1.875,350.0786,0.0,0.0,9.517000000000001,0,0.0,1.205,310.005,0.2639,33.9,0.0,257.832,0.0,0
46807,-0.853,75.586,0.0,0.0,-1.875,350.0786,0.0,0.0,9.526,0,0.0,1.195,310.14000000000004,2.6393,34.74,0.0,257.832,0.0,0
46807,-0.853,75.586,0.0,0.0,-1.875,350.0786,0.0,0.0,9.536,0,0.0,1.2650000000000001,310.005,0.19790000000000002,36.27,0.0,257.832,0.0,0
46807,-0.682,75.586,0.0,0.0,-1.875,350.0786,0.0,0.0,9.546000000000001,0,-1.0,1.365,310.14000000000004,4.8827,36.84,0.0,257.832,0.0,0
46807,-0.853,75.586,0.0,0.0,-1.875,350.0786,0.0,0.0,9.556000000000001,0,0.0,1.31,310.005,-0.6928000000000001,36.57,0.0,257.832,0.0,0
46807,-0.682,75.586,0.0,0.0,-1.875,350.0786,0.0,0.0,9.565000000000001,0,0.0,1.43,310.005,-3.1672000000000002,36.0,0.0,257.832,0.0,0
46807,-1.0230000000000001,75.586,0.0,0.0,-1.875,350.0786,0.0,0.0,9.575000000000001,0,0.0,1.47,310.005,-1.4846000000000001,35.58,0.0,257.832,0.0,0
46807,-1.0230000000000001,75.586,0.0,0.0,-1.875,350.0786,0.0,0.0,9.585,0,0.0,1.58,310.005,0.0,35.43,0.0,257.832,0.0,0
46807,-1.0230000000000001,75.586,0.0,0.0,-1.875,350.0786,0.0,0.0,9.595,0,0.0,1.68,310.14000000000004,3.8600000000000003,35.550000000000004,0.0,257.832,0.0,0
46807,-0.682,75.586,0.0,0.0,-1.875,350.0786,0.0,0.0,9.604000000000001,0,0.0,1.73,310.005,1.5836000000000001,35.43,0.0,257.832,0.0,0
46807,-0.512,75.586,0.0,0.0,-1.875,350.0786,0.0,0.0,9.614,0,0.0,1.73,309.915,-1.7815,34.95,0.0,257.832,0.0,0
46807,-1.0230000000000001,75.586,0.0,0.0,-1.875,350.0786,0.0,0.0,9.624,0,0.0,1.82,309.915,-7.1261,34.230000000000004,0.0,257.832,0.0,0
46807,-1.0230000000000001,75.586,0.0,0.0,-1.875,350.0786,0.0,0.0,9.634,0,0.0,1.795,310.14000000000004,-2.4743,34.08,0.0,257.832,0.0,0
46807,-0.853,75.586,0.0,0.0,-1.875,350.0786,0.0,0.0,9.648,0,0.0,1.895,310.005,4.8827,33.78,0.0,257.832,0.0,0
46807,-0.512,75.586,0.0,0.0,-1.875,350.0786,0.0,0.0,9.658000000000001,0,0.0,1.855,310.005,-1.3856000000000002,34.410000000000004,0.0,257.832,0.0,0
46807,-0.682,75.586,0.0,0.0,-1.875,350.0786,0.0,0.0,9.668000000000001,0,-1.0,1.905,310.005,-2.7713,35.76,0.0,257.832,0.0,0
46807,-0.853,75.586,0.0,0.0,-1.875,350.0786,0.0,0.0,9.678,0,-1.0,1.7850000000000001,310.005,1.0557,36.78,0.0,257.832,0.0,0
46807,-1.0230000000000001,75.586,0.0,0.0,-1.875,350.0786,0.0,0.0,9.688,0,0.0,1.77,310.14000000000004,2.5073000000000003,36.96,0.0,257.832,0.0,0
46807,-0.853,75.586,0.0,0.0,-1.875,350.0786,0.0,0.0,9.697000000000001,0,0.0,1.735,310.005,0.7918000000000001,36.78,0.0,257.832,0.0,0
46807,-0.682,75.586,0.0,0.0,-1.875,350.0786,0.0,0.0,9.697000000000001,0,0.0,1.75,310.005,0.8578,36.63,0.0,257.832,0.0,0
46807,-1.194,75.586,0.0,0.0,-1.875,350.0786,0.0,0.0,9.707,0,-1.0,1.73,310.14000000000004,2.3506,36.06,0.0,257.832,0.0,0
46807,-0.512,75.586,0.0,0.0,-1.875,350.0786,0.0,0.0,9.717,0,0.0,1.6600000000000001,310.005,2.928,35.31,0.0,257.832,0.0,0
46807,-0.853,75.586,0.0,0.0,-1.875,350.0786,0.0,0.0,9.731,0,0.0,1.675,310.14000000000004,-2.928,35.22,0.0,257.832,0.0,0
46807,-1.0230000000000001,75.586,0.0,0.0,-1.875,350.0786,0.0,0.0,9.741,0,0.0,1.62,310.005,-0.17320000000000002,35.31,0.0,257.832,0.0,0
46807,-0.853,75.586,0.0,0.0,-1.875,350.0786,0.0,0.0,9.751000000000001,0,0.0,1.545,310.005,-0.6598,34.17,0.0,257.832,0.0,0
46807,-1.0230000000000001,75.586,0.0,0.0,-1.875,350.0786,0.0,0.0,9.761000000000001,0,0.0,1.445,310.005,-3.7115,33.36,0.0,257.832,0.0,0
46807,-0.853,75.586,0.0,0.0,-1.875,350.0786,0.0,0.0,9.771,0,0.0,1.425,309.915,-0.2474,33.24,0.0,257.832,0.0,0
46807,-0.512,75.586,0.0,0.0,-1.875,350.0786,0.0,0.0,9.780000000000001,0,0.0,1.41,310.005,-2.2434000000000003,33.57,0.0,257.832,0.0,0
46807,-1.0230000000000001,75.586,0.0,0.0,-1.875,350.0786,0.0,0.0,9.790000000000001,0,0.0,1.27,309.915,2.5898000000000003,34.62,0.0,257.832,0.0,0
46807,-0.682,75.586,0.0,0.0,-1.875,350.0786,0.0,0.0,9.805,0,-1.0,1.21,310.005,1.2537,35.94,0.0,257.832,0.0,0
46807,-0.853,75.586,0.0,0.0,-1.875,350.0786,0.0,0.0,9.814,0,0.0,1.11,310.005,0.3299,37.230000000000004,0.0,257.832,0.0,0
46807,-0.682,75.586,0.0,0.0,-1.875,350.0786,0.0,0.0,9.824,0,0.0,1.055,310.005,4.3136,37.11,0.0,257.832,0.0,0
46807,-0.853,75.586,0.0,0.0,-1.875,350.0786,0.0,0.0,9.834,0,0.0,1.04,309.915,-0.3134,35.79,0.0,257.832,0.0,0
46807,-0.341,75.586,0.0,0.0,-1.875,350.0786,0.0,0.0,9.844000000000001,0,0.0,1.0050000000000001,310.005,-4.1569,35.25,0.0,257.832,0.0,0
46807,-0.853,75.586,0.0,0.0,-1.875,350.0786,0.0,0.0,9.854000000000001,0,0.0,0.9500000000000001,310.005,2.8372,34.800000000000004,0.0,257.832,0.0,0
46807,-0.853,75.586,0.0,0.0,-1.875,350.0786,0.0,0.0,9.863000000000001,0,0.0,0.915,309.915,2.0620000000000003,35.160000000000004,0.0,257.832,0.0,0
46807,-1.0230000000000001,75.586,0.0,0.0,-1.875,350.0786,0.0,0.0,9.878,0,0.0,0.86,310.005,0.5279,34.86,0.0,257.832,0.0,0
46807,-1.0230000000000001,75.586,0.0,0.0,-1.875,350.0786,0.0,0.0,9.888,0,0.0,0.89,309.915,-2.4001,34.980000000000004,0.0,257.832,0.0,0
46807,-0.682,75.586,0.0,0.0,-1.875,350.0786,0.0,0.0,9.897,0,0.0,0.9550000000000001,310.14000000000004,0.0907,34.26,0.0,257.832,0.0,0
46807,-0.853,75.586,0.0,0.0,-1.875,350.0786,0.0,0.0,9.907,0,-1.0,0.875,309.915,0.43710000000000004,34.32,0.0,257.832,0.0,0
46807,-0.512,75.586,0.0,0.0,-1.875,350.0786,0.0,0.0,9.917,0,0.0,0.885,309.915,-1.5836000000000001,33.39,0.0,257.832,0.0,0
46807,-0.853,75.586,0.0,0.0,-1.875,350.0786,0.0,0.0,9.917,0,0.0,0.9550000000000001,309.915,-2.6393,33.36,0.0,257.832,0.0,0
46807,-0.682,75.586,0.0,0.0,-1.875,350.0786,0.0,0.0,9.927,0,0.0,0.99,310.005,-2.7713,34.08,0.0,257.832,0.0,0
46807,-0.853,75.586,0.0,0.0,-1.875,350.0786,0.0,0.0,9.937000000000001,0,0.0,1.035,310.005,3.8930000000000002,34.71,0.0,257.832,0.0,0
46807,-0.682,75.586,0.0,0.0,-1.875,350.0786,0.0,0.0,9.946,0,0.0,1.03,310.005,0.9238000000000001,35.58,0.0,257.832,0.0,0
46807,-1.0230000000000001,75.586,0.0,0.0,-1.875,350.0786,0.0,0.0,9.956000000000001,0,0.0,1.2,310.005,0.7918000000000001,35.910000000000004,0.0,257.832,0.0,0
46807,-0.853,75.586,0.0,0.0,-1.875,350.0786,0.0,0.0,9.966000000000001,0,0.0,1.175,309.915,-0.132,35.34,0.0,257.832,0.0,0
46807,-1.0230000000000001,75.586,0.0,0.0,-1.875,350.0786,0.0,0.0,9.976,0,0.0,1.245,310.005,-0.7918000000000001,35.31,0.0,257.832,0.0,0
46807,-0.853,75.586,0.0,0.0,-1.875,350.0786,0.0,0.0,9.985000000000001,0,0.0,1.36,310.005,1.4516,34.230000000000004,0.0,257.832,0.0,0
46807,-1.0230000000000001,75.586,0.0,0.0,-1.875,350.0786,0.0,0.0,9.995000000000001,0,-1.0,1.3900000000000001,310.005,2.5733,33.54,0.0,257.832,0.0,0
46807,-0.682,75.586,0.0,0.0,-1.875,350.0786,0.0,0.0,10.005,0,-1.0,1.44,309.915,-2.2434000000000003,33.84,0.0,257.832,0.0,0
46807,-0.853,75.586,0.0,0.0,-1.875,350.0786,0.0,0.0,10.015,0,0.0,1.49,310.005,-2.9032,34.32,0.0,257.832,0.0,0
46807,-0.853,75.586,0.0,0.0,-1.875,350.0786,0.0,0.0,10.024000000000001,0,0.0,1.565,309.915,-1.0557,34.59,0.0,257.832,0.0,0
46807,-0.853,75.586,0.0,0.0,-1.875,350.0786,0.0,0.0,10.034,0,0.0,1.57,310.005,2.8372,34.32,0.0,257.832,0.0,0
46807,-0.853,75.586,0.0,0.0,-1.875,350.0786,0.0,0.0,10.039,0,0.0,1.56,310.005,2.2929,34.29,0.0,257.832,0.0,0
46807,-0.512,75.586,0.0,0.0,-1.875,350.0786,0.0,0.0,10.049000000000001,0,0.0,1.68,309.915,3.1837,34.32,0.0,257.832,0.0,0
46807,-0.682,75.586,0.0,0.0,-1.875,350.0786,0.0,0.0,10.059000000000001,0,0.0,1.705,310.005,0.5773,34.47,0.0,257.832,0.0,0
46807,-0.512,75.586,0.0,0.0,-1.875,350.0786,0.0,0.0,10.068,0,0.0,1.655,310.005,0.5938,34.410000000000004,0.0,257.832,0.0,0
46807,-0.512,75.586,0.0,0.0,-1.875,350.0786,0.0,0.0,10.078000000000001,0,0.0,1.68,310.005,-0.1072,35.22,0.0,257.832,0.0,0
46807,-1.0230000000000001,75.586,0.0,0.0,-1.875,350.0786,0.0,0.0,10.088000000000001,0,0.0,1.55,309.915,-1.6331,35.7,0.0,257.832,0.0,0
46807,-0.682,75.586,0.0,0.0,-1.875,350.0786,0.0,0.0,10.098,0,0.0,1.735,310.005,-1.5588000000000002,35.730000000000004,0.0,257.832,0.0,0
46807,-1.0230000000000001,75.586,0.0,0.0,-1.875,350.0786,0.0,0.0,10.107000000000001,0,-1.0,1.59,310.005,1.8475000000000001,36.15,0.0,257.832,0.0,0
46807,-0.682,75.586,0.0,0.0,-1.875,350.0786,0.0,0.0,10.117,0,0.0,1.655,310.005,0.2639,36.660000000000004,0.0,257.832,0.0,0
46807,-0.682,75.586,0.0,0.0,-1.875,350.0786,0.0,0.0,10.127,0,0.0,1.57,310.005,-1.3196,35.910000000000004,0.0,257.832,0.0,0
46807,-0.682,75.586,0.0,0.0,-1.875,350.0786,0.0,0.0,10.137,0,0.0,1.625,310.14000000000004,3.4723,35.01,0.0,257.832,0.0,0
46807,-0.512,75.586,0.0,0.0,-1.875,350.0786,0.0,0.0,10.151,0,0.0,1.57,309.915,1.9300000000000002,34.59,0.0,257.832,0.0,0
46807,-1.0230000000000001,75.586,0.0,0.0,-1.875,350.0786,0.0,0.0,10.161000000000001,0,0.0,1.57,310.005,-1.9135000000000002,34.14,0.0,257.832,0.0,0
46807,-1.0230000000000001,75.586,0.0,0.0,-1.875,350.0786,0.0,0.0,10.171000000000001,0,0.0,1.575,309.915,-2.2681,34.02,0.0,257.832,0.0,0
46807,-0.682,75.586,0.0,0.0,-1.875,350.0786,0.0,0.0,10.181000000000001,0,0.0,1.375,310.005,0.7918000000000001,35.01,0.0,257.832,0.0,0
46807,-0.853,75.586,0.0,0.0,-1.875,350.0786,0.0,0.0,10.190000000000001,0,-1.0,1.36,310.005,2.1774,35.28,0.0,257.832,0.0,0
46807,-0.682,75.586,0.0,0.0,-1.875,350.0786,0.0,0.0,10.200000000000001,0,0.0,1.195,310.005,0.066,35.49,0.0,257.832,0.0,0
46807,-0.682,75.586,0.0,0.0,-1.875,350.0786,0.0,0.0,10.21,0,0.0,1.2550000000000001,309.915,-1.4351,35.88,0.0,257.832,0.0,0
46807,-1.0230000000000001,75.586,0.0,0.0,-1.875,350.0786,0.0,0.0,10.225,0,0.0,1.23,309.915,-0.4454,35.85,0.0,257.832,0.0,0
46807,-1.0230000000000001,75.586,0.0,0.0,-1.875,350.0786,0.0,0.0,10.225,0,0.0,1.1400000000000001,309.915,-0.6598,35.88,0.0,257.832,0.0,0
46807,-0.853,75.586,0.0,0.0,-1.875,350.0786,0.0,0.0,10.234,0,0.0,1.175,310.005,0.0,35.67,0.0,257.832,0.0,0
46807,-0.853,75.586,0.0,0.0,-1.875,350.0786,0.0,0.0,10.244,0,0.0,1.095,310.005,4.6188,35.730000000000004,0.0,257.832,0.0,0
46807,-0.853,75.586,0.0,0.0,-1.875,350.0786,0.0,0.0,10.254000000000001,0,0.0,1.035,309.825,0.5938,36.18,0.0,257.832,0.0,0
46807,-0.853,75.586,0.0,0.0,-1.875,350.0786,0.0,0.0,10.264000000000001,0,0.0,0.97,309.915,-3.8270000000000004,36.39,0.0,257.832,0.0,0
46807,-0.682,75.586,0.0,0.0,-1.875,350.0786,0.0,0.0,10.273,0,0.0,1.1300000000000001,310.14000000000004,-1.9465000000000001,35.550000000000004,0.0,257.832,0.0,0
46807,-1.0230000000000001,75.586,0.0,0.0,-1.875,350.0786,0.0,0.0,10.283000000000001,0,0.0,1.095,310.005,3.4311000000000003,34.95,0.0,257.832,0.0,0
46807,-1.0230000000000001,75.586,0.0,0.0,-1.875,350.0786,0.0,0.0,10.298,0,-1.0,1.065,310.005,0.19790000000000002,34.44,0.0,257.832,0.0,0
46807,-0.512,75.586,0.0,0.0,-1.875,350.0786,0.0,0.0,10.308,0,0.0,1.09,310.14000000000004,-1.0557,34.08,0.0,257.832,0.0,0
46807,-0.682,75.586,0.0,0.0,-1.875,350.0786,0.0,0.0,10.317,0,0.0,1.1300000000000001,310.14000000000004,5.4435,34.53,0.0,257.832,0.0,0
46807,-1.0230000000000001,75.586,0.0,0.0,-1.875,350.0786,0.0,0.0,10.327,0,0.0,1.21,310.005,0.9238000000000001,35.04,0.0,257.832,0.0,0
46807,-0.512,75.586,0.0,0.0,-1.875,350.0786,0.0,0.0,10.337,0,-1.0,1.205,310.005,-6.2353000000000005,35.82,0.0,257.832,0.0,0
46807,-1.0230000000000001,75.586,0.0,0.0,-1.875,350.0786,0.0,0.0,10.347000000000001,0,0.0,1.23,310.14000000000004,-0.2639,36.06,0.0,257.832,0.0,0
46807,-0.682,75.586,0.0,0.0,-1.875,350.0786,0.0,0.0,10.356,0,0.0,1.19,310.005,0.7918000000000001,36.09,0.0,257.832,0.0,0
46807,-0.853,75.586,0.0,0.0,-1.875,350.0786,0.0,0.0,10.366,0,0.0,1.325,310.005,-0.9238000000000001,35.64,0.0,257.832,0.0,0
46807,-0.853,75.586,0.0,0.0,-1.875,350.0786,0.0,0.0,10.376000000000001,0,0.0,1.31,310.005,1.6826,35.88,0.0,257.832,0.0,0
46807,-0.682,75.586,0.0,0.0,-1.875,350.0786,0.0,0.0,10.386000000000001,0,0.0,1.35,309.915,-0.2639,36.24,0.0,257.832,0.0,0
46807,-0.682,75.586,0.0,0.0,-1.875,350.0786,0.0,0.0,10.396,0,0.0,1.3,309.915,-2.3094,35.61,0.0,257.832,0.0,0
46807,-0.682,75.586,0.0,0.0,-1.875,350.0786,0.0,0.0,10.405000000000001,0,0.0,1.43,310.005,-2.3754,35.37,0.0,257.832,0.0,0
46807,-0.853,75.586,0.0,0.0,-1.875,350.0786,0.0,0.0,10.415000000000001,0,0.0,1.3900000000000001,310.005,1.5176,34.800000000000004,0.0,257.832,0.0,0
46807,-1.0230000000000001,75.586,0.0,0.0,-1.875,350.0786,0.0,0.0,10.425,0,0.0,1.47,310.005,2.2434000000000003,34.5,0.0,257.832,0.0,0
46807,-0.512,75.586,0.0,0.0,-1.875,350.0786,0.0,0.0,10.435,0,0.0,1.665,309.915,-2.5733,34.05,0.0,257.832,0.0,0
46807,-1.194,75.586,0.0,0.0,-1.875,350.0786,0.0,0.0,10.444,0,0.0,1.76,310.14000000000004,0.6598,33.660000000000004,0.0,257.832,0.0,0
46807,-0.682,75.586,0.0,0.0,-1.875,350.0786,0.0,0.0,10.454,0,0.0,1.625,310.14000000000004,2.8043,34.44,0.0,257.832,0.0,0
46807,-0.682,75.586,0.0,0.0,-1.875,350.0786,0.0,0.0,10.464,0,0.0,1.73,310.14000000000004,4.6188,35.61,0.0,257.832,0.0,0
46807,-1.0230000000000001,75.586,0.0,0.0,-1.875,350.0786,0.0,0.0,10.474,0,0.0,1.7850000000000001,310.005,-1.4846000000000001,36.45,0.0,257.832,0.0,0
46807,-1.0230000000000001,75.586,0.0,0.0,-1.875,350.0786,0.0,0.0,10.483,0,0.0,1.7850000000000001,309.915,-5.1466,36.45,0.0,257.832,0.0,0
46807,-0.682,75.586,0.0,0.0,-1.875,350.0786,0.0,0.0,10.498000000000001,0,0.0,1.7,310.005,-4.9157,36.06,0.0,257.832,0.0,0
46807,-0.853,75.586,0.0,0.0,-1.875,350.0786,0.0,0.0,10.508000000000001,0,0.0,1.86,309.915,0.6598,35.58,0.0,257.832,0.0,0
46807,-0.682,75.586,0.0,0.0,-1.875,350.0786,0.0,0.0,10.518,0,0.0,1.77,310.14000000000004,3.0022,35.46,0.0,257.832,0.0,0
46807,-1.0230000000000001,75.586,0.0,0.0,-1.875,350.0786,0.0,0.0,10.527000000000001,0,0.0,1.7850000000000001,310.14000000000004,1.4516,35.76,0.0,257.832,0.0,0
46807,-0.512,75.586,0.0,0.0,-1.875,350.0786,0.0,0.0,10.537,0,0.0,1.725,310.005,-0.066,35.64,0.0,257.832,0.0,0
46807,-0.853,75.586,0.0,0.0,-1.875,350.0786,0.0,0.0,10.547,0,0.0,1.68,310.005,-0.39590000000000003,35.58,0.0,257.832,0.0,0
46807,-0.853,75.586,0.0,0.0,-1.875,350.0786,0.0,0.0,10.557,0,0.0,1.635,310.005,2.4743,35.25,0.0,257.832,0.0,0
46807,-0.853,75.586,0.0,0.0,-1.875,350.0786,0.0,0.0,10.566,0,0.0,1.6500000000000001,310.005,-1.5836000000000001,34.230000000000004,0.0,257.832,0.0,0
46807,-0.512,75.586,0.0,0.0,-1.875,350.0786,0.0,0.0,10.576,0,-1.0,1.605,310.005,-1.5836000000000001,34.26,0.0,257.832,0.0,0
46807,-0.341,75.586,0.0,0.0,-1.875,350.0786,0.0,0.0,10.591000000000001,0,0.0,1.52,310.005,1.9795,34.410000000000004,0.0,257.832,0.0,0
46807,-1.0230000000000001,75.586,0.0,0.0,-1.875,350.0786,0.0,0.0,10.591000000000001,0,-1.0,1.49,310.005,1.7815,34.56,0.0,257.832,0.0,0
46807,-1.0230000000000001,75.586,0.0,0.0,-1.875,350.0786,0.0,0.0,10.601,0,0.0,1.41,310.005,-1.6496000000000002,35.64,0.0,257.832,0.0,0
46807,-0.853,75.586,0.0,0.0,-1.875,350.0786,0.0,0.0,10.610000000000001,0,0.0,1.395,310.14000000000004,-1.5423,36.84,0.0,257.832,0.0,0
46807,-0.682,75.586,0.0,0.0,-1.875,350.0786,0.0,0.0,10.620000000000001,0,-1.0,1.36,310.005,2.5733,37.050000000000004,0.0,257.832,0.0,0
46807,-1.0230000000000001,75.586,0.0,0.0,-1.875,350.0786,0.0,0.0,10.63,0,0.0,1.22,310.005,-1.7815,36.18,0.0,257.832,0.0,0
46807,-0.682,75.586,0.0,0.0,-1.875,350.0786,0.0,0.0,10.645000000000001,0,0.0,1.2,310.005,-2.4413,35.97,0.0,257.832,0.0,0
46807,-1.0230000000000001,75.586,0.0,0.0,-1.875,350.0786,0.0,0.0,10.654,0,0.0,1.11,310.005,0.2639,35.49,0.0,257.832,0.0,0
46807,-0.853,75.586,0.0,0.0,-1.875,350.0786,0.0,0.0,10.664,0,0.0,1.035,309.915,-1.3032000000000001,35.64,0.0,257.832,0.0,0
46807,-0.853,75.586,0.0,0.0,-1.875,350.0786,0.0,0.0,10.674000000000001,0,0.0,1.055,310.005,0.7918000000000001,36.0,0.0,257.832,0.0,0
46807,-1.0230000000000001,75.586,0.0,0.0,-1.875,350.0786,0.0,0.0,10.684000000000001,0,0.0,0.92,310.005,0.6598,36.0,0.0,257.832,0.0,0
46807,-1.0230000000000001,75.586,0.0,0.0,-1.875,350.0786,0.0,0.0,10.693000000000001,0,0.0,0.9500000000000001,310.14000000000004,2.2022,35.31,0.0,257.832,0.0,0
46807,-0.853,75.586,0.0,0.0,-1.875,350.0786,0.0,0.0,10.703000000000001,0,0.0,0.925,309.915,2.1279,34.47,0.0,257.832,0.0,0
46807,-0.512,75.586,0.0,0.0,-1.875,350.0786,0.0,0.0,10.713000000000001,0,0.0,0.9450000000000001,310.005,-2.7713,33.87,0.0,257.832,0.0,0
46807,-0.682,75.586,0.0,0.0,-1.875,350.0786,0.0,0.0,10.728,0,0.0,0.9450000000000001,309.915,-3.3486000000000002,34.410000000000004,0.0,257.832,0.0,0
46807,-0.853,75.586,0.0,0.0,-1.875,350.0786,0.0,0.0,10.737,0,0.0,0.91,310.005,0.18150000000000002,35.7,0.0,257.832,0.0,0
46807,-0.853,75.586,0.0,0.0,-1.875,350.0786,0.0,0.0,10.747,0,0.0,0.985,310.005,-1.0062,36.09,0.0,257.832,0.0,0
46807,-0.682,75.586,0.0,0.0,-1.875,350.0786,0.0,0.0,10.757,0,0.0,1.08,310.005,2.3589,36.45,0.0,257.832,0.0,0
46807,-1.194,75.586,0.0,0.0,-1.875,350.0786,0.0,0.0,10.767000000000001,0,0.0,1.03,310.14000000000004,1.2124000000000001,36.21,0.0,257.832,0.0,0
46807,-1.0230000000000001,75.586,0.0,0.0,-1.875,350.0786,0.0,0.0,10.776,0,0.0,1.045,310.14000000000004,3.4063000000000003,36.0,0.0,257.832,0.0,0
46807,-0.853,75.586,0.0,0.0,-1.875,350.0786,0.0,0.0,10.786000000000001,0,0.0,1.11,309.915,-0.0495,35.550000000000004,0.0,257.832,0.0,0
46807,-0.682,75.586,0.0,0.0,-1.875,350.0786,0.0,0.0,10.796000000000001,0,0.0,1.095,310.005,-3.0104,35.01,0.0,257.832,0.0,0
46807,-0.512,75.586,0.0,0.0,-1.875,350.0786,0.0,0.0,10.806000000000001,0,0.0,1.18,310.14000000000004,3.0104,34.38,0.0,257.832,0.0,0
46807,-0.853,75.586,0.0,0.0,-1.875,350.0786,0.0,0.0,10.815000000000001,0,0.0,1.21,310.005,3.8105,34.62,0.0,257.832,0.0,0
46807,-0.853,75.586,0.0,0.0,-1.875,350.0786,0.0,0.0,10.825000000000001,0,0.0,1.225,310.005,-0.767,34.92,0.0,257.832,0.0,0
46807,-1.0230000000000001,75.586,0.0,0.0,-1.875,350.0786,0.0,0.0,10.835,0,0.0,1.355,310.005,-1.5588000000000002,34.92,0.0,257.832,0.0,0
46807,-1.0230000000000001,75.586,0.0,0.0,-1.875,350.0786,0.0,0.0,10.845,0,-1.0,1.48,309.915,-4.1816,34.44,0.0,257.832,0.0,0
46807,-0.853,75.586,0.0,0.0,-1.875,350.0786,0.0,0.0,10.854000000000001,0,0.0,1.5,310.005,-5.7405,34.11,0.0,257.832,0.0,0
46807,-0.682,75.586,0.0,0.0,-1.875,350.0786,0.0,0.0,10.864,0,0.0,1.46,310.005,-1.0557,34.08,0.0,257.832,0.0,0
46807,-0.853,75.586,0.0,0.0,-1.875,350.0786,0.0,0.0,10.874,0,0.0,1.6400000000000001,310.005,5.46,34.95,0.0,257.832,0.0,0
46807,-0.682,75.586,0.0,0.0,-1.875,350.0786,0.0,0.0,10.884,0,0.0,1.6600000000000001,310.005,3.6785,36.36,0.0,257.832,0.0,0
46807,-1.0230000000000001,75.586,0.0,0.0,-1.875,350.0786,0.0,0.0,10.894,0,-1.0,1.79,309.915,-2.4908,36.12,0.0,257.832,0.0,0
46807,-0.682,75.586,0.0,0.0,-1.875,350.0786,0.0,0.0,10.898,0,-1.0,1.85,309.915,-3.3651,36.06,0.0,257.832,0.0,0
46807,-0.512,75.586,0.0,0.0,-1.875,350.0786,0.0,0.0,10.908000000000001,0,0.0,1.69,310.005,-2.7713,36.12,0.0,257.832,0.0,0
46807,-0.682,75.586,0.0,0.0,-1.875,350.0786,0.0,0.0,10.918000000000001,0,0.0,1.72,309.915,-0.46190000000000003,35.88,0.0,257.832,0.0,0
46807,-1.194,75.586,0.0,0.0,-1.875,350.0786,0.0,0.0,10.928,0,0.0,1.715,310.14000000000004,5.806500000000001,34.62,0.0,257.832,0.0,0
46807,-0.853,75.586,0.0,0.0,-1.875,350.0786,0.0,0.0,10.938,0,-1.0,1.685,310.005,1.3196,33.75,0.0,257.832,0.0,0
46807,-0.512,75.586,0.0,0.0,-1.875,350.0786,0.0,0.0,10.947000000000001,0,-1.0,1.69,310.005,0.6598,34.11,0.0,257.832,0.0,0
46807,-0.512,75.586,0.0,0.0,-1.875,350.0786,0.0,0.0,10.957,0,0.0,1.665,310.005,0.099,34.35,0.0,257.832,0.0,0
46807,-0.512,75.586,0.0,0.0,-1.875,350.0786,0.0,0.0,10.967,0,0.0,1.675,309.915,-4.2229,34.29,0.0,257.832,0.0,0
46807,-0.853,75.586,0.0,0.0,-1.875,350.0786,0.0,0.0,10.977,0,0.0,1.5,310.005,-2.9032,34.56,0.0,257.832,0.0,0
46807,-0.682,75.586,0.0,0.0,-1.875,350.0786,0.0,0.0,10.986,0,-1.0,1.445,310.005,-0.5279,34.86,0.0,257.832,0.0,0
46807,-0.853,75.586,0.0,0.0,-1.875,350.0786,0.0,0.0,11.001000000000001,0,0.0,1.51,310.005,-0.5938,34.65,0.0,257.832,0.0,0
46807,-0.682,75.586,0.0,0.0,-1.875,350.0786,0.0,0.0,11.011000000000001,0,-1.0,1.425,310.005,-0.2639,34.89,0.0,257.832,0.0,0
46807,-0.682,75.586,0.0,0.0,-1.875,350.0786,0.0,0.0,11.021,0,0.0,1.32,309.915,1.6496000000000002,35.31,0.0,257.832,0.0,0
46807,-0.682,75.586,0.0,0.0,-1.875,350.0786,0.0,0.0,11.030000000000001,0,0.0,1.27,310.005,0.132,35.4,0.0,257.832,0.0,0
46807,-0.341,75.586,0.0,0.0,-1.875,350.0786,0.0,0.0,11.040000000000001,0,0.0,1.26,310.005,-1.8475000000000001,35.76,0.0,257.832,0.0,0
46807,-0.682,75.586,0.0,0.0,-1.875,350.0786,0.0,0.0,11.05,0,0.0,1.245,310.14000000000004,6.5982,35.85,0.0,257.832,0.0,0
46807,-0.853,75.586,0.0,0.0,-1.875,350.0786,0.0,0.0,11.06,0,0.0,1.135,309.915,-0.19790000000000002,35.46,0.0,257.832,0.0,0
46807,-0.682,75.586,0.0,0.0,-1.875,350.0786,0.0,0.0,11.074,0,0.0,1.105,310.14000000000004,-1.8475000000000001,34.59,0.0,257.832,0.0,0
46807,-0.341,75.586,0.0,0.0,-1.875,350.0786,0.0,0.0,11.084000000000001,0,0.0,1.02,310.005,-3.0682,34.44,0.0,257.832,0.0,0
46807,-0.341,75.586,0.0,0.0,-1.875,350.0786,0.0,0.0,11.094000000000001,0,0.0,1.01,310.005,2.3754,33.87,0.0,257.832,0.0,0
46807,-0.682,75.586,0.0,0.0,-1.875,350.0786,0.0,0.0,11.104000000000001,0,-1.0,0.895,310.005,-0.4289,33.78,0.0,257.832,0.0,0
46807,-0.853,75.586,0.0,0.0,-1.875,350.0786,0.0,0.0,11.113000000000001,0,0.0,1.02,310.005,0.0,33.75,0.0,257.832,0.0,0
46807,-0.682,75.586,0.0,0.0,-1.875,350.0786,0.0,0.0,11.123000000000001,0,-1.0,0.895,310.005,3.9589000000000003,34.59,0.0,257.832,0.0,0
46807,-0.682,75.586,0.0,0.0,-1.875,350.0786,0.0,0.0,11.133000000000001,0,0.0,0.9500000000000001,309.915,-3.8270000000000004,35.19,0.0,257.832,0.0,0
46807,-0.341,75.586,0.0,0.0,-1.875,350.0786,0.0,0.0,11.143,0,-1.0,1.035,310.005,-5.5425,35.07,0.0,257.832,0.0,0
46807,-0.853,75.586,0.0,0.0,-1.875,350.0786,0.0,0.0,11.152000000000001,0,0.0,1.05,310.14000000000004,3.8270000000000004,35.01,0.0,257.832,0.0,0
46807,-1.0230000000000001,75.586,0.0,0.0,-1.875,350.0786,0.0,0.0,11.162,0,0.0,1.02,310.005,1.2537,34.83,0.0,257.832,0.0,0
46807,-1.0230000000000001,75.586,0.0,0.0,-1.875,350.0786,0.0,0.0,11.172,0,0.0,1.065,310.005,2.6393,35.01,0.0,257.832,0.0,0
46807,-0.853,75.586,0.0,0.0,-1.875,350.0786,0.0,0.0,11.177000000000001,0,0.0,1.195,310.005,2.3754,34.92,0.0,257.832,0.0,0
46807,-0.341,75.586,0.0,0.0,-1.875,350.0786,0.0,0.0,11.187000000000001,0,0.0,1.185,310.005,2.3341000000000003,34.83,0.0,257.832,0.0,0
46807,-0.853,75.586,0.0,0.0,-1.875,350.0786,0.0,0.0,11.196,0,-1.0,1.21,310.005,-3.629,34.83,0.0,257.832,0.0,0
46807,-0.853,75.586,0.0,0.0,-1.875,350.0786,0.0,0.0,11.206000000000001,0,0.0,1.285,310.14000000000004,2.1527000000000003,34.65,0.0,257.832,0.0,0
46807,-0.682,75.586,0.0,0.0,-1.875,350.0786,0.0,0.0,11.216000000000001,0,0.0,1.335,310.005,-0.7258,34.26,0.0,257.832,0.0,0
46807,-0.341,75.586,0.0,0.0,-1.875,350.0786,0.0,0.0,11.226,0,-1.0,1.395,310.005,-1.3856000000000002,33.660000000000004,0.0,257.832,0.0,0
46807,-0.682,75.586,0.0,0.0,-1.875,350.0786,0.0,0.0,11.235000000000001,0,0.0,1.43,310.005,-2.9445,32.61,0.0,257.832,0.0,0
46807,-0.853,75.586,0.0,0.0,-1.875,350.0786,0.0,0.0,11.245000000000001,0,0.0,1.565,310.005,0.1155,32.85,0.0,257.832,0.0,0
46807,-0.853,75.586,0.0,0.0,-1.875,350.0786,0.0,0.0,11.255,0,0.0,1.47,310.005,-0.2639,33.03,0.0,257.832,0.0,0
46807,-0.682,75.586,0.0,0.0,-1.875,350.0786,0.0,0.0,11.265,0,0.0,1.645,309.915,-0.7918000000000001,33.54,0.0,257.832,0.0,0
46807,-1.0230000000000001,75.586,0.0,0.0,-1.875,350.0786,0.0,0.0,11.274000000000001,0,0.0,1.61,309.915,0.28040000000000004,34.86,0.0,257.832,0.0,0
46807,-0.853,75.586,0.0,0.0,-1.875,350.0786,0.0,0.0,11.284,0,0.0,1.6400000000000001,310.005,-1.7155,35.550000000000004,0.0,257.832,0.0,0
46807,-0.512,75.586,0.0,0.0,-1.875,350.0786,0.0,0.0,11.294,0,0.0,1.645,310.005,-0.0165,35.79,0.0,257.832,0.0,0
46807,-1.0230000000000001,75.586,0.0,0.0,-1.875,350.0786,0.0,0.0,11.304,0,-1.0,1.645,310.005,2.5073000000000003,35.7,0.0,257.832,0.0,0
46807,-0.512,75.586,0.0,0.0,-1.875,350.0786,0.0,0.0,11.313,0,0.0,1.695,310.005,-0.2639,34.59,0.0,257.832,0.0,0
46807,-0.853,75.586,0.0,0.0,-1.875,350.0786,0.0,0.0,11.323,0,0.0,1.675,310.14000000000004,1.3444,34.02,0.0,257.832,0.0,0
46807,-0.682,75.586,0.0,0.0,-1.875,350.0786,0.0,0.0,11.333,0,0.0,1.6600000000000001,309.915,1.798,34.92,0.0,257.832,0.0,0
46807,-0.682,75.586,0.0,0.0,-1.875,350.0786,0.0,0.0,11.348,0,0.0,1.6300000000000001,310.005,-2.1774,34.65,0.0,257.832,0.0,0
46807,-0.853,75.586,0.0,0.0,-1.875,350.0786,0.0,0.0,11.357000000000001,0,0.0,1.55,309.915,-5.3033,34.71,0.0,257.832,0.0,0
46807,-0.853,75.586,0.0,0.0,-1.875,350.0786,0.0,0.0,11.357000000000001,0,0.0,1.495,309.915,-4.5858,34.74,0.0,257.832,0.0,0
46807,-1.0230000000000001,75.586,0.0,0.0,-1.875,350.0786,0.0,0.0,11.367,0,0.0,1.685,310.005,4.3548,33.72,0.0,257.832,0.0,0
46807,-1.0230000000000001,75.586,0.0,0.0,-1.875,350.0786,0.0,0.0,11.377,0,0.0,1.6500000000000001,310.14000000000004,2.0125,32.97,0.0,257.832,0.0,0
46807,-0.512,75.586,0.0,0.0,-1.875,350.0786,0.0,0.0,11.387,0,0.0,1.455,310.005,-0.2639,32.85,0.0,257.832,0.0,0
46807,-1.0230000000000001,75.586,0.0,0.0,-1.875,350.0786,0.0,0.0,11.396,0,0.0,1.45,310.005,1.8475000000000001,34.08,0.0,257.832,0.0,0
46807,-0.682,75.586,0.0,0.0,-1.875,350.0786,0.0,0.0,11.411000000000001,0,0.0,1.42,310.005,-1.4516,35.550000000000004,0.0,257.832,0.0,0
46807,-1.0230000000000001,75.586,0.0,0.0,-1.875,350.0786,0.0,0.0,11.421000000000001,0,0.0,1.325,309.915,-0.9897,35.64,0.0,257.832,0.0,0
46807,-0.341,75.586,0.0,0.0,-1.875,350.0786,0.0,0.0,11.431000000000001,0,0.0,1.2650000000000001,309.915,-2.6393,36.15,0.0,257.832,0.0,0
46807,-1.0230000000000001,75.586,0.0,0.0,-1.875,350.0786,0.0,0.0,11.440000000000001,0,0.0,1.305,310.005,1.5836000000000001,35.28,0.0,257.832,0.0,0
46807,-0.682,75.586,0.0,0.0,-1.875,350.0786,0.0,0.0,11.450000000000001,0,0.0,1.2550000000000001,310.14000000000004,5.0147,35.1,0.0,257.832,0.0,0
46807,-1.0230000000000001,75.586,0.0,0.0,-1.875,350.0786,0.0,0.0,11.46,0,0.0,1.205,310.14000000000004,0.8908,34.89,0.0,257.832,0.0,0
46807,-1.0230000000000001,75.586,0.0,0.0,-1.875,350.0786,0.0,0.0,11.47,0,0.0,1.1400000000000001,310.14000000000004,4.7507,35.19,0.0,257.832,0.0,0
46807,-0.853,75.586,0.0,0.0,-1.875,350.0786,0.0,0.0,11.479000000000001,0,0.0,1.105,310.005,-3.0682,35.46,0.0,257.832,0.0,0
46807,-0.512,75.586,0.0,0.0,-1.875,350.0786,0.0,0.0,11.494,0,0.0,1.095,310.005,-6.2023,35.1,0.0,257.832,0.0,0
46807,-1.0230000000000001,75.586,0.0,0.0,-1.875,350.0786,0.0,0.0,11.504000000000001,0,-1.0,1.055,309.915,0.165,34.71,0.0,257.832,0.0,0
46807,-1.0230000000000001,75.586,0.0,0.0,-1.875,350.0786,0.0,0.0,11.514000000000001,0,0.0,0.9,310.005,-1.1877,33.99,0.0,257.832,0.0,0
46807,-0.682,75.586,0.0,0.0,-1.875,350.0786,0.0,0.0,11.523,0,0.0,0.975,310.005,-1.8475000000000001,33.81,0.0,257.832,0.0,0
46807,-0.853,75.586,0.0,0.0,-1.875,350.0786,0.0,0.0,11.533000000000001,0,0.0,0.855,310.005,1.8475000000000001,33.51,0.0,257.832,0.0,0
46807,-1.0230000000000001,75.586,0.0,0.0,-1.875,350.0786,0.0,0.0,11.543000000000001,0,0.0,0.975,310.14000000000004,-0.099,34.980000000000004,0.0,257.832,0.0,0
46807,-0.853,75.586,-0.5,0.0,-1.875,350.0786,0.0,0.0,11.553,0,0.0,0.81,310.14000000000004,3.6950000000000003,35.88,0.0,257.832,0.0,0
46807,-0.853,75.586,0.0,0.0,-1.875,350.0786,0.0,0.0,11.563,0,0.0,0.925,310.005,3.4311000000000003,36.42,0.0,257.832,0.0,0
46807,-0.512,75.586,0.0,0.0,-1.875,350.0786,0.0,0.0,11.572000000000001,0,0.0,0.805,309.915,-5.4106000000000005,36.06,0.0,257.832,0.0,0
46807,-0.512,75.586,0.0,0.0,-1.875,350.0786,0.0,0.0,11.587,0,0.0,0.89,310.005,-3.596,35.22,0.0,257.832,0.0,0
46807,-0.853,75.586,0.0,0.0,-1.875,350.0786,0.0,0.0,11.597000000000001,0,0.0,0.96,310.005,0.7918000000000001,35.19,0.0,257.832,0.0,0
46807,-1.0230000000000001,75.586,0.0,0.0,-1.875,350.0786,0.0,0.0,11.606,0,0.0,1.0150000000000001,310.005,0.9897,35.4,0.0,257.832,0.0,0
46807,-0.853,75.586,0.0,0.0,-1.875,350.0786,0.0,0.0,11.616000000000001,0,0.0,1.05,310.14000000000004,4.0909,35.28,0.0,257.832,0.0,0
46807,-0.853,75.586,0.0,0.0,-1.875,350.0786,0.0,0.0,11.626000000000001,0,0.0,1.11,310.14000000000004,3.3321,35.160000000000004,0.0,257.832,0.0,0
46807,-1.0230000000000001,75.586,0.0,0.0,-1.875,350.0786,0.0,0.0,11.636000000000001,0,0.0,1.25,309.915,-1.4516,34.47,0.0,257.832,0.0,0
46807,-0.512,75.586,0.0,0.0,-1.875,350.0786,0.0,0.0,11.636000000000001,0,0.0,1.135,309.915,-2.8207,34.35,0.0,257.832,0.0,0
46807,-1.194,75.586,0.0,0.0,-1.875,350.0786,0.0,0.0,11.646,0,-1.0,1.045,310.005,-5.0559,33.78,0.0,257.832,0.0,0
46807,-0.853,75.586,0.0,0.0,-1.875,350.0786,0.0,0.0,11.655000000000001,0,0.0,1.19,310.14000000000004,-3.4311000000000003,33.24,0.0,257.832,0.0,0
46807,-0.341,75.586,0.0,0.0,-1.875,350.0786,0.0,0.0,11.665000000000001,0,0.0,1.185,310.005,2.2929,33.99,0.0,257.832,0.0,0
46807,-0.682,75.586,0.0,0.0,-1.875,350.0786,0.0,0.0,11.675,0,0.0,1.455,310.14000000000004,-1.4104,34.5,0.0,257.832,0.0,0
46807,-0.853,75.586,0.0,0.0,-1.875,350.0786,0.0,0.0,11.685,0,-1.0,1.355,310.005,-0.2639,35.88,0.0,257.832,0.0,0
46807,-0.853,75.586,0.0,0.0,-1.875,350.0786,0.0,0.0,11.694,0,0.0,1.5250000000000001,310.14000000000004,2.5486,36.6,0.0,257.832,0.0,0
46807,-1.0230000000000001,75.586,0.0,0.0,-1.875,350.0786,0.0,0.0,11.704,0,0.0,1.565,309.915,-2.1114,37.17,0.0,257.832,0.0,0
46807,-0.682,75.586,0.0,0.0,-1.875,350.0786,0.0,0.0,11.714,0,0.0,1.5,310.005,0.5279,36.81,0.0,257.832,0.0,0
46807,-0.853,75.586,0.0,0.0,-1.875,350.0786,0.0,0.0,11.724,0,-1.0,1.6500000000000001,310.005,-2.1114,35.58,0.0,257.832,0.0,0
46807,-0.512,75.586,0.0,0.0,-1.875,350.0786,0.0,0.0,11.733,0,0.0,1.6500000000000001,310.005,1.8310000000000002,34.35,0.0,257.832,0.0,0
46807,-1.194,75.586,0.0,0.0,-1.875,350.0786,0.0,0.0,11.743,0,0.0,1.715,310.005,0.5938,33.84,0.0,257.832,0.0,0
46807,-0.341,75.586,0.0,0.0,-1.875,350.0786,0.0,0.0,11.753,0,0.0,1.7,310.14000000000004,1.1629,33.96,0.0,257.832,0.0,0
46807,-0.853,75.586,0.0,0.0,-1.875,350.0786,0.0,0.0,11.768,0,-1.0,1.6600000000000001,309.915,-1.0145,34.62,0.0,257.832,0.0,0
46807,-1.0230000000000001,75.586,0.0,0.0,-1.875,350.0786,0.0,0.0,11.777000000000001,0,0.0,1.715,310.005,-0.8578,34.68,0.0,257.832,0.0,0
46807,-0.682,75.586,0.0,0.0,-1.875,350.0786,0.0,0.0,11.787,0,-1.0,1.695,310.005,-1.3196,34.47,0.0,257.832,0.0,0
46807,-0.682,75.586,0.0,0.0,-1.875,350.0786,0.0,0.0,11.797,0,0.0,1.675,310.005,0.0495,34.26,0.0,257.832,0.0,0
46807,-1.0230000000000001,75.586,0.0,0.0,-1.875,350.0786,0.0,0.0,11.807,0,-1.0,1.565,310.005,-0.767,35.28,0.0,257.832,0.0,0
46807,-0.341,75.586,0.0,0.0,-1.875,350.0786,0.0,0.0,11.816,0,0.0,1.625,310.005,0.066,35.61,0.0,257.832,0.0,0
46807,-1.0230000000000001,75.586,0.0,0.0,-1.875,350.0786,0.0,0.0,11.826,0,0.0,1.53,310.005,-0.5938,36.72,0.0,257.832,0.0,0
46807,-0.682,75.586,0.0,0.0,-1.875,350.0786,0.0,0.0,11.836,0,0.0,1.575,310.005,1.3196,37.26,0.0,257.832,0.0,0
46807,-0.512,75.586,0.0,0.0,-1.875,350.0786,0.0,0.0,11.846,0,-1.0,1.37,310.005,1.1052,36.84,0.0,257.832,0.0,0
46807,-0.853,75.586,0.0,0.0,-1.875,350.0786,0.0,0.0,11.860000000000001,0,0.0,1.2750000000000001,310.005,-3.1012,36.03,0.0,257.832,0.0,0
46807,-0.853,75.586,0.0,0.0,-1.875,350.0786,0.0,0.0,11.870000000000001,0,0.0,1.355,310.005,1.0145,35.49,0.0,257.832,0.0,0
46807,-0.682,75.586,0.0,0.0,-1.875,350.0786,0.0,0.0,11.88,0,0.0,1.175,309.915,4.9652,34.68,0.0,257.832,0.0,0
46807,-0.682,75.586,0.0,0.0,-1.875,350.0786,0.0,0.0,11.89,0,-1.0,1.2,310.005,-1.798,34.53,0.0,257.832,0.0,0
46807,-0.682,75.586,0.0,0.0,-1.875,350.0786,0.0,0.0,11.899000000000001,0,0.0,1.105,310.005,-3.1012,34.59,0.0,257.832,0.0,0
46807,-0.341,75.586,0.0,0.0,-1.875,350.0786,0.0,0.0,11.909,0,-1.0,1.11,310.005,-1.097,35.04,0.0,257.832,0.0,0
46807,-0.682,75.586,0.0,0.0,-1.875,350.0786,0.0,0.0,11.914,0,0.0,1.155,310.005,-0.132,35.01,0.0,257.832,0.0,0
46807,-0.341,75.586,0.0,0.0,-1.875,350.0786,0.0,0.0,11.924000000000001,0,0.0,1.035,310.14000000000004,0.165,35.61,0.0,257.832,0.0,0
46807,-1.194,75.586,0.0,0.0,-1.875,350.0786,0.0,0.0,11.934000000000001,0,0.0,1.12,310.005,0.5279,35.25,0.0,257.832,0.0,0
46807,-0.512,75.586,0.0,0.0,-1.875,350.0786,0.0,0.0,11.943000000000001,0,-1.0,1.045,310.005,0.2639,35.49,0.0,257.832,0.0,0
46807,-0.853,75.586,0.0,0.0,-1.875,350.0786,0.0,0.0,11.953000000000001,0,0.0,1.03,309.915,-0.9238000000000001,36.42,0.0,257.832,0.0,0
46807,-0.853,75.586,0.0,0.0,-1.875,350.0786,0.0,0.0,11.963000000000001,0,0.0,1.02,309.915,-0.7258,36.63,0.0,257.832,0.0,0
46807,-0.512,75.586,0.0,0.0,-1.875,350.0786,0.0,0.0,11.973,0,0.0,1.04,310.005,-1.5836000000000001,36.33,0.0,257.832,0.0,0
46807,-1.0230000000000001,75.586,0.0,0.0,-1.875,350.0786,0.0,0.0,11.982000000000001,0,0.0,1.05,310.005,-0.066,37.17,0.0,257.832,0.0,0
46807,-0.853,75.586,0.0,0.0,-1.875,350.0786,0.0,0.0,11.992,0,-1.0,1.105,310.005,3.8270000000000004,36.84,0.0,257.832,0.0,0
46807,-0.682,75.586,0.0,0.0,-1.875,350.0786,0.0,0.0,12.002,0,0.0,1.18,310.14000000000004,-1.1547,36.24,0.0,257.832,0.0,0
46807,-1.0230000000000001,75.586,0.0,0.0,-1.875,350.0786,0.0,0.0,12.012,0,0.0,1.24,310.005,-0.7918000000000001,35.01,0.0,257.832,0.0,0
46807,-0.853,75.586,0.0,0.0,-1.875,350.0786,0.0,0.0,12.021,0,0.0,1.28,310.005,0.7918000000000001,34.38,0.0,257.832,0.0,0
46807,-0.682,75.586,0.0,0.0,-1.875,350.0786,0.0,0.0,12.031,0,0.0,1.28,309.915,-4.3548,33.78,0.0,257.832,0.0,0
46807,-0.512,75.586,0.0,0.0,-1.875,350.0786,0.0,0.0,12.041,0,-1.0,1.4000000000000001,310.14000000000004,2.5403000000000002,34.11,0.0,257.832,0.0,0
46807,-0.682,75.586,0.0,0.0,-1.875,350.0786,0.0,0.0,12.051,0,0.0,1.445,310.005,1.3196,34.29,0.0,257.832,0.0,0
46807,-0.512,75.586,0.0,0.0,-1.875,350.0786,0.0,0.0,12.061,0,0.0,1.44,310.005,1.2537,34.83,0.0,257.832,0.0,0
46807,-0.512,75.586,0.0,0.0,-1.875,350.0786,0.0,0.0,12.07,0,-1.0,1.54,310.005,-3.6950000000000003,35.730000000000004,0.0,257.832,0.0,0
46807,-0.512,75.586,0.0,0.0,-1.875,350.0786,0.0,0.0,12.085,0,0.0,1.7,310.14000000000004,1.4846000000000001,36.87,0.0,257.832,0.0,0
46807,-0.853,75.586,0.0,0.0,-1.875,350.0786,0.0,0.0,12.095,0,0.0,1.67,310.005,2.1114,36.93,0.0,257.832,0.0,0
46807,-1.0230000000000001,75.586,0.0,0.0,-1.875,350.0786,0.0,0.0,12.104000000000001,0,0.0,1.7650000000000001,309.915,-4.1569,36.21,0.0,257.832,0.0,0
46807,-0.853,75.586,0.0,0.0,-1.875,350.0786,0.0,0.0,12.114,0,0.0,1.745,310.005,-5.5425,36.18,0.0,257.832,0.0,0
46807,-0.853,75.586,0.0,0.0,-1.875,350.0786,0.0,0.0,12.124,0,0.0,1.82,310.14000000000004,-0.3629,35.730000000000004,0.0,257.832,0.0,0
46807,-0.682,75.586,0.0,0.0,-1.875,350.0786,0.0,0.0,12.134,0,-1.0,1.945,310.005,3.2991,36.09,0.0,257.832,0.0,0
46807,-0.853,75.586,0.0,0.0,-1.875,350.0786,0.0,0.0,12.144,0,0.0,1.885,310.005,2.3754,35.19,0.0,257.832,0.0,0
46807,-0.682,75.586,0.0,0.0,-1.875,350.0786,0.0,0.0,12.153,0,0.0,1.84,310.14000000000004,0.9238000000000001,34.35,0.0,257.832,0.0,0
46807,-0.512,75.586,0.0,0.0,-1.875,350.0786,0.0,0.0,12.163,0,0.0,1.905,310.005,-1.5836000000000001,34.47,0.0,257.832,0.0,0
46807,-0.853,75.586,0.0,0.0,-1.875,350.0786,0.0,0.0,12.173,0,0.0,1.9100000000000001,310.005,-2.5073000000000003,33.96,0.0,257.832,0.0,0
46807,-0.682,75.586,0.0,0.0,-1.875,350.0786,0.0,0.0,12.183,0,0.0,1.86,310.005,-1.4846000000000001,33.75,0.0,257.832,0.0,0
46807,-0.853,75.586,0.0,0.0,-1.875,350.0786,0.0,0.0,12.183,0,0.0,1.9000000000000001,310.005,-0.6351,33.75,0.0,257.832,0.0,0
46807,-0.682,75.586,0.0,0.0,-1.875,350.0786,0.0,0.0,12.192,0,0.0,1.815,310.14000000000004,4.792,34.5,0.0,257.832,0.0,0
46807,-1.0230000000000001,75.586,0.0,0.0,-1.875,350.0786,0.0,0.0,12.207,0,0.0,1.815,310.14000000000004,4.1321,36.12,0.0,257.832,0.0,0
46807,-0.682,75.586,0.0,0.0,-1.875,350.0786,0.0,0.0,12.217,0,0.0,1.85,310.005,0.7918000000000001,37.65,0.0,257.832,0.0,0
46807,-0.341,75.586,0.0,0.0,-1.875,350.0786,0.0,0.0,12.227,0,0.0,1.86,310.005,-2.3506,37.71,0.0,257.832,0.0,0
46807,-0.682,75.586,0.0,0.0,-1.875,350.0786,0.0,0.0,12.236,0,-1.0,1.735,310.005,-1.5588000000000002,36.45,0.0,257.832,0.0,0
46807,-0.682,75.586,0.0,0.0,-1.875,350.0786,0.0,0.0,12.246,0,-1.0,1.675,309.915,-0.4454,35.85,0.0,257.832,0.0,0
46807,-0.341,75.586,0.0,0.0,-1.875,350.0786,0.0,0.0,12.256,0,0.0,1.595,309.915,-0.5773,35.160000000000004,0.0,257.832,0.0,0
46807,-0.853,75.586,0.0,0.0,-1.875,350.0786,0.0,0.0,12.266,0,0.0,1.565,310.005,-3.0104,35.160000000000004,0.0,257.832,0.0,0
46807,-0.682,75.586,0.0,0.0,-1.875,350.0786,0.0,0.0,12.275,0,-1.0,1.555,310.14000000000004,-1.2949000000000002,35.550000000000004,0.0,257.832,0.0,0
46807,-0.512,75.586,0.0,0.0,-1.875,350.0786,0.0,0.0,12.290000000000001,0,-1.0,1.475,310.005,2.7053000000000003,34.77,0.0,257.832,0.0,0
46807,-0.512,75.586,0.0,0.0,-1.875,350.0786,0.0,0.0,12.3,0,0.0,1.5050000000000001,310.005,0.3299,34.26,0.0,257.832,0.0,0
46807,-0.512,75.586,0.0,0.0,-1.875,350.0786,0.0,0.0,12.31,0,0.0,1.29,310.14000000000004,0.0907,34.05,0.0,257.832,0.0,0
46807,-0.853,75.586,0.0,0.0,-1.875,350.0786,0.0,0.0,12.319,0,0.0,1.335,310.005,0.9897,34.11,0.0,257.832,0.0,0
46807,-0.853,75.586,0.0,0.0,-1.875,350.0786,0.0,0.0,12.329,0,0.0,1.295,310.005,-0.9897,34.68,0.0,257.832,0.0,0
46807,-0.512,75.586,0.0,0.0,-1.875,350.0786,0.0,0.0,12.339,0,0.0,1.2,310.005,0.42060000000000003,36.09,0.0,257.832,0.0,0
46807,-1.0230000000000001,75.586,0.0,0.0,-1.875,350.0786,0.0,0.0,12.349,0,0.0,1.18,310.005,0.5938,36.54,0.0,257.832,0.0,0
46807,-0.853,75.586,0.0,0.0,-1.875,350.0786,0.0,0.0,12.358,0,0.0,1.2550000000000001,310.14000000000004,-0.6186,36.57,0.0,257.832,0.0,0
46807,-0.682,75.586,0.0,0.0,-1.875,350.0786,0.0,0.0,12.373000000000001,0,0.0,1.185,309.915,-0.8165,36.21,0.0,257.832,0.0,0
46807,-0.512,75.586,0.0,0.0,-1.875,350.0786,0.0,0.0,12.383000000000001,0,0.0,1.19,310.14000000000004,-0.48660000000000003,35.76,0.0,257.832,0.0,0
46807,-1.0230000000000001,75.586,0.0,0.0,-1.875,350.0786,0.0,0.0,12.393,0,-1.0,1.16,310.14000000000004,0.17320000000000002,35.730000000000004,0.0,257.832,0.0,0
46807,-0.853,75.586,0.0,0.0,-1.875,350.0786,0.0,0.0,12.402000000000001,0,0.0,1.215,310.005,1.699,35.4,0.0,257.832,0.0,0
46807,-0.682,75.586,0.0,0.0,-1.875,350.0786,0.0,0.0,12.412,0,0.0,1.1300000000000001,309.915,-3.8105,34.95,0.0,257.832,0.0,0
46807,-0.853,75.586,0.0,0.0,-1.875,350.0786,0.0,0.0,12.422,0,0.0,1.2650000000000001,310.005,-1.0310000000000001,34.89,0.0,257.832,0.0,0
46807,-0.512,75.586,0.0,0.0,-1.875,350.0786,0.0,0.0,12.432,0,-1.0,1.325,310.005,2.6393,34.17,0.0,257.832,0.0,0
46807,-0.512,75.586,0.0,0.0,-1.875,350.0786,0.0,0.0,12.441,0,0.0,1.27,310.14000000000004,-1.4929000000000001,34.2,0.0,257.832,0.0,0
46807,-1.0230000000000001,75.586,0.0,0.0,-1.875,350.0786,0.0,0.0,12.451,0,0.0,1.385,310.14000000000004,1.3609,33.72,0.0,257.832,0.0,0
46807,-0.341,75.586,0.0,0.0,-1.875,350.0786,0.0,0.0,12.461,0,-1.0,1.385,310.005,3.8930000000000002,33.93,0.0,257.832,0.0,0
46807,-0.512,75.586,0.0,0.0,-1.875,350.0786,0.0,0.0,12.461,0,0.0,1.4000000000000001,310.005,3.4311000000000003,34.05,0.0,257.832,0.0,0
46807,-0.682,75.586,0.0,0.0,-1.875,350.0786,0.0,0.0,12.471,0,0.0,1.465,310.005,-4.8827,35.31,0.0,257.832,0.0,0
46807,-0.682,75.586,0.0,0.0,-1.875,350.0786,0.0,0.0,12.485000000000001,0,0.0,1.43,310.005,-1.7485000000000002,36.12,0.0,257.832,0.0,0
46807,-0.853,75.586,0.0,0.0,-1.875,350.0786,0.0,0.0,12.495000000000001,0,0.0,1.48,310.14000000000004,4.7507,36.27,0.0,257.832,0.0,0
46807,-0.512,75.586,0.0,0.0,-1.875,350.0786,0.0,0.0,12.505,0,0.0,1.58,310.14000000000004,3.8600000000000003,35.85,0.0,257.832,0.0,0
46807,-1.0230000000000001,75.586,0.0,0.0,-1.875,350.0786,0.0,0.0,12.515,0,0.0,1.6400000000000001,310.14000000000004,2.3754,35.31,0.0,257.832,0.0,0
46807,-0.512,75.586,0.0,0.0,-1.875,350.0786,0.0,0.0,12.524000000000001,0,0.0,1.695,310.005,-3.8600000000000003,35.43,0.0,257.832,0.0,0
46807,-0.853,75.586,0.0,0.0,-1.875,350.0786,0.0,0.0,12.534,0,0.0,1.73,310.14000000000004,-2.5073000000000003,35.31,0.0,257.832,0.0,0
46807,-0.512,75.586,0.0,0.0,-1.875,350.0786,0.0,0.0,12.544,0,0.0,1.81,309.915,0.6928000000000001,35.22,0.0,257.832,0.0,0
46807,-0.512,75.586,0.0,0.0,-1.875,350.0786,0.0,0.0,12.554,0,-1.0,1.845,310.005,-0.2639,35.34,0.0,257.832,0.0,0
46807,-0.512,75.586,0.0,0.0,-1.875,350.0786,0.0,0.0,12.563,0,0.0,1.745,309.915,-5.1136,35.04,0.0,257.832,0.0,0
46807,-0.853,75.586,0.0,0.0,-1.875,350.0786,0.0,0.0,12.573,0,0.0,1.78,310.14000000000004,2.2434000000000003,33.54,0.0,257.832,0.0,0
46807,-0.682,75.586,0.0,0.0,-1.875,350.0786,0.0,0.0,12.583,0,0.0,1.8800000000000001,310.14000000000004,2.8043,33.12,0.0,257.832,0.0,0
46807,-1.0230000000000001,75.586,0.0,0.0,-1.875,350.0786,0.0,0.0,12.593,0,0.0,1.94,310.005,2.1114,33.69,0.0,257.832,0.0,0
46807,-0.512,75.586,0.0,0.0,-1.875,350.0786,0.0,0.0,12.603,0,0.0,1.8900000000000001,310.005,1.6826,34.47,0.0,257.832,0.0,0
46807,-0.512,75.586,0.0,0.0,-1.875,350.0786,0.0,0.0,12.612,0,0.0,2.0100000000000002,310.005,-2.3754,35.52,0.0,257.832,0.0,0
46807,-0.512,75.586,0.0,0.0,-1.875,350.0786,0.0,0.0,12.622,0,-1.0,1.8800000000000001,310.005,2.3754,36.24,0.0,257.832,0.0,0
46807,-0.853,75.586,0.0,0.0,-1.875,350.0786,0.0,0.0,12.632000000000001,0,0.0,1.9000000000000001,310.005,1.3196,36.75,0.0,257.832,0.0,0
46807,-1.0230000000000001,75.586,0.0,0.0,-1.875,350.0786,0.0,0.0,12.642000000000001,0,0.0,1.86,310.005,-2.6393,35.910000000000004,0.0,257.832,0.0,0
46807,-0.853,75.586,0.0,0.0,-1.875,350.0786,0.0,0.0,12.656,0,0.0,1.85,310.005,0.6598,34.95,0.0,257.832,0.0,0
46807,-0.512,75.586,0.0,0.0,-1.875,350.0786,0.0,0.0,12.666,0,0.0,1.885,309.915,-2.5733,34.26,0.0,257.832,0.0,0
46807,-0.853,75.586,0.0,0.0,-1.875,350.0786,0.0,0.0,12.676,0,0.0,1.86,310.005,-1.0557,33.36,0.0,257.832,0.0,0
46807,-0.853,75.586,0.0,0.0,-1.875,350.0786,0.0,0.0,12.676,0,0.0,1.815,310.14000000000004,-0.0247,33.3,0.0,257.832,0.0,0
46807,-0.682,75.586,0.0,0.0,-1.875,350.0786,0.0,0.0,12.686,0,0.0,1.7550000000000001,310.005,3.2331000000000003,33.45,0.0,257.832,0.0,0
46807,-1.0230000000000001,75.586,0.0,0.0,-1.875,350.0786,0.0,0.0,12.695,0,0.0,1.71,310.14000000000004,-0.1072,33.57,0.0,257.832,0.0,0
46807,-0.682,75.586,0.0,0.0,-1.875,350.0786,0.0,0.0,12.705,0,0.0,1.665,309.915,-3.0187,34.08,0.0,257.832,0.0,0
46807,-0.682,75.586,0.0,0.0,-1.875,350.0786,0.0,0.0,12.72,0,0.0,1.565,310.005,-3.2331000000000003,35.07,0.0,257.832,0.0,0
46807,-0.512,75.586,0.0,0.0,-1.875,350.0786,0.0,0.0,12.729000000000001,0,0.0,1.5150000000000001,310.005,-3.1177,35.31,0.0,257.832,0.0,0
46807,-0.682,75.586,0.0,0.0,-1.875,350.0786,0.0,0.0,12.739,0,0.0,1.5250000000000001,310.14000000000004,3.2579000000000002,35.910000000000004,0.0,257.832,0.0,0
46807,-0.512,75.586,0.0,0.0,-1.875,350.0786,0.0,0.0,12.764000000000001,0,0.0,4.5200000000000005,310.14000000000004,3.9177000000000004,36.0,0.0,257.832,0.0,0
46807,-0.682,75.586,0.0,0.0,-1.875,350.0786,0.0,0.0,12.881,0,0.0,7.365,309.915,5.559,36.33,0.0,257.832,0.0,0
46807,-0.341,75.586,0.0,0.0,-1.875,350.0786,0.0,0.0,13.164000000000001,0,0.0,8.52,310.005,-2.9032,36.42,0.0,257.832,0.0,0
46807,-0.512,75.586,0.0,0.0,-1.875,350.0786,0.0,0.0,13.628,0,0.0,8.585,310.005,-7.0354,36.15,0.0,257.832,0.0,0
46807,-0.512,75.586,0.0,0.0,-1.875,350.0786,0.0,0.0,14.263,0,0.0,8.855,310.005,0.5526,35.61,0.0,257.832,0.0,0
46807,-0.682,75.586,0.0,0.0,-1.875,350.0786,0.0,0.0,15.078000000000001,0,0.0,8.36,310.005,0.9238000000000001,36.03,0.0,257.832,0.0,0
46807,-0.341,75.586,0.0,0.0,-1.875,350.0786,0.0,0.0,16.03,0,-1.0,5.625,309.915,-0.9238000000000001,35.28,0.0,257.832,0.0,0
46807,-0.512,75.586,0.0,0.0,-1.875,350.0786,0.0,0.0,17.041,0,0.0,3.735,310.005,-2.3754,35.04,0.0,257.832,0.0,0
46807,-0.682,75.586,0.0,0.0,-1.875,350.0786,0.0,0.0,18.042,0,0.0,2.99,310.005,0.2639,34.89,0.0,257.832,0.0,0
46807,-0.682,75.586,0.0,0.0,-1.875,350.0786,0.0,0.0,19.043,0,0.0,4.115,310.14000000000004,0.2227,34.26,0.0,257.832,0.0,0
46807,-1.0230000000000001,75.586,0.0,0.0,-1.875,350.0786,0.0,0.0,20.044,0,0.0,4.2,310.005,1.6331,34.26,0.0,257.832,0.0,0
46807,-0.682,75.586,0.0,0.0,-1.875,350.0786,0.0,0.0,21.040000000000003,0,0.0,3.145,310.14000000000004,2.5486,34.62,0.0,257.832,0.0,0
46807,-0.512,75.586,0.0,0.0,-1.875,350.0786,0.0,0.0,22.046,0,0.0,4.325,310.005,-2.1279,35.34,0.0,257.832,0.0,0
46807,-0.512,75.586,0.0,0.0,-1.875,350.0786,0.0,0.0,23.042,0,-1.0,3.365,310.005,0.6598,36.03,0.0,257.832,0.0,0
46807,-0.682,75.586,0.0,0.0,-1.875,350.0786,0.0,0.0,24.043000000000003,0,0.0,4.14,309.915,0.0825,36.21,0.0,257.832,0.0,0
46807,-0.341,75.586,0.0,0.0,-1.875,350.0786,0.0,0.0,25.044,0,0.0,3.315,310.005,-0.39590000000000003,36.12,0.0,257.832,0.0,0
46807,-0.341,75.586,0.0,0.0,-1.875,350.0786,0.0,0.0,26.045,0,0.0,3.555,310.005,-3.3404000000000003,35.910000000000004,0.0,257.832,0.0,0
46807,-0.512,75.586,0.0,0.0,-1.875,350.0786,0.0,0.0,27.046000000000003,0,0.0,3.3200000000000003,310.14000000000004,2.0702000000000003,35.910000000000004,0.0,257.832,0.0,0
46807,-0.682,75.586,0.0,0.0,-1.875,350.0786,0.0,0.0,27.144000000000002,0,0.0,2.93,310.14000000000004,2.4743,35.82,0.0,257.832,0.0,0
46807,-1.5350000000000001,75.586,0.0,0.0,-1.875,350.0786,0.0,0.0,28.145,0,0.0,3.81,309.915,-0.6598,35.85,0.0,257.832,0.0,0
46807,-0.512,75.586,0.0,0.0,-1.875,350.0786,0.0,0.0,29.146,0,-1.0,3.785,310.005,2.6393,34.86,0.0,257.832,0.0,0
46807,-0.853,75.586,0.0,0.0,-1.875,350.0786,0.0,0.0,30.146,0,-1.0,2.685,309.915,-0.5279,34.71,0.0,257.832,0.0,0
46807,-0.341,75.586,0.0,0.0,-1.875,350.0786,0.0,0.0,31.147000000000002,0,0.0,4.315,310.14000000000004,0.3629,34.230000000000004,0.0,257.832,0.0,0
46807,-1.705,75.586,0.0,0.0,-1.875,350.0786,0.0,0.0,32.148,0,0.0,2.985,310.005,-0.9238000000000001,34.38,0.0,257.832,0.0,0
46807,-0.512,75.586,0.0,0.0,-1.875,350.0786,0.0,0.0,33.145,0,0.0,4.23,310.005,0.9897,34.32,0.0,257.832,0.0,0
46807,-1.364,75.586,0.0,0.0,-1.875,350.0786,0.0,0.0,34.146,0,0.0,4.005,310.14000000000004,0.39590000000000003,34.68,0.0,257.832,0.0,0
46807,-0.512,75.586,0.0,0.0,-1.875,350.0786,0.0,0.0,35.146,0,0.0,2.795,310.005,-0.7918000000000001,35.46,0.0,257.832,0.0,0
46807,-1.5350000000000001,75.586,0.0,0.0,-1.875,350.0786,0.0,0.0,36.147,0,0.0,4.285,310.005,-1.8475000000000001,36.45,0.0,257.832,0.0,0
46807,-0.682,75.586,0.0,0.0,-1.875,350.0786,0.0,0.0,37.148,0,0.0,2.6,310.005,1.1547,36.93,0.0,257.832,0.0,0
46807,-1.5350000000000001,75.586,0.0,0.0,-1.875,350.0786,0.0,0.0,38.145,0,0.0,3.6550000000000002,310.005,3.2991,36.33,0.0,257.832,0.0,0
46807,-0.512,75.586,0.0,0.0,-1.875,350.0786,0.0,0.0,39.146,0,0.0,3.895,310.005,-3.9589000000000003,35.37,0.0,257.832,0.0,0
46807,-2.0460000000000003,75.586,0.0,0.0,-1.875,350.0786,0.0,0.0,40.146,0,0.0,2.615,310.005,-1.9795,35.4,0.0,257.832,0.0,0
46807,-0.853,75.586,0.0,0.0,-1.875,350.0786,0.0,0.0,41.147,0,0.0,4.58,310.005,3.9589000000000003,35.1,0.0,257.832,0.0,0
46807,-2.217,75.586,0.0,0.0,-1.875,350.0786,0.0,0.0,42.148,0,0.0,3.0500000000000003,310.005,0.0,34.89,0.0,257.832,0.0,0
46807,-0.512,75.586,0.0,0.0,-1.875,350.0786,0.0,0.0,43.145,0,0.0,4.325,309.915,-4.9487000000000005,35.43,0.0,257.832,0.0,0
46807,-2.728,75.586,0.0,0.0,-1.875,350.0786,0.0,0.0,44.146,0,-1.0,4.3100000000000005,310.005,1.1877,35.07,0.0,257.832,0.0,0
46807,-0.512,75.586,0.0,0.0,-1.875,350.0786,0.0,0.0,45.146,0,0.0,3.15,310.23,3.0022,34.44,0.0,257.832,0.0,0
46807,-1.8760000000000001,75.586,0.0,0.0,-1.875,350.0786,0.0,0.0,46.147000000000006,0,-1.0,4.41,310.005,1.8475000000000001,34.14,0.0,257.832,0.0,0
46807,0.0,75.586,0.0,0.0,-1.875,350.0786,0.0,0.0,47.148,0,-1.0,2.865,310.005,-1.3196,34.17,0.0,257.832,0.0,0
46807,-3.0700000000000003,75.586,0.0,0.0,-1.875,350.0786,0.0,0.0,48.149,0,0.0,3.52,310.005,-4.6188,35.22,0.0,257.832,0.0,0
46807,0.682,75.586,0.0,0.0,-1.875,350.0786,0.0,0.0,48.247,0,0.0,3.6550000000000002,310.005,-3.5878,35.37,0.0,257.832,0.0,0
46807,0.171,75.586,0.0,0.0,-1.875,350.0786,0.0,0.0,49.248000000000005,0,0.0,2.915,310.005,-1.4516,36.93,0.0,257.832,0.0,0
46807,0.0,75.586,0.0,0.0,-1.875,350.0786,0.0,0.0,50.249,0,-1.0,3.985,310.005,-1.3196,37.26,0.0,257.832,0.0,0
46807,-0.171,75.586,0.0,0.0,-1.875,350.0786,0.0,0.0,51.25,0,0.0,3.665,310.14000000000004,0.5691,36.480000000000004,0.0,257.832,0.0,0
46807,0.171,75.586,0.0,0.0,-1.875,350.0786,0.0,0.2,52.251000000000005,0,0.0,3.5300000000000002,310.005,0.46190000000000003,35.910000000000004,0.0,257.832,0.0,0
46807,0.682,75.586,0.0,0.0,-1.875,350.0786,0.0,0.0,53.247,0,0.0,4.695,310.005,-0.46190000000000003,35.1,0.0,257.832,0.0,0
46807,0.171,75.586,0.0,0.0,-1.875,350.0786,0.0,-0.2,54.248000000000005,0,-1.0,2.73,310.005,-1.3609,35.88,0.0,257.832,0.0,0
46807,-0.171,75.586,0.0,0.0,-1.875,350.0786,0.0,0.0,55.249,0,0.0,4.28,309.915,0.2639,36.480000000000004,0.0,257.832,0.0,0
46807,1.0230000000000001,75.586,0.0,0.0,-1.875,350.0786,0.0,0.0,56.25,0,0.0,3.3850000000000002,310.005,-0.6598,36.09,0.0,257.832,0.0,0
46807,1.364,75.586,0.0,0.0,-1.875,350.0786,0.0,0.0,57.251000000000005,0,0.0,3.22,310.005,0.6598,35.13,0.0,257.832,0.0,0
46807,0.171,75.586,0.0,0.0,-1.875,350.0786,0.0,0.0,58.252,0,-1.0,3.92,310.005,1.4351,34.59,0.0,257.832,0.0,0
46807,0.0,75.586,0.0,0.0,-1.875,350.0786,0.0,0.0,59.253,0,-1.0,2.9050000000000002,310.005,2.1774,33.54,0.0,257.832,0.0,0
46807,1.5350000000000001,75.586,0.0,0.0,-1.875,350.0786,0.0,0.0,60.249,0,0.0,4.51,310.005,0.19790000000000002,34.11,0.0,257.832,0.0,0
46807,1.5350000000000001,75.586,0.0,0.0,-1.875,350.0786,0.0,0.0,61.25,0,0.0,3.6550000000000002,310.14000000000004,0.37120000000000003,35.58,0.0,257.832,0.0,0
46807,0.682,75.586,0.0,0.0,-1.875,350.0786,0.0,0.0,62.251000000000005,0,0.0,3.705,310.005,-0.19790000000000002,36.99,0.0,257.832,0.0,0
46807,-0.171,75.586,0.0,0.0,-1.875,350.0786,0.0,0.0,63.252,0,0.0,4.64,310.14000000000004,1.2949000000000002,36.9,0.0,257.832,0.0,0
46807,1.364,75.586,0.0,0.0,-1.875,350.0786,0.0,0.0,64.248,0,0.0,2.83,309.915,-1.4104,36.54,0.0,257.832,0.0,0
46807,1.194,75.586,0.0,0.0,-1.875,350.0786,0.0,0.0,65.24900000000001,0,-1.0,4.5600000000000005,309.915,-1.0392000000000001,36.12,0.0,257.832,0.0,0
46807,0.682,75.586,0.0,0.0,-1.875,350.0786,0.0,0.0,66.25,0,-1.0,3.995,309.915,-1.2784,35.31,0.0,257.832,0.0,0
46807,0.0,75.586,0.0,0.0,-1.875,350.0786,0.0,0.0,67.236,0,0.0,-0.9400000000000001,310.005,-1.7815,35.31,0.0,257.832,0.0,0
46807,1.8760000000000001,75.586,0.0,0.0,-1.875,350.0786,0.0,0.0,68.052,0,0.0,-6.83,309.915,1.1877,35.550000000000004,0.0,257.832,0.0,0
46807,1.364,75.586,0.0,0.0,-1.875,350.0786,0.0,0.0,68.535,0,-1.0,-8.14,310.005,1.9795,35.25,0.0,257.832,0.0,0
46807,0.512,75.586,0.0,0.0,-1.875,350.0786,0.0,0.0,68.711,0,-1.0,-4.36,309.915,-0.1155,34.08,0.0,257.832,0.0,0
46807,0.341,75.586,0.0,0.0,-1.875,350.0786,0.0,0.0,68.73,0,0.0,0.715,310.14000000000004,2.9445,33.45,0.0,257.832,0.0,0
46807,2.217,75.586,0.0,0.0,-1.875,350.0786,0.0,0.0,68.735,0,0.0,0.34,310.005,1.3856000000000002,33.69,0.0,257.832,0.0,0
46807,1.5350000000000001,75.586,0.0,0.0,-1.875,350.0786,0.0,0.0,68.73,0,-1.0,0.28500000000000003,309.915,-0.7093,34.11,0.0,257.832,0.0,0
46807,0.682,75.586,0.0,0.0,-1.875,350.0786,0.0,0.0,68.73,0,0.0,-0.135,310.005,-0.23920000000000002,35.37,0.0,257.832,0.0,0
46807,0.0,75.586,0.0,0.0,-1.875,350.0786,0.0,0.0,68.70100000000001,0,0.0,-4.625,310.005,1.2537,36.78,0.0,257.832,0.0,0
46807,1.8760000000000001,75.586,0.0,0.0,-1.875,350.0786,0.0,0.0,68.545,0,0.0,-7.965,309.915,0.9238000000000001,36.87,0.0,257.832,0.0,0
46807,0.0,75.586,0.0,0.0,-1.875,350.0786,0.0,0.0,68.203,0,0.0,-8.44,309.915,-0.2227,36.15,0.0,257.832,0.0,0
46807,0.682,75.586,0.0,0.0,-1.875,350.0786,0.0,0.0,67.666,0,0.0,-8.790000000000001,309.915,-0.5114000000000001,35.88,0.0,257.832,0.0,0
46807,-0.341,75.586,0.0,0.0,-1.875,350.0786,0.0,0.0,66.953,0,0.0,-8.525,310.005,-1.097,35.52,0.0,257.832,0.0,0
46807,0.0,75.586,0.0,0.0,-1.875,350.0786,0.0,0.0,66.074,0,0.0,-7.66,310.14000000000004,2.5981,34.71,0.0,257.832,0.0,0
46807,-0.512,75.586,0.0,0.0,-1.875,350.0786,0.0,-0.2,65.083,0,-1.0,-4.1850000000000005,309.915,1.6661000000000001,34.38,0.0,257.832,0.0,0
46807,-1.0230000000000001,75.586,0.0,0.0,-1.875,350.0786,0.0,-0.2,64.98,0,-1.0,-3.5500000000000003,309.915,1.1877,34.410000000000004,0.0,257.832,0.0,0
46807,-0.171,75.586,0.0,0.0,-1.875,350.0786,0.0,0.0,63.975,0,0.0,-3.645,310.14000000000004,0.165,34.32,0.0,257.832,0.0,0
46807,-1.705,75.586,0.0,0.0,-1.875,350.0786,0.0,0.0,62.974000000000004,0,0.0,-3.5,310.14000000000004,0.6598,34.59,0.0,257.832,0.0,0
46807,-0.682,75.586,0.0,0.0,-1.875,350.0786,0.0,0.0,61.973000000000006,0,0.0,-3.25,310.14000000000004,0.8908,34.59,0.0,257.832,0.0,0
46807,-0.341,75.586,0.0,0.0,-1.875,350.0786,0.0,-0.2,60.972,0,-1.0,-3.7800000000000002,310.005,-3.0352,34.2,0.0,257.832,0.0,0
46807,-0.853,75.586,0.0,0.0,-1.875,350.0786,0.0,0.0,59.971000000000004,0,0.0,-3.06,309.915,-0.6268,33.72,0.0,257.832,0.0,0
46807,-0.682,75.586,0.0,0.0,-1.875,350.0786,0.0,0.0,58.975,0,-1.0,-3.81,309.915,-5.806500000000001,34.26,0.0,257.832,0.0,0
46807,-0.682,75.586,0.0,0.0,-1.875,350.0786,0.0,0.0,57.974000000000004,0,0.0,-3.89,309.915,-3.3651,35.97,0.0,257.832,0.0,0
46807,-0.512,75.586,0.0,0.0,-1.875,350.0786,0.0,0.0,56.973000000000006,0,0.0,-3.805,309.915,2.6393,36.54,0.0,257.832,0.0,0
46807,-0.853,75.586,0.0,0.0,-1.875,350.0786,0.0,0.2,55.972,0,0.0,-3.835,310.005,-1.9135000000000002,36.39,0.0,257.832,0.0,0
46807,-0.682,75.586,0.0,0.0,-1.875,350.0786,0.0,0.0,54.971000000000004,0,0.0,-3.79,310.005,0.39590000000000003,36.39,0.0,257.832,0.0,0
46807,-0.512,75.586,0.0,0.0,-1.875,350.0786,0.0,0.0,53.975,0,0.0,-3.395,310.005,0.9897,35.94,0.0,257.832,0.0,0
46807,-0.682,75.586,0.0,0.0,-1.875,350.0786,0.0,0.0,52.969,0,0.0,-4.105,310.005,-1.0557,34.47,0.0,257.832,0.0,0
46807,-0.341,75.586,0.0,0.0,-1.875,350.0786,0.0,0.0,51.968,0,0.0,-2.98,310.005,0.5279,33.81,0.0,257.832,0.0,0
46807,-0.682,75.586,0.0,0.0,-1.875,350.0786,0.0,0.0,50.972,0,0.0,-3.115,310.005,1.5836000000000001,34.05,0.0,257.832,0.0,0
46807,-0.512,75.586,0.0,0.0,-1.875,350.0786,0.0,0.0,49.971000000000004,0,-1.0,-3.845,310.005,0.5279,34.77,0.0,257.832,0.0,0
46807,-0.341,75.586,0.0,0.0,-1.875,350.0786,0.0,0.0,48.97,0,0.0,-3.415,310.005,0.2639,34.35,0.0,257.832,0.0,0
46807,-0.853,75.586,0.0,0.0,-1.875,350.0786,0.0,0.0,47.969,0,0.0,-3.92,310.005,1.5836000000000001,34.44,0.0,257.832,0.0,0
46807,-0.682,75.586,0.0,0.0,-1.875,350.0786,0.0,0.0,46.973,0,0.0,-3.14,309.915,0.132,34.32,0.0,257.832,0.0,0
46807,-0.341,75.586,0.0,0.0,-1.875,350.0786,0.0,0.0,45.972,0,0.0,-4.09,310.005,1.8475000000000001,34.17,0.0,257.832,0.0,0
46807,-0.341,75.586,0.0,0.0,-1.875,350.0786,0.0,0.0,44.971000000000004,0,-1.0,-3.38,309.915,-2.6393,34.71,0.0,257.832,0.0,0
46807,-0.682,75.586,0.0,0.0,-1.875,350.0786,0.0,0.0,43.97,0,0.0,-3.375,310.005,0.46190000000000003,35.28,0.0,257.832,0.0,0
46807,-0.512,75.586,0.0,0.0,-1.875,350.0786,0.0,0.0,42.969,0,0.0,-3.485,310.005,0.39590000000000003,35.85,0.0,257.832,0.0,0
46807,-0.512,75.586,0.0,0.0,-1.875,350.0786,0.0,0.0,41.968,0,0.0,-2.73,310.23,1.0887,35.4,0.0,257.832,0.0,0
46807,-0.512,75.586,0.0,0.0,-1.875,350.0786,0.0,0.0,40.967,0,0.0,-3.36,310.005,1.3196,35.82,0.0,257.832,0.0,0
46807,-0.853,75.586,0.0,0.0,-1.875,350.0786,0.0,0.0,39.966,0,-1.0,-3.45,310.005,-2.6393,35.52,0.0,257.832,0.0,0
46807,-0.341,75.586,0.0,0.0,-1.875,350.0786,0.0,0.0,38.97,0,0.0,-3.25,310.005,-4.6188,34.980000000000004,0.0,257.832,0.0,0
46807,-0.682,75.586,0.0,0.0,-1.875,350.0786,0.0,0.0,37.969,0,0.0,-3.77,310.14000000000004,1.4846000000000001,34.230000000000004,0.0,257.832,0.0,0
46807,-0.341,75.586,0.0,0.0,-1.875,350.0786,0.0,0.0,36.968,0,0.0,-3.225,310.005,1.1877,33.9,0.0,257.832,0.0,0
46807,-0.682,75.586,0.0,0.0,-1.875,350.0786,0.0,0.0,35.967,0,-1.0,-3.81,310.005,0.7918000000000001,33.15,0.0,257.832,0.0,0
46807,-0.512,75.586,0.0,0.0,-1.875,350.0786,0.0,0.0,34.966,0,0.0,-3.58,309.915,-3.0352,33.39,0.0,257.832,0.0,0
46807,-0.853,75.586,0.0,0.0,-1.875,350.0786,0.0,0.0,34.868,0,-1.0,-2.8000000000000003,310.14000000000004,-1.9135000000000002,33.36,0.0,257.832,0.0,0
46807,-0.682,75.586,0.0,0.0,-1.875,350.0786,0.0,0.0,33.867000000000004,0,0.0,-3.785,310.005,-1.7815,33.21,0.0,257.832,0.0,0
46807,-0.341,75.586,0.0,0.0,-1.875,350.0786,0.0,0.0,32.866,0,0.0,-3.4450000000000003,309.915,-2.3589,34.26,0.0,257.832,0.0,0
46807,-0.853,75.586,0.0,0.0,-1.875,350.0786,0.0,0.0,31.865000000000002,0,0.0,-2.865,309.915,-2.2434000000000003,35.07,0.0,257.832,0.0,0
46807,-0.341,75.586,0.0,0.0,-1.875,350.0786,0.0,0.0,30.864,0,-1.0,-3.795,309.915,-1.7650000000000001,35.52,0.0,257.832,0.0,0
46807,-0.341,75.586,0.0,0.0,-1.875,350.0786,0.0,0.0,29.868000000000002,0,0.0,-2.705,310.005,-0.19790000000000002,34.95,0.0,257.832,0.0,0
46807,-0.512,75.586,0.0,0.0,-1.875,350.0786,0.0,0.0,28.867,0,0.0,-3.98,310.14000000000004,5.8312,34.800000000000004,0.0,257.832,0.0,0
46807,-0.853,75.586,0.0,0.0,-1.875,350.0786,0.0,0.0,27.866,0,-1.0,-3.4,310.005,2.9032,34.65,0.0,257.832,0.0,0
46807,-0.512,75.586,0.0,0.0,-1.875,350.0786,0.0,0.0,26.865000000000002,0,0.0,-3.185,310.005,-1.3856000000000002,34.65,0.0,257.832,0.0,0
46807,-0.682,75.586,0.0,0.0,-1.875,350.0786,0.0,0.0,25.869,0,0.0,-4.315,310.14000000000004,2.4826,34.65,0.0,257.832,0.0,0
46807,-0.512,75.586,0.0,0.0,-1.875,350.0786,0.0,0.0,24.868000000000002,0,-1.0,-2.765,310.005,1.2537,34.59,0.0,257.832,0.0,0
46807,-0.853,75.586,0.0,0.0,-1.875,350.0786,0.0,0.0,23.867,0,-1.0,-4.19,310.005,-3.5383,33.24,0.0,257.832,0.0,0
46807,-0.853,75.586,0.0,0.0,-1.875,350.0786,0.0,0.0,22.866,0,0.0,-2.9250000000000003,310.005,-3.3404000000000003,32.4,0.0,257.832,0.0,0
46807,-0.853,75.586,0.0,0.0,-1.875,350.0786,0.0,0.0,22.764,0,-1.0,-3.085,310.005,-2.5403000000000002,32.43,0.0,257.832,0.0,0
46807,-0.341,75.586,0.0,0.0,-1.875,350.0786,0.0,0.0,21.763,0,-1.0,-3.9050000000000002,310.005,0.2639,32.49,0.0,257.832,0.0,0
46807,-0.853,75.586,0.0,0.0,-1.875,350.0786,0.0,0.0,20.767,0,0.0,-2.6,310.005,3.1672000000000002,32.88,0.0,257.832,0.0,0
46807,-0.853,75.586,0.0,0.0,-1.875,350.0786,0.0,0.0,19.766000000000002,0,0.0,-3.64,310.005,1.5836000000000001,33.84,0.0,257.832,0.0,0
46807,-0.682,75.586,0.0,0.0,-1.875,350.0786,0.0,0.0,18.765,0,0.0,-3.6550000000000002,310.005,-3.4311000000000003,35.04,0.0,257.832,0.0,0
46807,-0.341,75.586,0.0,0.0,-1.875,350.0786,0.0,0.0,17.827,0,0.0,6.155,310.005,-3.0352,35.46,0.0,257.832,0.0,0
46807,-0.512,75.586,0.0,0.0,-1.875,350.0786,0.0,0.0,17.153000000000002,0,0.0,8.040000000000001,310.005,0.0,35.46,0.0,257.832,0.0,0
46807,-0.853,75.586,0.0,0.0,-1.875,350.0786,0.0,0.0,16.826,0,0.0,6.785,310.005,1.0557,35.76,0.0,257.832,0.0,0
46807,-0.512,75.586,0.0,0.0,-1.875,350.0786,0.0,0.0,16.748,0,0.0,0.79,310.005,1.0557,34.980000000000004,0.0,257.832,0.0,0
46807,-0.682,75.586,0.0,0.0,-1.875,350.0786,0.0,0.0,16.738,0,0.0,-0.16,310.14000000000004,2.7713,34.62,0.0,257.832,0.0,0
46807,-0.682,75.586,0.0,0.0,-1.875,350.0786,0.0,0.0,16.743000000000002,0,0.0,-0.37,310.005,0.7918000000000001,34.77,0.0,257.832,0.0,0
46807,-0.512,75.586,0.0,0.0,-1.875,350.0786,0.0,0.0,16.743000000000002,0,0.0,-0.135,310.005,-1.1877,35.46,0.0,257.832,0.0,0
46807,-0.853,75.586,0.0,0.0,-1.875,350.0786,0.0,0.0,16.743000000000002,0,-1.0,-0.095,310.005,-1.4846000000000001,34.86,0.0,257.832,0.0,0
46807,-0.341,75.586,0.0,0.0,-1.875,350.0786,0.0,0.0,16.743000000000002,0,0.0,-0.13,310.005,1.9795,33.3,0.0,257.832,0.0,0
46807,-0.341,75.586,0.0,0.0,-1.875,350.0786,0.0,0.0,16.743000000000002,0,0.0,-0.02,310.005,1.5836000000000001,33.24,0.0,257.832,0.0,0
46807,-0.682,75.586,0.0,0.0,-1.875,350.0786,0.0,0.0,16.763,0,-1.0,3.995,310.005,-2.3754,33.78,0.0,257.832,0.0,0
46807,-0.341,75.586,0.0,0.0,-1.875,350.0786,0.0,0.0,16.89,0,-1.0,6.455,310.005,-2.3754,34.74,0.0,257.832,0.0,0
46807,-0.341,75.586,0.0,0.0,-1.875,350.0786,0.0,0.0,17.192,0,0.0,8.290000000000001,310.005,-1.3196,35.31,0.0,257.832,0.0,0
46807,-0.341,75.586,0.0,0.0,-1.875,350.0786,0.0,0.0,17.69,0,0.0,8.64,310.005,3.9589000000000003,36.12,0.0,257.832,0.0,0
46807,-0.682,75.586,0.0,0.0,-1.875,350.0786,0.0,0.0,18.384,0,-1.0,8.415000000000001,310.005,1.3196,35.730000000000004,0.0,257.832,0.0,0
46807,-0.682,75.586,0.0,0.0,-1.875,350.0786,0.0,0.0,19.253,0,-1.0,6.9750000000000005,310.14000000000004,-3.5301,36.21,0.0,257.832,0.0,0
46807,-0.682,75.586,0.0,0.0,-1.875,350.0786,0.0,0.0,20.239,0,0.0,4.83,310.14000000000004,4.2229,35.04,0.0,257.832,0.0,0
46807,-0.682,75.586,0.0,0.0,-1.875,350.0786,0.0,0.0,20.337,0,0.0,4.73,310.005,3.9589000000000003,34.980000000000004,0.0,257.832,0.0,0
46807,-0.341,75.586,0.0,0.0,-1.875,350.0786,0.0,0.0,21.348000000000003,0,0.0,2.64,309.915,-1.5671000000000002,34.38,0.0,257.832,0.0,0
46807,-0.682,75.586,0.0,0.0,-1.875,350.0786,0.0,0.0,22.349,0,0.0,3.915,310.005,-4.3301,34.65,0.0,257.832,0.0,0
46807,-1.0230000000000001,75.586,0.0,0.0,-1.875,350.0786,0.0,0.0,23.35,0,-1.0,3.77,310.005,-0.37120000000000003,34.56,0.0,257.832,0.0,0
46807,-0.171,75.586,0.0,0.0,-1.875,350.0786,0.0,0.0,24.351000000000003,0,-1.0,3.6950000000000003,310.14000000000004,2.0702000000000003,34.53,0.0,257.832,0.0,0
46807,-0.512,75.586,0.0,0.0,-1.875,350.0786,0.0,0.0,25.352,0,0.0,3.6,310.14000000000004,4.726,34.29,0.0,257.832,0.0,0
46807,-1.0230000000000001,75.586,0.0,0.0,-1.875,350.0786,0.0,0.0,26.353,0,-1.0,3.13,310.14000000000004,3.7363000000000004,34.2,0.0,257.832,0.0,0
46807,-1.0230000000000001,75.586,0.0,0.0,-1.875,350.0786,0.0,0.0,27.354000000000003,0,0.0,3.62,310.14000000000004,-0.8825000000000001,33.87,0.0,257.832,0.0,0
46807,-0.512,75.586,0.0,0.0,-1.875,350.0786,0.0,0.0,28.35,0,0.0,3.23,310.005,-6.705500000000001,33.93,0.0,257.832,0.0,0
46807,-0.682,75.586,0.0,0.0,-1.875,350.0786,0.0,0.0,29.351000000000003,0,0.0,3.2800000000000002,310.005,-3.9342,34.62,0.0,257.832,0.0,0
46807,-0.682,75.586,0.0,0.0,-1.875,350.0786,0.0,0.0,30.352,0,-2.0,3.83,310.14000000000004,0.46190000000000003,36.0,0.0,257.832,0.0,0
46807,-0.682,75.586,0.0,0.0,-1.875,350.0786,0.0,0.0,31.353,0,0.0,2.9050000000000002,310.005,2.4084000000000003,36.54,0.0,257.832,0.0,0
46807,-0.512,75.586,0.0,0.0,-1.875,350.0786,0.0,0.0,32.354,0,0.0,4.155,310.005,1.1877,36.09,0.0,257.832,0.0,0
46807,-0.512,75.586,0.0,0.0,-1.875,350.0786,0.0,0.0,33.35,0,-1.0,3.145,310.005,-0.5938,35.94,0.0,257.832,0.0,0
46807,-0.341,75.586,0.0,0.0,-1.875,350.0786,0.0,0.0,34.351,0,-1.0,3.485,310.005,-1.9795,34.92,0.0,257.832,0.0,0
46807,-0.512,75.586,0.0,0.0,-1.875,350.0786,0.0,0.0,35.352000000000004,0,0.0,3.61,310.005,-1.7815,34.26,0.0,257.832,0.0,0
46807,-0.682,75.586,0.0,0.0,-1.875,350.0786,0.0,0.0,36.353,0,0.0,3.08,310.005,0.0,34.74,0.0,257.832,0.0,0
46807,-0.853,75.586,0.0,0.0,-1.875,350.0786,0.0,0.0,37.354,0,-1.0,4.095,310.005,0.0,34.5,0.0,257.832,0.0,0
46807,-0.341,75.586,0.0,0.0,-1.875,350.0786,0.0,0.0,38.354,0,0.0,2.695,309.915,-1.699,34.83,0.0,257.832,0.0,0
46807,-0.341,75.586,0.0,0.0,-1.875,350.0786,0.0,0.0,39.355000000000004,0,0.0,3.7,310.14000000000004,1.3609,34.89,0.0,257.832,0.0,0
46807,-0.682,75.586,0.0,0.0,-1.875,350.0786,0.0,0.0,40.352000000000004,0,0.0,4.04,310.005,1.1217000000000001,34.74,0.0,257.832,0.0,0
46807,-0.512,75.586,0.0,0.0,-1.875,350.0786,0.0,0.0,41.353,0,0.0,2.84,310.005,2.5073000000000003,34.32,0.0,257.832,0.0,0
46807,-0.512,75.586,0.0,0.0,-1.875,350.0786,0.0,0.0,42.354,0,0.0,4.315,310.005,-2.2187,34.83,0.0,257.832,0.0,0
46807,-0.853,75.586,0.0,0.0,-1.875,350.0786,0.0,0.0,43.35,0,0.0,3.2,309.915,-2.5733,35.49,0.0,257.832,0.0,0
46807,-0.341,75.586,0.0,0.0,-1.875,350.0786,0.0,0.0,44.355000000000004,0,0.0,4.365,310.005,3.3651,36.0,0.0,257.832,0.0,0
46807,-0.853,75.586,0.0,0.0,-1.875,350.0786,0.0,0.0,44.453,0,0.0,3.77,310.005,3.4311000000000003,36.12,0.0,257.832,0.0,0
46807,-0.512,75.586,0.0,0.0,-1.875,350.0786,0.0,0.0,45.454,0,0.0,4.095,310.14000000000004,5.938400000000001,36.660000000000004,0.0,257.832,0.0,0
46807,-0.512,75.586,0.0,0.0,-1.875,350.0786,0.0,0.0,46.455000000000005,0,-1.0,3.5100000000000002,310.005,0.19790000000000002,36.0,0.0,257.832,0.0,0
46807,-0.853,75.586,0.0,0.0,-1.875,350.0786,0.0,0.0,47.456,0,0.0,3.72,310.14000000000004,1.5836000000000001,35.25,0.0,257.832,0.0,0
46807,-0.682,75.586,0.0,0.0,-1.875,350.0786,0.0,0.0,48.452000000000005,0,0.0,3.395,310.14000000000004,-0.2639,35.31,0.0,257.832,0.0,0
46807,-0.853,75.586,0.0,0.0,-1.875,350.0786,0.0,0.0,49.458000000000006,0,0.0,3.5500000000000003,310.005,-1.7155,35.13,0.0,257.832,0.0,0
46807,-0.682,75.586,0.0,0.0,-1.875,350.0786,0.0,0.0,50.454,0,0.0,3.06,310.005,-2.2764,34.59,0.0,257.832,0.0,0
46807,-0.341,75.586,0.0,0.0,-1.875,350.0786,0.0,0.0,51.455000000000005,0,0.0,3.865,310.14000000000004,-1.5836000000000001,34.95,0.0,257.832,0.0,0
46807,-0.682,75.586,0.0,0.0,-1.875,350.0786,0.0,0.0,52.456,0,0.0,3.08,310.005,1.8475000000000001,34.59,0.0,257.832,0.0,0
46807,-0.341,75.586,0.0,0.0,-1.875,350.0786,0.0,0.0,53.452000000000005,0,0.0,4.11,310.005,-1.1877,34.2,0.0,257.832,0.0,0
46807,-0.682,75.586,0.0,0.0,-1.875,350.0786,0.0,0.0,54.453,0,0.0,3.275,310.005,-1.4846000000000001,34.44,0.0,257.832,0.0,0
46807,-0.682,75.586,0.0,0.0,-1.875,350.0786,0.0,0.0,55.454,0,-1.0,4.105,310.005,1.3196,35.67,0.0,257.832,0.0,0
46807,-0.512,75.586,0.0,0.0,-1.875,350.0786,0.0,0.0,56.455000000000005,0,0.0,3.435,309.915,0.3299,36.27,0.0,257.832,0.0,0
46807,-0.853,75.586,0.0,0.0,-1.875,350.0786,0.0,0.0,57.456,0,0.0,3.41,310.005,1.8475000000000001,36.09,0.0,257.832,0.0,0
46807,-0.682,75.586,0.0,0.0,-1.875,350.0786,0.0,0.0,58.457,0,0.0,3.81,310.005,-1.0557,36.51,0.0,257.832,0.0,0
46807,-0.512,75.586,0.0,0.0,-1.875,350.0786,0.0,0.0,59.458000000000006,0,0.0,3.475,310.005,-0.39590000000000003,37.14,0.0,257.832,0.0,0
46807,-0.512,75.586,0.0,0.0,-1.875,350.0786,0.0,0.0,60.454,0,0.0,3.6,310.005,0.0,36.42,0.0,257.832,0.0,0
46807,-0.853,75.586,0.0,0.0,-1.875,350.0786,0.0,0.0,61.455000000000005,0,0.0,4.045,310.14000000000004,3.0352,36.24,0.0,257.832,0.0,0
46807,-0.682,75.586,0.0,0.0,-1.875,350.0786,0.0,0.0,62.456,0,-1.0,3.2800000000000002,310.005,4.7507,35.58,0.0,257.832,0.0,0
46807,-0.682,75.586,0.0,0.0,-1.875,350.0786,0.0,0.0,63.457,0,-1.0,4.49,310.14000000000004,1.9795,34.86,0.0,257.832,0.0,0
46807,-0.853,75.586,0.0,0.0,-1.875,350.0786,0.0,0.0,64.458,0,0.0,3.09,310.005,-2.2764,34.65,0.0,257.832,0.0,0
46807,-0.682,75.586,0.0,0.0,-1.875,350.0786,0.0,0.0,65.45400000000001,0,0.0,4.5,310.14000000000004,1.5836000000000001,34.05,0.0,257.832,0.0,0
46807,-0.853,75.586,0.0,0.0,-1.875,350.0786,0.0,0.0,66.455,0,-2.0,3.52,310.005,0.6268,34.53,0.0,257.832,0.0,0
46807,-0.512,75.586,0.0,0.0,-1.875,350.0786,0.0,0.0,67.427,0,0.0,-3.065,310.005,-0.5279,34.980000000000004,0.0,257.832,0.0,0
46807,-0.512,75.586,0.0,0.0,-1.875,350.0786,0.0,0.0,68.179,0,0.0,-7.59,310.005,-1.4846000000000001,35.82,0.0,257.832,0.0,0
46807,-0.341,75.586,0.0,0.0,-1.875,350.0786,0.0,0.0,68.59400000000001,0,0.0,-7.675,310.005,0.0,35.82,0.0,257.832,0.0,0
46807,-0.682,75.586,0.0,0.0,-1.875,350.0786,0.0,0.2,68.71600000000001,0,0.0,-2.9050000000000002,310.005,-2.6393,36.33,0.0,257.832,0.0,0
46807,-0.682,75.586,0.0,0.0,-1.875,350.0786,0.0,0.0,68.73,0,-1.0,0.995,310.005,1.9795,36.36,0.0,257.832,0.0,0
46807,-0.682,75.586,0.0,0.0,-1.875,350.0786,0.0,0.0,68.735,0,-1.0,1.23,310.005,2.0455,36.36,0.0,257.832,0.0,0
46807,-0.512,75.586,0.0,0.0,-1.875,350.0786,0.0,0.0,68.73,0,0.0,0.525,310.005,4.8827,35.88,0.0,257.832,0.0,0
46807,-0.682,75.586,0.0,0.0,-1.875,350.0786,0.0,0.0,68.73,0,0.0,0.14,309.915,-2.4908,36.18,0.0,257.832,0.0,0
46807,-0.682,75.586,0.0,0.0,-1.875,350.0786,0.0,0.0,68.711,0,-1.0,-3.81,310.14000000000004,-0.5526,35.97,0.0,257.832,0.0,0
46807,-0.512,75.586,0.0,0.0,-1.875,350.0786,0.0,0.0,68.589,0,0.0,-7.68,310.005,0.19790000000000002,35.79,0.0,257.832,0.0,0
46807,-0.682,75.586,0.0,0.0,-1.875,350.0786,0.0,0.0,68.286,0,-1.0,-8.215,310.14000000000004,3.0104,35.13,0.0,257.832,0.0,0
46807,-0.341,75.586,0.0,0.0,-1.875,350.0786,0.0,0.0,67.788,0,0.0,-8.67,310.005,1.6743000000000001,34.05,0.0,257.832,0.0,0
46807,-0.512,75.586,0.0,0.0,-1.875,350.0786,0.0,0.0,67.10900000000001,0,0.0,-8.665000000000001,309.915,0.47840000000000005,33.660000000000004,0.0,257.832,0.0,0
46807,-0.682,75.586,0.0,0.0,-1.875,350.0786,0.0,0.0,66.26,0,0.0,-8.53,310.005,-0.767,33.75,0.0,257.832,0.0,0
46807,-0.682,75.586,0.0,0.0,-1.875,350.0786,0.0,0.0,65.283,0,0.0,-4.845,309.915,-1.3444,34.410000000000004,0.0,257.832,0.0,0
46807,-0.512,75.586,0.0,0.0,-1.875,350.0786,0.0,0.0,64.277,0,0.0,-3.4250000000000003,310.005,-2.3919,35.64,0.0,257.832,0.0,0
46807,-0.682,75.586,0.0,0.0,-1.875,350.0786,0.0,0.0,63.271,0,-1.0,-3.59,309.915,-3.8765,36.480000000000004,0.0,257.832,0.0,0
46807,-0.341,75.586,0.0,0.0,-1.875,350.0786,0.0,0.2,62.271,0,-1.0,-3.25,309.915,1.5836000000000001,36.21,0.0,257.832,0.0,0
46807,-0.853,75.586,0.0,0.0,-1.875,350.0786,0.0,0.0,61.274,0,0.0,-3.875,310.005,0.9238000000000001,35.67,0.0,257.832,0.0,0
46807,-0.512,75.586,0.0,0.0,-1.875,350.0786,0.0,0.0,60.273,0,-1.0,-2.805,310.005,4.4043,35.61,0.0,257.832,0.0,0
46807,-0.512,75.586,0.0,0.0,-1.875,350.0786,0.0,0.0,59.272000000000006,0,-1.0,-3.8200000000000003,310.14000000000004,6.6395,35.97,0.0,257.832,0.0,0
46807,-0.341,75.586,0.0,0.0,-1.875,350.0786,0.0,0.0,58.271,0,-1.0,-3.99,309.915,-1.897,36.6,0.0,257.832,0.0,0
46807,-0.512,75.586,0.0,0.0,-1.875,350.0786,0.0,0.0,57.271,0,0.0,-3.7,309.915,-7.2168,36.300000000000004,0.0,257.832,0.0,0
46807,-0.682,75.586,0.0,0.0,-1.875,350.0786,0.0,0.0,56.274,0,-1.0,-4.255,310.005,-1.097,35.28,0.0,257.832,0.0,0
46807,-0.171,75.586,0.0,0.0,-1.875,350.0786,0.0,0.0,55.273,0,0.0,-3.62,309.915,4.305400000000001,34.56,0.0,257.832,0.0,0
46807,-0.512,75.586,0.0,0.0,-1.875,350.0786,0.0,0.0,54.272000000000006,0,0.0,-3.245,309.915,0.46190000000000003,34.11,0.0,257.832,0.0,0
46807,-0.682,75.586,0.0,0.0,-1.875,350.0786,0.0,0.0,53.271,0,0.0,-3.955,310.14000000000004,-1.3444,33.63,0.0,257.832,0.0,0
46807,-0.853,75.586,0.0,0.0,-1.875,350.0786,0.0,0.0,52.271,0,0.0,-2.725,310.14000000000004,3.5218000000000003,34.35,0.0,257.832,0.0,0
46807,-0.682,75.586,0.0,0.0,-1.875,350.0786,0.0,0.0,51.27,0,-1.0,-3.865,310.005,1.2537,35.52,0.0,257.832,0.0,0
46807,-0.341,75.586,0.0,0.0,-1.875,350.0786,0.0,0.0,50.269000000000005,0,-1.0,-3.37,310.005,-4.0662,36.6,0.0,257.832,0.0,0
46807,-0.512,75.586,0.0,0.0,-1.875,350.0786,0.0,0.0,49.272000000000006,0,-1.0,-3.565,309.915,-0.7258,36.96,0.0,257.832,0.0,0
46807,-0.512,75.586,0.0,0.0,-1.875,350.0786,0.0,0.0,48.271,0,-1.0,-4.0,310.005,-1.7155,37.2,0.0,257.832,0.0,0
46807,-0.853,75.586,0.0,0.0,-1.875,350.0786,0.0,0.0,47.271,0,0.0,-3.025,310.005,-0.6103000000000001,36.300000000000004,0.0,257.832,0.0,0
46807,-0.341,75.586,0.0,0.0,-1.875,350.0786,0.0,0.0,46.274,0,0.0,-4.675,310.005,3.2166,35.550000000000004,0.0,257.832,0.0,0
46807,-0.853,75.586,0.0,0.0,-1.875,350.0786,0.0,0.0,45.269000000000005,0,0.0,-3.335,310.005,1.9795,35.550000000000004,0.0,257.832,0.0,0
46807,-0.682,75.586,0.0,0.0,-1.875,350.0786,0.0,0.0,44.268,0,0.0,-3.47,309.915,-3.6785,35.160000000000004,0.0,257.832,0.0,0
46807,-0.512,75.586,0.0,0.0,-1.875,350.0786,0.0,0.0,44.17,0,-1.0,-4.12,309.915,-4.4208,35.04,0.0,257.832,0.0,0
46807,-1.0230000000000001,75.586,0.0,0.0,-1.875,350.0786,0.0,0.0,43.169000000000004,0,0.0,-2.79,310.14000000000004,-1.0557,34.65,0.0,257.832,0.0,0
46807,-0.512,75.586,0.0,0.0,-1.875,350.0786,0.0,0.0,42.168,0,0.0,-3.31,310.14000000000004,2.8043,34.83,0.0,257.832,0.0,0
46807,-0.512,75.586,0.0,0.0,-1.875,350.0786,0.0,0.0,41.167,0,0.0,-3.585,310.005,1.5836000000000001,33.93,0.0,257.832,0.0,0
46807,-0.682,75.586,0.0,0.0,-1.875,350.0786,0.0,0.0,40.166000000000004,0,-1.0,-2.63,310.005,-1.2207000000000001,33.6,0.0,257.832,0.0,0
46807,-0.512,75.586,0.0,0.0,-1.875,350.0786,0.0,0.0,39.17,0,-1.0,-4.305,309.915,-3.2991,34.29,0.0,257.832,0.0,0
46807,-0.512,75.586,0.0,0.0,-1.875,350.0786,0.0,0.0,38.169000000000004,0,0.0,-2.98,310.005,-0.5279,35.79,0.0,257.832,0.0,0
46807,-0.512,75.586,0.0,0.0,-1.875,350.0786,0.0,0.0,37.168,0,-1.0,-3.97,309.915,-1.0557,36.6,0.0,257.832,0.0,0
46807,-0.853,75.586,0.0,0.0,-1.875,350.0786,0.0,0.0,36.167,0,0.0,-3.75,310.005,0.46190000000000003,36.63,0.0,257.832,0.0,0
46807,-0.682,75.586,0.0,0.0,-1.875,350.0786,0.0,0.0,35.166000000000004,0,0.0,-3.0,310.005,0.7918000000000001,36.69,0.0,257.832,0.0,0
46807,-0.853,75.586,0.0,0.0,-1.875,350.0786,0.0,0.0,34.17,0,0.0,-3.84,310.005,-0.066,36.69,0.0,257.832,0.0,0
46807,-0.512,75.586,0.0,0.0,-1.875,350.0786,0.0,0.0,33.169000000000004,0,0.0,-3.1350000000000002,310.14000000000004,3.0352,35.43,0.0,257.832,0.0,0
46807,-0.853,75.586,0.0,0.0,-1.875,350.0786,0.0,0.0,32.168,0,0.0,-3.1950000000000003,309.915,1.3856000000000002,34.89,0.0,257.832,0.0,0
46807,-0.341,75.586,0.0,0.0,-1.875,350.0786,0.0,0.0,31.167,0,0.0,-3.805,310.005,-3.2991,34.38,0.0,257.832,0.0,0
46807,-0.682,75.586,0.0,0.0,-1.875,350.0786,0.0,0.0,30.166,0,0.0,-2.83,310.005,3.0022,34.65,0.0,257.832,0.0,0
46807,-0.341,75.586,0.0,0.0,-1.875,350.0786,0.0,0.0,29.165000000000003,0,0.0,-4.285,310.005,3.1672000000000002,34.2,0.0,257.832,0.0,0
46807,-0.853,75.586,0.0,0.0,-1.875,350.0786,0.0,0.0,28.169,0,0.0,-3.6350000000000002,310.005,-3.9589000000000003,33.75,0.0,257.832,0.0,0
46807,-0.682,75.586,0.0,0.0,-1.875,350.0786,0.0,0.0,27.168000000000003,0,0.0,-3.415,310.005,0.0,33.18,0.0,257.832,0.0,0
46807,-0.341,75.586,0.0,0.0,-1.875,350.0786,0.0,0.0,26.167,0,0.0,-3.97,310.005,2.3754,33.39,0.0,257.832,0.0,0
46807,-0.853,75.586,0.0,0.0,-1.875,350.0786,0.0,0.0,26.069000000000003,0,0.0,-3.06,310.005,2.1774,33.480000000000004,0.0,257.832,0.0,0
46807,-0.341,75.586,0.0,0.0,-1.875,350.0786,0.0,0.0,25.063000000000002,0,-1.0,-3.93,310.005,-0.9897,34.89,0.0,257.832,0.0,0
46807,-0.512,75.586,0.0,0.0,-1.875,350.0786,0.0,0.0,24.067,0,0.0,-3.165,310.005,-1.6496000000000002,36.42,0.0,257.832,0.0,0
46807,-0.512,75.586,0.0,0.0,-1.875,350.0786,0.0,0.0,23.066000000000003,0,0.0,-3.375,310.005,1.4516,36.480000000000004,0.0,257.832,0.0,0
46807,-0.682,75.586,0.0,0.0,-1.875,350.0786,0.0,0.0,22.065,0,-1.0,-3.68,310.005,-1.4516,36.480000000000004,0.0,257.832,0.0,0
46807,-0.341,75.586,0.0,0.0,-1.875,350.0786,0.0,0.0,21.064,0,-1.0,-2.77,310.005,2.4413,35.64,0.0,257.832,0.0,0
46807,-1.0230000000000001,75.586,0.0,0.0,-1.875,350.0786,0.0,0.0,20.063000000000002,0,-1.0,-3.6350000000000002,310.005,1.7815,35.31,0.0,257.832,0.0,0
46807,-0.682,75.586,0.0,0.0,-1.875,350.0786,0.0,0.0,19.067,0,0.0,-3.7,310.005,-3.1012,34.74,0.0,257.832,0.0,0
46807,-0.341,75.586,0.0,0.0,-1.875,350.0786,0.0,0.0,18.066000000000003,0,-1.0,-3.325,309.915,-2.5981,34.59,0.0,257.832,0.0,0
46807,-0.512,75.586,0.0,0.0,-1.875,350.0786,0.0,0.0,17.065,0,-1.0,-4.305,310.005,0.2639,34.230000000000004,0.0,257.832,0.0,0
46807,-0.341,75.586,0.0,0.0,-1.875,350.0786,0.0,0.0,16.064,0,0.0,-3.36,310.005,1.1712,34.2,0.0,257.832,0.0,0
46807,-0.512,75.586,0.0,0.0,-1.875,350.0786,0.0,0.0,15.063,0,0.0,-4.345,309.915,-0.2639,33.69,0.0,257.832,0.0,0
46807,-0.682,75.586,0.0,0.0,-1.875,350.0786,0.0,0.0,14.067,0,-1.0,-2.82,309.915,-0.0495,33.39,0.0,257.832,0.0,0
46807,-0.341,75.586,0.0,0.0,-1.875,350.0786,0.0,0.0,13.062000000000001,0,-1.0,-4.01,310.005,1.3856000000000002,33.42,0.0,257.832,0.0,0
46807,-0.682,75.586,0.0,0.0,-1.875,350.0786,0.0,0.0,12.061,0,0.0,-3.225,309.915,-0.8413,34.74,0.0,257.832,0.0,0
46807,-0.341,75.586,0.0,0.0,-1.875,350.0786,0.0,0.0,11.064,0,0.0,-3.255,309.915,2.8372,35.64,0.0,257.832,0.0,0
46807,-0.512,75.586,0.0,0.0,-1.875,350.0786,0.0,0.0,10.962,0,0.0,-2.995,309.915,1.8475000000000001,35.76,0.0,257.832,0.0,0
46807,-0.341,75.586,0.0,0.0,-1.875,350.0786,0.0,0.0,9.961,0,-1.0,-3.42,309.915,0.5279,36.33,0.0,257.832,0.0,0
46807,-0.341,75.586,0.0,0.0,-1.875,350.0786,0.0,0.0,8.965,0,-1.0,-3.45,310.005,-0.5938,35.85,0.0,257.832,0.0,0
46807,-0.682,75.586,0.0,0.0,-1.875,350.0786,0.0,0.0,7.964,0,0.0,-4.12,310.14000000000004,2.1114,35.52,0.0,257.832,0.0,0
46807,-0.341,75.586,0.0,0.0,-1.875,350.0786,0.0,0.0,6.997000000000001,0,-1.0,4.855,309.915,0.7918000000000001,35.43,0.0,257.832,0.0,0
46807,-0.341,75.586,0.0,0.0,-1.875,350.0786,0.0,0.2,6.260000000000001,0,-1.0,7.92,310.005,-1.9795,35.160000000000004,0.0,257.832,0.0,0
46807,-0.341,75.586,0.0,0.0,-1.875,350.0786,0.0,0.0,5.864,0,-1.0,8.395,310.14000000000004,-1.0557,34.59,0.0,257.832,0.0,0
46807,-0.341,75.586,0.0,0.0,-1.875,350.0786,0.0,0.0,5.752000000000001,0,-1.0,1.7850000000000001,310.005,4.0909,34.62,0.0,257.832,0.0,0
46807,-0.341,75.586,0.0,0.0,-1.875,350.0786,0.0,0.0,5.742,0,0.0,-1.425,310.14000000000004,4.1239,34.38,0.0,257.832,0.0,0
46807,-0.341,75.586,0.0,0.0,-1.875,350.0786,0.0,0.0,5.742,0,0.0,-1.425,310.14000000000004,4.1239,34.38,0.0,257.832,0.0,0
