Zykluszahl,Spritzdruck,SC-Position,SC-Geschwindigkeit,SC-Drehzahl,IST-Schliesskraft,WZ-Position,WZ-Geschwindigkeit,Kreuzkopf-Geschwindigkeit,AW-Position,AW-Geschwindigkeit,SC-Drehmoment,AW-Kraft,EE-Position,EE-Geschwindigkeit,EE-Stellsignal,Anlagekraft,Kreuzkopf-Position,Werkzeuginnendruck 1,Werkzeuginnendruck 2
47038,0.171,75.586,0.5,0.0,-1.331,350.0786,0.0,0.0,5.742,0,1.0,-0.5700000000000001,309.915,3.4971,38.550000000000004,0.0,257.832,0.0,0
47038,0.512,75.586,0.0,0.0,-1.331,350.0786,0.0,0.0,5.742,0,2.0,-0.5700000000000001,310.005,-0.132,37.71,0.0,257.832,0.0,0
47038,0.0,75.586,0.0,0.0,-1.331,350.0786,0.0,0.0,5.742,0,1.0,-0.535,310.005,-0.5279,37.59,0.0,257.832,0.0,0
47038,0.341,75.586,0.0,0.0,-1.331,350.0786,0.0,0.0,5.742,0,3.0,-0.485,310.005,0.7918000000000001,36.63,0.0,257.832,0.0,0
47038,0.0,75.586,0.5,0.0,-1.331,350.0786,0.0,-0.5,5.742,0,1.0,-0.53,309.915,0.5938,36.72,0.0,257.832,0.0,0
47038,0.512,75.586,0.0,0.0,-1.331,350.0401,0.0,-3.8000000000000003,5.742,0,0.0,-0.52,310.005,0.5279,37.5,0.0,257.813,0.0,0
47038,0.341,75.586,0.0,0.0,-1.331,349.9203,0.0,-7.1000000000000005,5.742,0,0.0,-0.555,310.005,0.5279,38.82,0.0,257.754,0.0,0
47038,0.341,75.586,-0.5,0.0,-1.331,349.7215,-40.6,-12.200000000000001,5.742,0,1.0,-0.5,310.005,1.8475000000000001,39.33,0.0,257.656,0.0,0
47038,0.0,75.586,0.5,0.0,-1.331,349.4049,-40.6,-19.3,5.742,0,1.0,-0.455,310.005,1.5836000000000001,39.24,0.0,257.5,0.0,0
47038,0.0,75.586,0.0,0.0,-1.331,348.93,-79.2,-25.1,5.742,0,1.0,-0.5,310.005,-0.39590000000000003,39.39,0.0,257.266,0.0,0
47038,0.171,75.586,0.0,0.0,-1.331,348.3355,-79.10000000000001,-32.800000000000004,5.742,0,0.0,-0.6,310.14000000000004,-0.8908,39.33,0.0,256.973,0.0,0
47038,0.341,75.586,-1.0,0.0,-1.331,347.58090000000004,-118.9,-39.7,5.742,0,1.0,-0.54,309.915,-0.6598,39.09,0.0,256.60200000000003,0.0,0
47038,0.341,75.586,0.5,0.0,-1.331,346.6994,-80.0,-48.0,5.742,0,0.0,-0.5750000000000001,310.14000000000004,0.165,38.31,0.0,256.172,0.0,0
47038,0.341,75.586,0.0,0.0,-1.331,345.658,-79.9,-54.1,5.742,0,2.0,-0.535,309.915,-1.3196,37.65,0.0,255.66400000000002,0.0,0
47038,0.171,75.586,0.5,0.0,-1.331,344.4567,-120.9,-61.0,5.742,0,0.0,-0.505,310.005,-1.6496000000000002,37.29,0.0,255.078,0.0,0
47038,0.0,75.586,0.0,0.0,-1.331,343.13640000000004,-119.0,-67.10000000000001,5.742,0,2.0,-0.5,310.005,-1.9795,36.93,0.0,254.43400000000003,0.0,0
47038,0.341,75.586,0.0,0.0,-1.331,341.6856,-163.8,-71.9,5.742,0,2.0,-0.41500000000000004,310.005,0.9897,37.35,0.0,253.73000000000002,0.0,0
47038,0.512,75.586,0.0,0.0,-1.331,340.1474,-161.70000000000002,-76.3,5.742,0,3.0,-0.485,310.005,0.0,37.95,0.0,252.988,0.0,0
47038,0.512,75.586,0.0,0.0,-1.331,338.5283,-161.70000000000002,-79.10000000000001,5.742,0,3.0,-0.53,310.14000000000004,1.4846000000000001,38.58,0.0,252.20700000000002,0.0,0
47038,0.341,75.586,0.0,0.0,-1.331,336.86690000000004,-162.5,-80.3,5.742,0,3.0,-0.525,310.14000000000004,1.9795,40.14,0.0,251.406,0.0,0
47038,0.171,75.586,0.0,0.0,-1.331,335.1866,-165.70000000000002,-80.60000000000001,5.742,0,2.0,-0.555,310.005,1.5836000000000001,40.11,0.0,250.60500000000002,0.0,0
47038,0.171,75.586,0.0,0.0,-1.331,333.5084,-163.6,-80.10000000000001,5.742,0,2.0,-0.505,310.005,-5.6745,39.51,0.0,249.805,0.0,0
47038,0.341,75.586,0.0,0.0,-1.331,331.82820000000004,-163.6,-80.10000000000001,5.742,0,2.0,-0.505,309.915,-4.8497,38.550000000000004,0.0,249.00400000000002,0.0,0
47038,0.171,75.586,0.0,0.0,-1.331,331.62260000000003,-205.60000000000002,-79.8,5.742,0,2.0,-0.505,309.915,-4.6435,38.4,0.0,248.906,0.0,0
47038,0.171,75.586,0.0,0.0,-1.331,329.9239,-208.10000000000002,-79.8,5.742,0,0.0,-0.505,310.14000000000004,-0.1567,37.44,0.0,248.10500000000002,0.0,0
47038,0.512,75.586,0.0,0.0,-1.331,328.26550000000003,-165.70000000000002,-80.10000000000001,5.742,0,1.0,-0.5,310.005,1.6496000000000002,36.72,0.0,247.324,0.0,0
47038,0.171,75.586,0.0,0.0,-1.331,326.5647,-167.70000000000002,-79.60000000000001,5.742,0,2.0,-0.51,309.915,0.066,36.72,0.0,246.52300000000002,0.0,0
47038,0.171,75.586,0.0,0.0,-1.331,324.8534,-167.70000000000002,-79.8,5.742,0,1.0,-0.505,309.915,-4.2889,37.47,0.0,245.723,0.0,0
47038,0.341,75.586,0.0,0.0,-1.331,323.1315,-167.70000000000002,-79.60000000000001,5.742,0,1.0,-0.505,310.005,1.1877,38.160000000000004,0.0,244.92200000000003,0.0,0
47038,0.341,75.586,0.0,0.0,-1.331,321.40970000000004,-167.6,-80.3,5.742,0,1.0,-0.495,309.915,-0.5114000000000001,38.46,0.0,244.121,0.0,0
47038,0.0,75.586,0.0,0.0,-1.331,319.6809,-169.70000000000002,-80.60000000000001,5.742,0,0.0,-0.52,310.005,0.7093,38.97,0.0,243.32000000000002,0.0,0
47038,0.341,75.586,0.0,0.0,-1.331,317.94,-169.8,-80.3,5.742,0,0.0,-0.535,310.005,1.2537,39.660000000000004,0.0,242.52,0.0,0
47038,0.512,75.586,0.0,0.0,-1.331,316.197,-169.70000000000002,-79.8,5.742,0,3.0,-0.515,310.005,1.5671000000000002,40.53,0.0,241.71900000000002,0.0,0
47038,0.512,75.586,0.0,0.0,-1.331,314.4528,-170.9,-79.8,5.742,0,2.0,-0.52,309.915,-1.6496000000000002,40.29,0.0,240.918,0.0,0
47038,0.512,75.586,0.5,0.0,-1.331,312.68870000000004,-171.8,-79.8,5.742,0,0.0,-0.545,309.915,3.1177,39.78,0.0,240.11700000000002,0.0,0
47038,0.341,75.586,0.5,0.0,-1.331,310.9246,-174.0,-79.8,5.742,0,0.0,-0.525,310.14000000000004,4.8827,39.36,0.0,239.316,0.0,0
47038,0.512,75.586,-0.5,0.0,-1.331,310.7529,-171.70000000000002,-80.60000000000001,5.742,0,2.0,-0.53,310.14000000000004,6.0704,39.36,0.0,239.238,0.0,0
47038,0.512,75.586,0.0,0.0,-1.331,308.99100000000004,-171.8,-80.10000000000001,5.742,0,2.0,-0.5,309.915,-2.6393,38.52,0.0,238.43800000000002,0.0,0
47038,0.512,75.586,0.5,0.0,-1.331,307.2086,-173.9,-80.3,5.742,0,2.0,-0.495,310.005,-2.1114,37.65,0.0,237.637,0.0,0
47038,0.171,75.586,0.5,0.0,-1.331,305.4238,-173.8,-80.10000000000001,5.742,0,3.0,-0.505,310.005,0.3629,37.29,0.0,236.836,0.0,0
47038,0.341,75.586,-0.5,0.0,-1.331,303.639,-173.8,-80.10000000000001,5.742,0,4.0,-0.525,309.915,0.6598,36.81,0.0,236.03500000000003,0.0,0
47038,0.171,75.586,0.0,0.0,-1.331,301.8419,-178.0,-79.8,5.742,0,0.0,-0.49,310.005,-1.5836000000000001,36.9,0.0,235.234,0.0,0
47038,0.171,75.586,-0.5,0.0,-1.331,300.0391,-175.8,-80.10000000000001,5.742,0,3.0,-0.52,310.005,1.0557,38.730000000000004,0.0,234.434,0.0,0
47038,0.512,75.586,0.0,0.0,-1.331,298.2341,-175.70000000000002,-80.10000000000001,5.742,0,2.0,-0.48,310.005,2.5733,39.63,0.0,233.633,0.0,0
47038,0.341,75.586,-0.5,0.0,-1.331,296.4225,-177.70000000000002,-79.8,5.742,0,0.0,-0.48,310.005,0.0,40.44,0.0,232.83200000000002,0.0,0
47038,0.341,75.586,0.5,0.0,-1.331,294.598,-177.70000000000002,-80.10000000000001,5.742,0,2.0,-0.5,310.14000000000004,-1.1547,40.2,0.0,232.031,0.0,0
47038,0.341,75.586,0.5,0.0,-1.331,292.7735,-179.9,-80.10000000000001,5.742,0,1.0,-0.5,309.915,-0.6598,39.96,0.0,231.23000000000002,0.0,0
47038,0.512,75.586,0.5,0.0,-1.331,290.9501,-178.8,-80.10000000000001,5.742,0,1.0,-0.505,310.14000000000004,2.8043,40.11,0.0,230.43,0.0,0
47038,0.341,75.586,0.5,0.0,-1.331,289.107,-179.4,-79.8,5.742,0,0.0,-0.525,310.005,-0.7918000000000001,39.9,0.0,229.62900000000002,0.0,0
47038,0.341,75.586,0.5,0.0,-1.331,287.26390000000004,-179.4,-80.10000000000001,5.742,0,0.0,-0.51,310.005,0.19790000000000002,38.52,0.0,228.828,0.0,0
47038,0.512,75.586,0.0,0.0,-1.331,285.4208,-179.5,-80.10000000000001,5.742,0,0.0,-0.49,310.005,-2.7713,37.53,0.0,228.02700000000002,0.0,0
47038,0.341,75.586,0.0,0.0,-1.331,283.56600000000003,-181.20000000000002,-80.3,5.742,0,0.0,-0.495,310.005,-1.0557,37.410000000000004,0.0,227.227,0.0,0
47038,-0.171,75.586,-0.5,0.0,-1.331,283.3825,-183.5,-79.8,5.742,0,2.0,-0.49,310.005,-0.9238000000000001,37.32,0.0,227.14800000000002,0.0,0
47038,0.512,75.586,0.5,0.0,-1.331,281.52410000000003,-181.20000000000002,-80.10000000000001,5.742,0,4.0,-0.5,309.915,2.4578,36.87,0.0,226.348,0.0,0
47038,0.171,75.586,0.0,0.0,-1.331,279.6633,-181.20000000000002,-80.10000000000001,5.742,0,0.0,-0.515,310.005,3.563,37.74,0.0,225.547,0.0,0
47038,0.171,75.586,0.0,0.0,-1.331,277.7924,-182.8,-80.3,5.742,0,2.0,-0.47000000000000003,309.915,0.0825,39.72,0.0,224.746,0.0,0
47038,0.341,75.586,0.0,0.0,-1.331,275.9151,-182.8,-80.10000000000001,5.742,0,0.0,-0.49,310.005,1.1464,40.74,0.0,223.94500000000002,0.0,0
47038,0.341,75.586,-0.5,0.0,-1.331,274.0402,-182.8,-79.8,5.742,0,3.0,-0.505,310.005,0.6598,40.38,0.0,223.145,0.0,0
47038,0.512,75.586,0.5,0.0,-1.331,272.1576,-184.3,-79.60000000000001,5.742,0,0.0,-0.5,310.005,-0.8330000000000001,40.38,0.0,222.34400000000002,0.0,0
47038,-0.171,75.586,0.5,0.0,-1.331,270.2651,-184.3,-80.10000000000001,5.742,0,0.0,-0.5,310.005,-1.1877,39.54,0.0,221.543,0.0,0
47038,0.0,75.586,-0.5,0.0,-1.331,268.37260000000003,-184.3,-80.10000000000001,5.742,0,0.0,-0.52,310.005,0.132,39.06,0.0,220.74200000000002,0.0,0
47038,0.512,75.586,-0.5,0.0,-1.331,266.479,-187.70000000000002,-80.3,5.742,0,1.0,-0.5,310.005,1.4516,39.12,0.0,219.941,0.0,0
47038,0.171,75.586,-0.5,0.0,-1.331,264.5749,-185.60000000000002,-79.8,5.742,0,0.0,-0.495,310.14000000000004,2.1527000000000003,39.09,0.0,219.14100000000002,0.0,0
47038,0.171,75.586,0.5,0.0,-1.331,262.6684,-185.60000000000002,-79.8,5.742,0,0.0,-0.535,310.005,-1.9135000000000002,38.4,0.0,218.34,0.0,0
47038,0.0,75.586,0.5,0.0,-1.331,260.7619,-185.60000000000002,-79.60000000000001,5.742,0,1.0,-0.515,310.005,-2.7053000000000003,37.62,0.0,217.53900000000002,0.0,0
47038,0.512,75.586,0.0,0.0,-1.331,258.84520000000003,-186.9,-80.10000000000001,5.742,0,0.0,-0.49,310.005,0.0907,37.47,0.0,216.738,0.0,0
47038,0.341,75.586,0.5,0.0,-1.331,256.9285,-186.9,-79.8,5.742,0,2.0,-0.465,310.14000000000004,2.4001,38.37,0.0,215.93800000000002,0.0,0
47038,0.171,75.586,0.0,0.0,-1.331,255.0094,-186.9,-79.8,5.742,0,1.0,-0.56,310.005,0.8578,39.72,0.0,215.137,0.0,0
47038,0.341,75.586,-0.5,0.0,-1.331,253.08450000000002,-187.9,-79.3,5.742,0,3.0,-0.52,309.915,-1.2372,41.1,0.0,214.336,0.0,0
47038,0.0,75.586,0.0,0.0,-1.331,251.1543,-187.9,-79.60000000000001,5.742,0,2.0,-0.505,310.14000000000004,-2.0455,41.01,0.0,213.535,0.0,0
47038,0.341,75.586,0.5,0.0,-1.331,249.22410000000002,-190.4,-79.8,5.742,0,-1.0,-0.49,310.005,4.2229,40.44,0.0,212.734,0.0,0
47038,0.171,75.586,0.0,0.0,-1.331,247.2939,-188.9,-79.8,5.742,0,1.0,-0.535,310.14000000000004,1.8063,39.6,0.0,211.934,0.0,0
47038,0.171,75.586,0.0,0.0,-1.331,245.35420000000002,-188.9,-79.8,5.742,0,0.0,-0.5,310.005,-4.4208,39.480000000000004,0.0,211.133,0.0,0
47038,0.512,75.586,0.0,0.0,-1.331,243.4145,-188.9,-79.60000000000001,5.742,0,1.0,-0.465,310.14000000000004,-1.1464,39.45,0.0,210.33200000000002,0.0,0
47038,0.0,75.586,0.5,0.0,-1.331,241.47480000000002,-237.3,-80.3,5.742,0,1.0,-0.47500000000000003,310.14000000000004,0.8330000000000001,39.09,0.0,209.531,0.0,0
47038,0.0,75.586,-0.5,0.0,-1.331,239.52720000000002,-238.3,-80.3,5.742,0,1.0,-0.5,310.005,1.7155,38.79,0.0,208.73000000000002,0.0,0
47038,0.0,75.586,-0.5,0.0,-1.331,237.58200000000002,-235.9,-79.8,5.742,0,0.0,-0.42,310.005,-3.8270000000000004,38.1,0.0,207.93,0.0,0
47038,0.171,75.586,0.5,0.0,-1.331,235.6344,-238.20000000000002,-80.10000000000001,5.742,0,1.0,-0.53,310.14000000000004,-1.5176,36.93,0.0,207.12900000000002,0.0,0
47038,0.171,75.586,0.0,0.0,-1.331,233.68220000000002,-239.10000000000002,-80.10000000000001,5.742,0,1.0,-0.55,310.005,1.1217000000000001,37.83,0.0,206.328,0.0,0
47038,0.0,75.586,0.0,0.0,-1.331,231.77710000000002,-190.3,-79.8,5.742,0,0.0,-0.465,310.005,-1.9135000000000002,39.24,0.0,205.547,0.0,0
47038,0.512,75.586,-0.5,0.0,-1.331,229.8232,-190.3,-80.10000000000001,5.742,0,2.0,-0.52,310.005,-2.7053000000000003,40.35,0.0,204.746,0.0,0
47038,0.0,75.586,-0.5,0.0,-1.331,227.8675,-190.70000000000002,-80.3,5.742,0,1.0,-0.545,310.005,-1.0557,40.89,0.0,203.94500000000002,0.0,0
47038,0.0,75.586,0.5,0.0,-1.331,225.91150000000002,-190.70000000000002,-79.8,5.742,0,0.0,-0.52,309.915,-1.4351,40.65,0.0,203.145,0.0,0
47038,0.512,75.586,0.5,0.0,-1.331,223.9531,-190.70000000000002,-79.60000000000001,5.742,0,0.0,-0.505,310.005,2.1114,39.57,0.0,202.34400000000002,0.0,0
47038,0.512,75.586,0.5,0.0,-1.331,221.9943,-190.9,-80.10000000000001,5.742,0,2.0,-0.505,310.005,1.8475000000000001,38.76,0.0,201.543,0.0,0
47038,0.512,75.586,0.0,0.0,-1.331,220.03310000000002,-191.0,-80.10000000000001,5.742,0,2.0,-0.51,310.005,3.2166,38.160000000000004,0.0,200.74200000000002,0.0,0
47038,0.341,75.586,0.0,0.0,-1.331,219.84210000000002,-191.0,-80.10000000000001,5.742,0,2.0,-0.52,310.005,2.5733,38.04,0.0,200.66400000000002,0.0,0
47038,0.341,75.586,0.0,0.0,-1.331,217.8809,-191.0,-80.3,5.742,0,3.0,-0.47500000000000003,310.005,1.5836000000000001,38.34,0.0,199.863,0.0,0
47038,0.171,75.586,0.0,0.0,-1.331,215.9222,-191.0,-80.10000000000001,5.742,0,1.0,-0.53,310.005,-2.3754,38.76,0.0,199.06300000000002,0.0,0
47038,0.171,75.586,0.0,0.0,-1.331,213.9601,-191.10000000000002,-80.3,5.742,0,0.0,-0.48,310.005,-1.9795,37.77,0.0,198.262,0.0,0
47038,0.512,75.586,0.0,0.0,-1.331,211.99800000000002,-191.10000000000002,-80.60000000000001,5.742,0,2.0,-0.47500000000000003,310.14000000000004,3.8600000000000003,37.5,0.0,197.461,0.0,0
47038,0.171,75.586,-0.5,0.0,-1.331,210.0359,-191.10000000000002,-80.10000000000001,5.742,0,0.0,-0.455,310.005,1.5836000000000001,38.13,0.0,196.66,0.0,0
47038,0.341,75.586,0.0,0.0,-1.331,208.0744,-193.5,-80.60000000000001,5.742,0,2.0,-0.525,310.005,-2.3754,38.730000000000004,0.0,195.859,0.0,0
47038,-0.171,75.586,0.5,0.0,-1.331,206.1157,-191.0,-80.10000000000001,5.742,0,1.0,-0.515,309.915,-2.6393,39.63,0.0,195.059,0.0,0
47038,0.512,75.586,-0.5,0.0,-1.331,204.1545,-191.0,-80.3,5.742,0,2.0,-0.5,310.005,-2.1114,39.42,0.0,194.258,0.0,0
47038,0.341,75.586,0.0,0.0,-1.331,202.1945,-190.70000000000002,-80.60000000000001,5.742,0,1.0,-0.52,310.005,-1.4516,40.44,0.0,193.45700000000002,0.0,0
47038,0.171,75.586,0.0,0.0,-1.331,200.23610000000002,-190.70000000000002,-80.60000000000001,5.742,0,4.0,-0.505,310.14000000000004,2.4743,40.08,0.0,192.656,0.0,0
47038,0.341,75.586,0.0,0.0,-1.331,198.2777,-193.20000000000002,-80.60000000000001,5.742,0,0.0,-0.495,310.005,1.4516,39.45,0.0,191.85500000000002,0.0,0
47038,0.341,75.586,-0.5,0.0,-1.331,196.32260000000002,-190.20000000000002,-80.3,5.742,0,2.0,-0.5,310.005,-0.7918000000000001,38.64,0.0,191.055,0.0,0
47038,0.171,75.586,0.5,0.0,-1.331,196.13230000000001,-190.3,-80.10000000000001,5.742,0,1.0,-0.495,310.005,-0.7258,38.7,0.0,190.977,0.0,0
47038,0.341,75.586,0.0,0.0,-1.331,194.17870000000002,-190.20000000000002,-80.3,5.742,0,1.0,-0.5,310.005,-0.899,37.800000000000004,0.0,190.17600000000002,0.0,0
47038,0.341,75.586,0.0,0.0,-1.331,192.22500000000002,-190.3,-80.60000000000001,5.742,0,0.0,-0.485,309.915,-0.9732000000000001,37.26,0.0,189.375,0.0,0
47038,0.512,75.586,-0.5,0.0,-1.331,190.2714,-190.20000000000002,-81.10000000000001,5.742,0,3.0,-0.545,310.005,-0.6598,37.230000000000004,0.0,188.574,0.0,0
47038,0.341,75.586,-0.5,0.0,-1.331,188.32430000000002,-192.0,-80.9,5.742,0,2.0,-0.56,309.915,1.2289,37.56,0.0,187.773,0.0,0
47038,0.341,75.586,0.0,0.0,-1.331,186.3797,-189.60000000000002,-80.3,5.742,0,2.0,-0.495,310.005,1.5011,38.25,0.0,186.973,0.0,0
47038,0.512,75.586,0.0,0.0,-1.331,184.43280000000001,-189.60000000000002,-79.8,5.742,0,0.0,-0.525,309.915,-2.2434000000000003,39.51,0.0,186.172,0.0,0
47038,0.341,75.586,-0.5,0.0,-1.331,182.49200000000002,-188.70000000000002,-80.10000000000001,5.742,0,2.0,-0.525,309.915,-0.5279,40.230000000000004,0.0,185.371,0.0,0
47038,0.512,75.586,0.0,0.0,-1.331,180.55370000000002,-188.8,-80.10000000000001,5.742,0,0.0,-0.48,310.005,0.46190000000000003,40.410000000000004,0.0,184.57000000000002,0.0,0
47038,0.0,75.586,0.0,0.0,-1.331,178.61790000000002,-188.70000000000002,-79.8,5.742,0,2.0,-0.485,310.005,0.7093,40.08,0.0,183.77,0.0,0
47038,0.512,75.586,0.5,0.0,-1.331,176.6843,-187.70000000000002,-80.3,5.742,0,0.0,-0.6,310.005,1.0805,38.910000000000004,0.0,182.96900000000002,0.0,0
47038,0.341,75.586,0.0,0.0,-1.331,174.7567,-187.70000000000002,-80.3,5.742,0,1.0,-0.515,310.005,3.2331000000000003,38.46,0.0,182.168,0.0,0
47038,0.171,75.586,-0.5,0.0,-1.331,172.829,-187.70000000000002,-80.3,5.742,0,1.0,-0.495,310.005,-0.19790000000000002,38.07,0.0,181.36700000000002,0.0,0
47038,0.341,75.586,-0.5,0.0,-1.331,170.9036,-188.8,-80.10000000000001,5.742,0,2.0,-0.495,310.005,-2.1114,37.14,0.0,180.566,0.0,0
47038,0.171,75.586,-0.5,0.0,-1.331,168.99110000000002,-186.4,-79.8,5.742,0,3.0,-0.5,310.005,-0.5938,36.57,0.0,179.76600000000002,0.0,0
47038,0.171,75.586,-0.5,0.0,-1.331,167.0762,-186.5,-80.10000000000001,5.742,0,0.0,-0.47500000000000003,310.005,-1.2537,37.11,0.0,178.965,0.0,0
47038,0.171,75.586,0.0,0.0,-1.331,165.1613,-186.5,-79.8,5.742,0,0.0,-0.525,310.005,-0.9402,38.22,0.0,178.16400000000002,0.0,0
47038,0.171,75.586,0.0,0.0,-1.331,163.2596,-185.0,-80.10000000000001,5.742,0,0.0,-0.47500000000000003,309.915,-2.3589,38.43,0.0,177.363,0.0,0
47038,0.341,75.586,0.0,0.0,-1.331,161.36180000000002,-185.0,-80.10000000000001,5.742,0,2.0,-0.485,310.005,-0.132,38.85,0.0,176.56300000000002,0.0,0
47038,0.341,75.586,0.0,0.0,-1.331,159.4616,-185.10000000000002,-80.10000000000001,5.742,0,2.0,-0.52,310.005,-0.39590000000000003,39.0,0.0,175.762,0.0,0
47038,0.512,75.586,0.0,0.0,-1.331,157.572,-183.4,-79.60000000000001,5.742,0,1.0,-0.515,310.005,0.3794,39.54,0.0,174.961,0.0,0
47038,0.682,75.586,-0.5,0.0,-1.331,155.6886,-183.4,-79.8,5.742,0,1.0,-0.49,310.005,2.1774,39.18,0.0,174.16,0.0,0
47038,0.171,75.586,0.5,0.0,-1.331,153.8052,-185.8,-79.8,5.742,0,1.0,-0.51,310.14000000000004,1.6743000000000001,38.61,0.0,173.359,0.0,0
47038,0.0,75.586,-0.5,0.0,-1.331,151.9309,-181.5,-80.10000000000001,5.742,0,1.0,-0.465,310.005,-0.9238000000000001,38.160000000000004,0.0,172.559,0.0,0
47038,0.341,75.586,0.5,0.0,-1.331,150.0663,-181.60000000000002,-79.60000000000001,5.742,0,1.0,-0.555,310.005,2.4001,37.410000000000004,0.0,171.758,0.0,0
47038,0.0,75.586,0.0,0.0,-1.331,148.20180000000002,-181.5,-79.8,5.742,0,2.0,-0.49,309.915,-2.73,37.17,0.0,170.95700000000002,0.0,0
47038,0.512,75.586,0.0,0.0,-1.331,146.3389,-179.9,-79.8,5.742,0,2.0,-0.52,310.005,-2.0620000000000003,36.51,0.0,170.156,0.0,0
47038,0.341,75.586,0.0,0.0,-1.331,144.49530000000001,-181.8,-79.8,5.742,0,1.0,-0.495,310.005,3.629,36.06,0.0,169.35500000000002,0.0,0
47038,0.171,75.586,0.5,0.0,-1.331,144.31570000000002,-179.60000000000002,-80.10000000000001,5.742,0,2.0,-0.455,310.005,3.6950000000000003,36.09,0.0,169.27700000000002,0.0,0
47038,0.341,75.586,0.0,0.0,-1.331,142.4744,-179.5,-79.60000000000001,5.742,0,0.0,-0.445,310.005,0.132,36.75,0.0,168.477,0.0,0
47038,0.341,75.586,0.5,0.0,-1.331,140.63070000000002,-179.60000000000002,-79.8,5.742,0,0.0,-0.47000000000000003,310.005,0.0,38.37,0.0,167.67600000000002,0.0,0
47038,0.0,75.586,-0.5,0.0,-1.331,138.80790000000002,-177.3,-80.10000000000001,5.742,0,0.0,-0.5,309.915,-1.4516,38.910000000000004,0.0,166.875,0.0,0
47038,0.0,75.586,0.0,0.0,-1.331,136.9872,-177.3,-80.60000000000001,5.742,0,2.0,-0.525,309.915,-3.1012,39.06,0.0,166.074,0.0,0
47038,0.341,75.586,-0.5,0.0,-1.331,135.1664,-179.60000000000002,-80.3,5.742,0,3.0,-0.525,310.005,0.0,38.67,0.0,165.273,0.0,0
47038,0.0,75.586,0.0,0.0,-1.331,133.3638,-174.9,-79.60000000000001,5.742,0,0.0,-0.46,309.915,2.9032,38.49,0.0,164.473,0.0,0
47038,0.341,75.586,0.0,0.0,-1.331,131.56810000000002,-174.8,-79.8,5.742,0,0.0,-0.505,310.005,1.4516,38.07,0.0,163.672,0.0,0
47038,0.171,75.586,0.0,0.0,-1.331,129.7723,-174.9,-80.10000000000001,5.742,0,2.0,-0.515,310.005,-1.0557,37.89,0.0,162.871,0.0,0
47038,0.512,75.586,0.0,0.0,-1.331,127.9863,-172.3,-80.10000000000001,5.742,0,2.0,-0.505,310.005,1.1877,37.35,0.0,162.07000000000002,0.0,0
47038,0.171,75.586,0.5,0.0,-1.331,126.2197,-172.3,-80.3,5.742,0,0.0,-0.49,310.005,-3.9589000000000003,36.75,0.0,161.27,0.0,0
47038,0.0,75.586,-0.5,0.0,-1.331,124.4509,-172.3,-80.3,5.742,0,0.0,-0.515,309.915,1.4516,35.76,0.0,160.469,0.0,0
47038,0.512,75.586,-0.5,0.0,-1.331,122.68480000000001,-169.6,-79.3,5.742,0,0.0,-0.51,310.14000000000004,3.596,35.4,0.0,159.668,0.0,0
47038,0.341,75.586,-0.5,0.0,-1.331,120.9449,-169.4,-79.3,5.742,0,0.0,-0.515,310.005,-0.6598,36.660000000000004,0.0,158.86700000000002,0.0,0
47038,0.171,75.586,0.0,0.0,-1.331,119.20500000000001,-212.9,-80.10000000000001,5.742,0,1.0,-0.5,309.915,-0.5279,38.22,0.0,158.066,0.0,0
47038,0.0,75.586,-0.5,0.0,-1.331,117.46730000000001,-210.70000000000002,-80.10000000000001,5.742,0,0.0,-0.48,310.005,-5.2786,39.33,0.0,157.26600000000002,0.0,0
47038,0.171,75.586,0.0,0.0,-1.331,117.29790000000001,-169.4,-79.8,5.742,0,0.0,-0.5,310.14000000000004,-3.8270000000000004,39.42,0.0,157.18800000000002,0.0,0
47038,0.341,75.586,-0.5,0.0,-1.331,115.58630000000001,-166.4,-79.8,5.742,0,0.0,-0.545,310.005,-0.39590000000000003,39.6,0.0,156.387,0.0,0
47038,0.341,75.586,-0.5,0.0,-1.331,113.8773,-166.4,-79.60000000000001,5.742,0,1.0,-0.525,310.005,4.0744,38.76,0.0,155.586,0.0,0
47038,0.171,75.586,0.0,0.0,-1.331,112.1683,-209.10000000000002,-79.8,5.742,0,2.0,-0.495,310.005,-2.7713,38.04,0.0,154.785,0.0,0
47038,0.341,75.586,0.5,0.0,-1.331,110.4805,-205.0,-80.10000000000001,5.742,0,2.0,-0.51,310.005,-3.8930000000000002,38.01,0.0,153.984,0.0,0
47038,0.682,75.586,0.0,0.0,-1.331,108.80630000000001,-203.0,-80.10000000000001,5.742,0,0.0,-0.5650000000000001,310.005,-0.39590000000000003,38.79,0.0,153.184,0.0,0
47038,0.512,75.586,0.5,0.0,-1.331,107.1301,-203.0,-79.8,5.742,0,2.0,-0.485,310.005,0.9238000000000001,39.09,0.0,152.383,0.0,0
47038,0.341,75.586,0.0,0.0,-1.331,105.4668,-200.8,-79.8,5.742,0,1.0,-0.51,309.915,1.2537,38.34,0.0,151.582,0.0,0
47038,0.171,75.586,0.0,0.0,-1.331,103.8662,-159.8,-80.3,5.742,0,0.0,-0.5,310.005,-1.6496000000000002,36.9,0.0,150.80100000000002,0.0,0
47038,0.341,75.586,0.0,0.0,-1.331,102.2245,-159.9,-80.3,5.742,0,2.0,-0.5,310.14000000000004,-0.2887,35.82,0.0,150.0,0.0,0
47038,0.171,75.586,-0.5,0.0,-1.331,100.5857,-157.1,-80.3,5.742,0,0.0,-0.56,310.005,2.5568,36.21,0.0,149.199,0.0,0
47038,0.341,75.586,0.0,0.0,-1.331,98.9805,-158.3,-80.10000000000001,5.742,0,0.0,-0.545,310.14000000000004,1.0310000000000001,38.07,0.0,148.398,0.0,0
47038,0.512,75.586,0.5,0.0,-1.331,97.3772,-156.3,-79.60000000000001,5.742,0,0.0,-0.52,310.005,2.73,39.78,0.0,147.598,0.0,0
47038,0.512,75.586,-0.5,0.0,-1.331,95.7719,-156.4,-79.8,5.742,0,1.0,-0.525,310.005,0.7918000000000001,40.26,0.0,146.797,0.0,0
47038,0.512,75.586,0.0,0.0,-1.331,94.1974,-152.6,-80.10000000000001,5.742,0,0.0,-0.535,309.915,-4.0497000000000005,39.24,0.0,145.996,0.0,0
47038,0.512,75.586,-0.5,0.0,-1.331,92.6302,-152.6,-79.8,5.742,0,0.0,-0.515,310.005,-3.1424000000000003,38.37,0.0,145.195,0.0,0
47038,0.341,75.586,0.0,0.0,-1.331,91.065,-152.6,-80.3,5.742,0,0.0,-0.495,310.005,0.2639,38.19,0.0,144.395,0.0,0
47038,0.0,75.586,-0.5,0.0,-1.331,89.5189,-148.8,-80.3,5.742,0,0.0,-0.53,309.915,0.0165,37.800000000000004,0.0,143.594,0.0,0
47038,0.341,75.586,0.0,0.0,-1.331,87.9914,-148.8,-80.10000000000001,5.742,0,2.0,-0.505,310.14000000000004,0.0412,38.4,0.0,142.793,0.0,0
47038,0.512,75.586,0.5,0.0,-1.331,87.84270000000001,-148.70000000000002,-80.10000000000001,5.742,0,1.0,-0.48,310.14000000000004,0.9567,38.4,0.0,142.715,0.0,0
47038,0.0,75.586,0.0,0.0,-1.331,86.3151,-148.8,-80.10000000000001,5.742,0,1.0,-0.49,310.14000000000004,5.4106000000000005,37.74,0.0,141.91400000000002,0.0,0
47038,0.0,75.586,0.0,0.0,-1.331,84.8024,-144.8,-80.10000000000001,5.742,0,0.0,-0.495,310.14000000000004,3.5301,37.230000000000004,0.0,141.113,0.0,0
47038,0.341,75.586,0.5,0.0,-1.331,83.318,-144.70000000000002,-79.8,5.742,0,0.0,-0.455,310.005,-0.39590000000000003,36.9,0.0,140.31300000000002,0.0,0
47038,0.171,75.586,-0.5,0.0,-1.331,81.8317,-144.70000000000002,-80.10000000000001,5.742,0,-1.0,-0.545,310.14000000000004,0.0,37.2,0.0,139.512,0.0,0
47038,0.341,75.586,0.0,0.0,-1.331,80.3491,-141.0,-80.10000000000001,5.742,0,0.0,-0.51,310.14000000000004,-1.7155,37.44,0.0,138.711,0.0,0
47038,0.341,75.586,-0.5,0.0,-1.331,78.9054,-140.6,-80.60000000000001,5.742,0,0.0,-0.49,310.005,-2.6393,38.82,0.0,137.91,0.0,0
47038,0.0,75.586,0.0,0.0,-1.331,77.4616,-142.4,-80.3,5.742,0,0.0,-0.55,309.825,-6.0704,39.87,0.0,137.109,0.0,0
47038,0.341,75.586,-0.5,0.0,-1.331,76.0197,-140.6,-80.10000000000001,5.742,0,0.0,-0.48,309.915,-3.0022,40.08,0.0,136.309,0.0,0
47038,0.512,75.586,-0.5,0.0,-1.331,74.6118,-136.3,-79.8,5.742,0,1.0,-0.47500000000000003,309.915,-0.7918000000000001,39.42,0.0,135.508,0.0,0
47038,0.341,75.586,0.0,0.0,-1.331,73.212,-136.3,-80.10000000000001,5.742,0,2.0,-0.505,310.005,3.563,38.43,0.0,134.707,0.0,0
47038,0.341,75.586,0.5,0.0,-1.331,71.8122,-136.3,-80.10000000000001,5.742,0,2.0,-0.51,310.005,2.6393,37.83,0.0,133.906,0.0,0
47038,0.512,75.586,0.0,0.0,-1.331,70.437,-133.6,-80.3,5.742,0,1.0,-0.525,310.005,-1.6496000000000002,37.47,0.0,133.10500000000002,0.0,0
47038,0.512,75.586,0.0,0.0,-1.331,69.0839,-132.0,-80.10000000000001,5.742,0,0.0,-0.5,309.915,-3.1672000000000002,37.26,0.0,132.305,0.0,0
47038,0.512,75.586,0.0,0.0,-1.331,67.7292,-131.9,-80.10000000000001,5.742,0,1.0,-0.515,309.915,0.066,37.32,0.0,131.50400000000002,0.0,0
47038,0.171,75.586,0.0,0.0,-1.331,66.3871,-127.4,-80.10000000000001,5.742,0,0.0,-0.495,310.005,1.5836000000000001,37.5,0.0,130.703,0.0,0
47038,0.171,75.586,0.0,0.0,-1.331,65.0785,-127.4,-80.10000000000001,5.742,0,3.0,-0.52,310.005,3.1012,37.95,0.0,129.90200000000002,0.0,0
47038,0.171,75.586,0.0,0.0,-1.331,63.77160000000001,-127.4,-79.8,5.742,0,1.0,-0.515,309.915,-0.6598,38.7,0.0,129.102,0.0,0
47038,0.171,75.586,0.5,0.0,-1.331,62.463,-127.4,-79.8,5.742,0,0.0,-0.5,310.005,-2.9032,39.78,0.0,128.30100000000002,0.0,0
47038,0.341,75.586,-0.5,0.0,-1.331,62.3402,-122.80000000000001,-80.3,5.742,0,0.0,-0.51,310.005,-2.7053000000000003,39.84,0.0,128.223,0.0,0
47038,0.341,75.586,0.0,0.0,-1.331,61.078700000000005,-122.80000000000001,-80.10000000000001,5.742,0,1.0,-0.525,310.005,0.132,40.35,0.0,127.42200000000001,0.0,0
47038,0.512,75.586,0.5,0.0,-1.331,59.8172,-122.80000000000001,-80.3,5.742,0,0.0,-0.51,309.915,-0.5279,40.32,0.0,126.62100000000001,0.0,0
47038,0.341,75.586,0.0,0.0,-1.331,58.555600000000005,-122.9,-80.10000000000001,5.742,0,3.0,-0.535,310.005,2.4413,39.72,0.0,125.82000000000001,0.0,0
47038,0.171,75.586,-0.5,0.0,-1.331,57.3352,-118.2,-80.10000000000001,5.742,0,1.0,-0.515,310.005,1.6496000000000002,38.97,0.0,125.02000000000001,0.0,0
47038,0.512,75.586,0.0,0.0,-1.331,56.121500000000005,-118.2,-79.60000000000001,5.742,0,0.0,-0.5,309.915,-2.9692000000000003,38.43,0.0,124.21900000000001,0.0,0
47038,0.341,75.586,-0.5,0.0,-1.331,54.9078,-118.2,-79.8,5.742,0,1.0,-0.5,309.915,-2.7548,38.25,0.0,123.418,0.0,0
47038,0.341,75.586,-0.5,0.0,-1.331,53.721000000000004,-113.4,-80.10000000000001,5.742,0,2.0,-0.535,310.005,-2.2434000000000003,38.61,0.0,122.617,0.0,0
47038,0.512,75.586,0.0,0.0,-1.331,52.5557,-114.9,-79.60000000000001,5.742,0,2.0,-0.5,310.005,4.8002,38.31,0.0,121.816,0.0,0
47038,0.341,75.586,0.0,0.0,-1.331,51.3919,-113.5,-79.8,5.742,0,0.0,-0.525,310.005,4.0744,37.68,0.0,121.016,0.0,0
47038,0.0,75.586,-0.5,0.0,-1.331,50.240500000000004,-108.7,-80.3,5.742,0,2.0,-0.505,310.14000000000004,-1.1629,37.71,0.0,120.215,0.0,0
47038,0.512,75.586,0.0,0.0,-1.331,49.1242,-108.7,-80.3,5.742,0,2.0,-0.52,310.005,-3.2991,38.49,0.0,119.414,0.0,0
47038,0.512,75.586,0.0,0.0,-1.331,48.0079,-108.7,-80.60000000000001,5.742,0,0.0,-0.495,310.005,2.6228000000000002,40.2,0.0,118.613,0.0,0
47038,0.512,75.586,0.0,0.0,-1.331,47.8992,-108.7,-80.10000000000001,5.742,0,0.0,-0.54,310.005,2.1114,40.38,0.0,118.53500000000001,0.0,0
47038,0.512,75.586,0.0,0.0,-1.331,46.7882,-105.2,-79.60000000000001,5.742,0,2.0,-0.51,309.915,1.7485000000000002,40.77,0.0,117.73400000000001,0.0,0
47038,0.341,75.586,0.0,0.0,-1.331,45.7224,-103.9,-79.60000000000001,5.742,0,1.0,-0.47500000000000003,310.005,-4.486800000000001,40.86,0.0,116.93400000000001,0.0,0
47038,0.171,75.586,0.0,0.0,-1.331,44.655300000000004,-103.9,-79.60000000000001,5.742,0,0.0,-0.47500000000000003,310.005,-3.4311000000000003,40.230000000000004,0.0,116.13300000000001,0.0,0
47038,0.171,75.586,0.0,0.0,-1.331,43.588100000000004,-103.9,-80.10000000000001,5.742,0,0.0,-0.5,310.005,1.5836000000000001,39.660000000000004,0.0,115.33200000000001,0.0,0
47038,0.341,75.586,0.5,0.0,-1.331,42.5623,-99.10000000000001,-79.8,5.742,0,1.0,-0.47000000000000003,309.915,-2.5733,39.0,0.0,114.531,0.0,0
47038,0.512,75.586,0.5,0.0,-1.331,41.5446,-100.4,-79.8,5.742,0,2.0,-0.49,310.005,0.5279,38.01,0.0,113.73,0.0,0
47038,0.171,75.586,0.0,0.0,-1.331,40.5281,-99.2,-79.60000000000001,5.742,0,2.0,-0.465,310.005,5.5425,36.81,0.0,112.93,0.0,0
47038,0.171,75.586,0.0,0.0,-1.331,39.5383,-94.30000000000001,-80.60000000000001,5.742,0,0.0,-0.47500000000000003,309.915,-0.9238000000000001,37.410000000000004,0.0,112.129,0.0,0
47038,0.512,75.586,0.5,0.0,-1.331,38.569900000000004,-94.30000000000001,-80.10000000000001,5.742,0,1.0,-0.465,309.915,-3.1012,38.07,0.0,111.328,0.0,0
47038,0.512,75.586,-0.5,0.0,-1.331,37.6015,-94.30000000000001,-80.10000000000001,5.742,0,0.0,-0.53,309.915,1.4516,39.24,0.0,110.527,0.0,0
47038,0.512,75.586,0.0,0.0,-1.331,36.648700000000005,-89.5,-79.60000000000001,5.742,0,2.0,-0.51,309.915,1.5836000000000001,40.2,0.0,109.727,0.0,0
47038,0.341,75.586,0.0,0.0,-1.331,35.729600000000005,-89.5,-79.60000000000001,5.742,0,2.0,-0.49,310.005,-0.5279,40.53,0.0,108.926,0.0,0
47038,0.171,75.586,0.5,0.0,-1.331,34.8104,-112.5,-79.8,5.742,0,0.0,-0.535,310.005,-1.9135000000000002,40.14,0.0,108.125,0.0,0
47038,0.341,75.586,0.0,0.0,-1.331,33.8923,-111.4,-79.8,5.742,0,0.0,-0.535,310.005,2.1114,39.96,0.0,107.324,0.0,0
47038,0.341,75.586,-0.5,0.0,-1.331,33.022,-106.5,-80.10000000000001,5.742,0,1.0,-0.515,310.005,2.9032,39.660000000000004,0.0,106.52300000000001,0.0,0
47038,0.512,75.586,-0.5,0.0,-1.331,32.937200000000004,-84.8,-80.3,5.742,0,1.0,-0.525,310.005,2.9692000000000003,39.660000000000004,0.0,106.44500000000001,0.0,0
47038,0.512,75.586,-0.5,0.0,-1.331,32.068000000000005,-84.8,-80.10000000000001,5.742,0,0.0,-0.545,310.005,4.9487000000000005,38.82,0.0,105.64500000000001,0.0,0
47038,0.512,75.586,0.0,0.0,-1.331,31.1977,-105.4,-79.8,5.742,0,1.0,-0.5,309.915,-2.5568,38.52,0.0,104.84400000000001,0.0,0
47038,0.512,75.586,-0.5,0.0,-1.331,30.3684,-100.5,-79.8,5.742,0,2.0,-0.42,310.005,-1.7815,38.13,0.0,104.043,0.0,0
47038,0.171,75.586,0.0,0.0,-1.331,29.546400000000002,-100.60000000000001,-80.3,5.742,0,2.0,-0.505,310.005,1.6743000000000001,37.77,0.0,103.242,0.0,0
47038,0.341,75.586,0.5,0.0,-1.331,28.724500000000003,-100.5,-80.10000000000001,5.742,0,0.0,-0.505,309.915,-1.6496000000000002,37.44,0.0,102.441,0.0,0
47038,0.512,75.586,-0.5,0.0,-1.331,27.931,-93.80000000000001,-79.8,5.742,0,0.0,-0.535,310.005,-1.5588000000000002,37.95,0.0,101.641,0.0,0
47038,0.0,75.586,-0.5,0.0,-1.331,27.1752,-76.3,-79.8,5.742,0,0.0,-0.505,310.005,1.8475000000000001,39.6,0.0,100.85900000000001,0.0,0
47038,0.512,75.586,0.0,0.0,-1.331,26.402,-75.4,-80.60000000000001,5.742,0,2.0,-0.485,309.915,0.28040000000000004,40.32,0.0,100.05900000000001,0.0,0
47038,0.341,75.586,-0.5,0.0,-1.331,25.640900000000002,-70.8,-80.3,5.742,0,0.0,-0.55,310.14000000000004,-1.0805,40.89,0.0,99.25800000000001,0.0,0
47038,0.512,75.586,0.0,0.0,-1.331,24.913700000000002,-70.8,-80.10000000000001,5.742,0,0.0,-0.525,310.005,2.1774,40.2,0.0,98.45700000000001,0.0,0
47038,0.341,75.586,0.5,0.0,-1.331,24.186500000000002,-70.8,-79.8,5.742,0,0.0,-0.52,309.915,1.7815,39.63,0.0,97.656,0.0,0
47038,0.171,75.586,0.0,0.0,-1.331,23.459600000000002,-71.4,-80.3,5.742,0,0.0,-0.5,310.005,-3.4971,39.81,0.0,96.855,0.0,0
47038,0.512,75.586,0.0,0.0,-1.331,22.779300000000003,-66.4,-80.3,5.742,0,1.0,-0.51,309.915,2.4578,39.96,0.0,96.055,0.0,0
47038,0.0,75.586,0.0,0.0,-1.331,22.098200000000002,-66.3,-80.10000000000001,5.742,0,1.0,-0.505,310.14000000000004,2.0867,39.72,0.0,95.254,0.0,0
47038,0.341,75.586,0.5,0.0,-1.331,21.417,-66.4,-80.3,5.742,0,2.0,-0.505,310.23,-0.5691,38.4,0.0,94.453,0.0,0
47038,0.171,75.586,-0.5,0.0,-1.331,20.769000000000002,-61.900000000000006,-80.3,5.742,0,1.0,-0.515,309.915,0.17320000000000002,37.17,0.0,93.652,0.0,0
47038,0.853,75.586,0.0,0.0,-1.331,20.1336,-62.0,-80.3,5.742,0,1.0,-0.465,310.005,-4.1981,36.81,0.0,92.852,0.0,0
47038,0.171,75.586,0.0,0.0,-1.331,19.497500000000002,-61.900000000000006,-80.10000000000001,5.742,0,0.0,-0.5,310.005,0.3794,37.68,0.0,92.051,0.0,0
47038,0.341,75.586,0.0,0.0,-1.331,18.881600000000002,-57.7,-79.60000000000001,5.742,0,2.0,-0.515,309.915,2.5733,39.96,0.0,91.25,0.0,0
47038,0.512,75.586,-0.5,0.0,-1.331,18.2893,-57.7,-79.8,5.742,0,1.0,-0.515,309.915,-4.1404000000000005,40.71,0.0,90.449,0.0,0
47038,0.341,75.586,0.0,0.0,-1.331,17.697,-58.400000000000006,-80.10000000000001,5.742,0,0.0,-0.535,310.005,-1.9795,40.56,0.0,89.64800000000001,0.0,0
47038,0.171,75.586,-0.5,0.0,-1.331,17.1136,-53.5,-80.10000000000001,5.742,0,1.0,-0.51,310.005,4.1569,40.44,0.0,88.848,0.0,0
47038,0.512,75.586,-0.5,0.0,-1.331,16.5638,-53.6,-80.3,5.742,0,1.0,-0.51,309.915,3.4311000000000003,39.63,0.0,88.04700000000001,0.0,0
47038,0.171,75.586,0.0,0.0,-1.331,16.0141,-53.5,-79.8,5.742,0,1.0,-0.51,310.005,-2.9197,39.21,0.0,87.24600000000001,0.0,0
47038,0.341,75.586,-0.5,0.0,-1.331,15.464300000000001,-53.6,-80.10000000000001,5.742,0,0.0,-0.455,310.005,0.3299,39.81,0.0,86.44500000000001,0.0,0
47038,0.341,75.586,0.0,0.0,-1.331,14.953100000000001,-49.5,-79.8,5.742,0,2.0,-0.51,310.14000000000004,2.8372,39.63,0.0,85.64500000000001,0.0,0
47038,0.512,75.586,-0.5,0.0,-1.331,14.444500000000001,-49.5,-80.10000000000001,5.742,0,0.0,-0.535,310.005,0.8578,38.49,0.0,84.84400000000001,0.0,0
47038,0.512,75.586,0.0,0.0,-1.331,14.3949,-49.6,-80.10000000000001,5.742,0,0.0,-0.485,310.005,0.7918000000000001,38.34,0.0,84.766,0.0,0
47038,0.171,75.586,0.0,0.0,-1.331,13.8863,-49.6,-80.60000000000001,5.742,0,0.0,-0.49,310.005,0.132,37.14,0.0,83.965,0.0,0
47038,0.512,75.586,0.0,0.0,-1.331,13.4074,-45.6,-79.8,5.742,0,2.0,-0.51,310.005,-3.0682,36.99,0.0,83.164,0.0,0
47038,0.512,75.586,0.0,0.0,-1.331,12.938500000000001,-45.6,-80.3,5.742,0,2.0,-0.49,310.005,-1.5836000000000001,37.71,0.0,82.363,0.0,0
47038,0.341,75.586,0.0,0.0,-1.331,12.4702,-45.6,-79.8,5.742,0,0.0,-0.51,310.005,-1.5836000000000001,39.27,0.0,81.563,0.0,0
47038,0.512,75.586,0.0,0.0,-1.331,12.019300000000001,-42.0,-80.10000000000001,5.742,0,0.0,-0.505,310.005,1.3196,40.47,0.0,80.762,0.0,0
47038,0.512,75.586,0.5,0.0,-1.331,11.588600000000001,-41.9,-80.3,5.742,0,0.0,-0.505,310.14000000000004,4.1239,41.13,0.0,79.961,0.0,0
47038,0.0,75.586,-0.5,0.0,-1.331,11.1578,-41.9,-79.8,5.742,0,2.0,-0.53,310.14000000000004,3.9589000000000003,40.26,0.0,79.16000000000001,0.0,0
47038,0.341,75.586,0.0,0.0,-1.331,10.7344,-38.9,-79.8,5.742,0,2.0,-0.51,309.915,-2.5733,39.33,0.0,78.35900000000001,0.0,0
47038,0.512,75.586,0.0,0.0,-1.331,10.3407,-38.4,-79.8,5.742,0,0.0,-0.525,310.14000000000004,-2.2434000000000003,38.550000000000004,0.0,77.559,0.0,0
47038,0.512,75.586,0.0,0.0,-1.331,9.9464,-38.4,-80.10000000000001,5.742,0,2.0,-0.49,310.005,-0.165,37.65,0.0,76.75800000000001,0.0,0
47038,0.512,75.586,0.0,0.0,-1.331,9.552200000000001,-38.4,-80.10000000000001,5.742,0,0.0,-0.47500000000000003,310.14000000000004,3.6950000000000003,37.47,0.0,75.95700000000001,0.0,0
47038,0.512,75.586,0.0,0.0,-1.331,9.1904,-35.0,-79.8,5.742,0,0.0,-0.515,309.915,2.2764,37.29,0.0,75.156,0.0,0
47038,0.0,75.586,-0.5,0.0,-1.331,8.8309,-35.5,-79.60000000000001,5.742,0,1.0,-0.535,310.005,-2.9032,37.050000000000004,0.0,74.355,0.0,0
47038,0.512,75.586,0.0,0.0,-1.331,8.4719,-35.0,-79.60000000000001,5.742,0,0.0,-0.515,309.915,-3.5301,36.78,0.0,73.555,0.0,0
47038,0.171,75.586,-0.5,0.0,-1.331,8.1343,-31.8,-80.10000000000001,5.742,0,0.0,-0.51,310.005,2.3754,37.74,0.0,72.754,0.0,0
47038,0.171,75.586,0.5,0.0,-1.331,8.102500000000001,-31.8,-80.3,5.742,0,2.0,-0.505,310.005,2.2269,37.83,0.0,72.676,0.0,0
47038,0.341,75.586,0.0,0.0,-1.331,7.7762,-31.8,-80.10000000000001,5.742,0,2.0,-0.545,310.005,0.6598,38.550000000000004,0.0,71.875,0.0,0
47038,0.512,75.586,0.0,0.0,-1.331,7.4499,-31.8,-80.10000000000001,5.742,0,2.0,-0.5,309.915,0.9238000000000001,39.45,0.0,71.074,0.0,0
47038,0.341,75.586,0.0,0.0,-1.331,7.138800000000001,-29.1,-79.8,5.742,0,0.0,-0.4,310.005,-0.9238000000000001,39.78,0.0,70.27300000000001,0.0,0
47038,0.341,75.586,-0.5,0.0,-1.331,6.844200000000001,-28.700000000000003,-80.10000000000001,5.742,0,2.0,-0.5,310.005,1.7815,39.57,0.0,69.473,0.0,0
47038,0.171,75.586,-0.5,0.0,-1.331,6.5492,-28.700000000000003,-80.10000000000001,5.742,0,2.0,-0.51,310.005,4.6188,39.300000000000004,0.0,68.672,0.0,0
47038,0.512,75.586,0.5,0.0,-1.331,6.2605,-25.8,-80.10000000000001,5.742,0,0.0,-0.44,310.005,0.2639,38.43,0.0,67.87100000000001,0.0,0
47038,0.171,75.586,-0.5,0.0,-1.331,5.995,-25.900000000000002,-80.10000000000001,5.742,0,0.0,-0.515,310.005,-4.0002,37.95,0.0,67.07000000000001,0.0,0
47038,0.341,75.586,-0.5,0.0,-1.331,5.729900000000001,-25.900000000000002,-80.10000000000001,5.742,0,-1.0,-0.505,310.005,-3.0352,37.59,0.0,66.27000000000001,0.0,0
47038,0.0,75.586,0.0,0.0,-1.331,5.4645,-25.900000000000002,-80.10000000000001,5.742,0,0.0,-0.515,310.14000000000004,3.0764,38.01,0.0,65.46900000000001,0.0,0
47038,0.171,75.586,0.5,0.0,-1.331,5.2252,-23.1,-80.10000000000001,5.742,0,2.0,-0.485,310.005,2.1774,37.53,0.0,64.668,0.0,0
47038,0.341,75.586,0.5,0.0,-1.331,4.9875,-23.200000000000003,-79.8,5.742,0,0.0,-0.495,310.14000000000004,1.8063,37.65,0.0,63.867000000000004,0.0,0
47038,0.171,75.586,-0.5,0.0,-1.331,4.7498000000000005,-23.5,-80.3,5.742,0,0.0,-0.555,310.14000000000004,1.0557,37.71,0.0,63.066,0.0,0
47038,0.171,75.586,0.5,0.0,-1.331,4.5298,-20.6,-79.3,5.742,0,2.0,-0.525,310.005,-1.0557,38.82,0.0,62.266000000000005,0.0,0
47038,0.512,75.586,-0.5,0.0,-1.331,4.3180000000000005,-20.7,-79.8,5.742,0,1.0,-0.49,310.005,-2.8785000000000003,39.39,0.0,61.465,0.0,0
47038,0.341,75.586,0.0,0.0,-1.331,4.1063,-20.6,-80.3,5.742,0,1.0,-0.535,310.005,-1.3856000000000002,40.47,0.0,60.664,0.0,0
47038,0.341,75.586,0.0,0.0,-1.331,3.9042000000000003,-18.2,-80.10000000000001,5.742,0,0.0,-0.545,310.14000000000004,-0.8825000000000001,39.99,0.0,59.863,0.0,0
47038,0.341,75.586,0.5,0.0,-1.331,3.7168,-18.3,-80.10000000000001,5.742,0,0.0,-0.53,310.14000000000004,1.097,39.24,0.0,59.063,0.0,0
47038,0.512,75.586,0.5,0.0,-1.331,3.5293,-22.700000000000003,-79.8,5.742,0,0.0,-0.45,310.005,0.0,38.52,0.0,58.262,0.0,0
47038,0.171,75.586,0.0,0.0,-1.331,3.3445,-20.2,-79.8,5.742,0,2.0,-0.47000000000000003,309.915,-1.2042000000000002,37.26,0.0,57.461000000000006,0.0,0
47038,0.171,75.586,0.0,0.0,-1.331,3.1793,-20.2,-80.10000000000001,5.742,0,1.0,-0.495,310.005,-5.0559,37.62,0.0,56.660000000000004,0.0,0
47038,0.171,75.586,0.5,0.0,-1.331,3.0141,-20.3,-80.10000000000001,5.742,0,0.0,-0.47000000000000003,310.005,-1.9300000000000002,37.62,0.0,55.859,0.0,0
47038,0.512,75.586,0.5,0.0,-1.331,2.9981,-16.0,-79.60000000000001,5.742,0,2.0,-0.485,310.005,-2.2434000000000003,37.53,0.0,55.781000000000006,0.0,0
47038,0.341,75.586,0.5,0.0,-1.331,2.8329,-16.3,-79.8,5.742,0,0.0,-0.495,310.005,2.5733,37.050000000000004,0.0,54.980000000000004,0.0,0
47038,0.171,75.586,0.0,0.0,-1.331,2.6875,-17.5,-79.8,5.742,0,0.0,-0.53,310.005,1.3196,37.65,0.0,54.18,0.0,0
47038,0.0,75.586,0.5,0.0,-1.331,2.543,-17.7,-79.8,5.742,0,1.0,-0.54,310.005,0.0,38.1,0.0,53.379000000000005,0.0,0
47038,0.171,75.586,0.0,0.0,-1.331,2.3984,-17.7,-80.10000000000001,5.742,0,0.0,-0.505,310.005,1.3196,39.42,0.0,52.578,0.0,0
47038,0.171,75.586,0.5,0.0,-1.331,2.2667,-15.4,-80.10000000000001,5.742,0,0.0,-0.52,310.005,-1.3196,40.44,0.0,51.777,0.0,0
47038,0.512,75.586,0.5,0.0,-1.331,2.1413,-15.200000000000001,-80.10000000000001,5.742,0,0.0,-0.52,309.825,-3.6950000000000003,40.08,0.0,50.977000000000004,0.0,0
47038,0.0,75.586,0.0,0.0,-1.331,2.0186,-12.3,-80.10000000000001,5.742,0,0.0,-0.52,310.005,-2.1114,39.78,0.0,50.195,0.0,0
47038,0.341,75.586,0.0,0.0,-1.331,1.8998000000000002,-10.5,-80.3,5.742,0,1.0,-0.485,310.14000000000004,1.3196,39.63,0.0,49.395,0.0,0
47038,0.341,75.586,0.5,0.0,-1.331,1.7914,-10.5,-80.3,5.742,0,0.0,-0.505,310.14000000000004,3.2001,38.19,0.0,48.594,0.0,0
47038,0.512,75.586,0.5,0.0,-1.331,1.683,-10.6,-80.3,5.742,0,1.0,-0.53,310.005,0.0,37.59,0.0,47.793,0.0,0
47038,0.682,75.586,0.0,0.0,-1.331,1.5764,-9.0,-79.8,5.742,0,1.0,-0.515,310.005,1.9465000000000001,37.14,0.0,46.992000000000004,0.0,0
47038,0.341,75.586,0.5,0.0,-1.331,1.4837,-9.1,-79.8,5.742,0,0.0,-0.505,309.915,-3.6950000000000003,37.35,0.0,46.191,0.0,0
47038,0.682,75.586,0.0,0.0,-1.331,1.3911,-9.0,-80.10000000000001,5.742,0,1.0,-0.44,310.005,-3.9589000000000003,38.19,0.0,45.391000000000005,0.0,0
47038,0.171,75.586,0.0,0.0,-1.331,1.2984,-9.0,-79.8,5.742,0,3.0,-0.53,310.005,1.0557,38.79,0.0,44.59,0.0,0
47038,0.512,75.586,0.0,0.0,-1.331,1.2175,-7.7,-80.10000000000001,5.742,0,0.0,-0.555,309.915,3.9589000000000003,39.6,0.0,43.789,0.0,0
47038,0.512,75.586,0.0,0.0,-1.331,1.1389,-7.6000000000000005,-80.3,5.742,0,0.0,-0.495,310.005,-0.39590000000000003,40.26,0.0,42.988,0.0,0
47038,0.512,75.586,0.0,0.0,-1.331,1.0603,-7.7,-80.3,5.742,0,2.0,-0.505,309.915,-3.1012,39.69,0.0,42.188,0.0,0
47038,0.341,75.586,0.0,0.0,-1.331,0.9888,-6.5,-79.60000000000001,5.742,0,0.0,-0.515,310.005,3.2991,39.15,0.0,41.387,0.0,0
47038,0.171,75.586,-0.5,0.0,-0.423,0.9276000000000001,-4.8,-66.9,5.742,0,0.0,-0.53,310.005,-0.5279,38.88,0.0,40.645,0.0,0
47038,0.341,75.586,-0.5,0.0,-0.423,0.8841,-3.2,-41.1,5.742,0,0.0,-0.52,310.005,1.8475000000000001,39.63,0.0,40.117000000000004,0.0,0
47038,0.341,75.586,0.0,0.0,-0.363,0.8599,-1.7000000000000002,-19.1,5.742,0,0.0,-0.555,309.915,-0.9897,39.54,0.0,39.824000000000005,0.0,0
47038,0.682,75.586,-0.5,0.0,-0.06,0.8519,0.0,-6.6000000000000005,5.742,0,2.0,-0.485,309.915,-2.6393,39.06,0.0,39.727000000000004,0.0,0
47038,0.512,75.586,0.0,0.0,0.242,0.8293,-4.9,-59.7,5.742,0,0.0,-0.505,309.915,4.024900000000001,38.07,0.0,39.453,0.0,0
47038,0.171,75.586,0.5,0.0,0.968,0.7364,-14.700000000000001,-197.10000000000002,5.742,0,1.0,-0.42,310.14000000000004,3.0352,36.75,0.0,38.145,0.0,0
47038,0.0,75.586,0.0,0.0,2.723,0.7230000000000001,-13.4,-212.8,5.742,0,0.0,-0.5750000000000001,310.005,2.2929,36.660000000000004,0.0,37.949000000000005,0.0,0
47038,0.0,75.586,0.5,0.0,13.008000000000001,0.5339,-21.900000000000002,-380.40000000000003,5.742,0,1.0,-1.6,310.14000000000004,2.1362,36.96,0.0,34.883,0.0,0
47038,0.341,75.586,0.0,0.0,78.406,0.3245,-19.2,-513.9,5.742,0,0.0,-0.21,310.005,3.6125000000000003,38.37,0.0,30.293000000000003,0.0,0
47038,0.341,75.586,0.0,0.0,175.868,0.163,-12.5,-568.9,5.742,0,0.0,-0.41000000000000003,310.005,-1.1629,40.65,0.0,24.785,0.0,0
47038,1.0230000000000001,75.586,0.0,0.0,322.878,0.0687,-7.1000000000000005,-555.9,5.742,0,0.0,-0.435,310.14000000000004,-2.7713,40.95,0.0,19.141000000000002,0.0,0
47038,0.682,75.586,0.0,0.0,387.248,0.0234,-3.0,-493.6,5.742,0,0.0,-0.435,310.14000000000004,2.7713,40.32,0.0,13.867,0.0,0
47038,0.171,75.586,0.0,0.0,437.098,0.006,-0.8,-365.40000000000003,5.742,0,0.0,-0.195,310.14000000000004,3.7363000000000004,39.660000000000004,0.0,9.59,0.0,0
47038,0.341,75.586,0.0,0.0,450.408,0.0012000000000000001,-0.1,-212.10000000000002,5.742,0,0.0,-0.265,310.14000000000004,-0.8825000000000001,38.64,0.0,6.777,0.0,0
47038,0.512,75.586,0.0,0.0,455.732,0.0002,0.0,-81.10000000000001,5.742,0,0.0,-0.465,309.915,-3.7857000000000003,39.18,0.0,5.41,0.0,0
47038,0.682,75.586,0.0,0.0,456.397,0.0,0.0,-16.0,5.742,0,0.0,-0.41000000000000003,310.14000000000004,0.2639,39.57,0.0,5.0200000000000005,0.0,0
47038,0.0,75.586,-0.5,0.0,455.974,0.0,0.0,-2.7,5.742,0,2.0,-0.35000000000000003,310.005,1.2124000000000001,39.45,0.0,4.961,0.0,0
47038,0.341,75.586,0.0,0.0,455.611,0.0,0.0,3.0,5.742,0,3.0,-0.34500000000000003,310.005,0.9238000000000001,38.97,0.0,4.961,0.0,0
47038,0.341,75.586,0.0,0.0,454.884,0.0,0.0,0.7000000000000001,5.742,0,2.0,-0.33,310.005,0.2227,38.07,0.0,4.98,0.0,0
47038,0.0,75.586,0.0,0.0,455.005,0.0,0.0,0.0,5.742,0,3.0,-0.37,310.14000000000004,0.767,39.21,0.0,4.98,0.0,0
47038,0.682,75.586,0.0,0.0,455.06600000000003,0.0,0.0,0.0,5.742,0,1.0,-0.375,310.005,0.0,40.44,0.0,4.98,0.0,0
47038,0.341,75.586,0.0,0.0,454.824,0.0,0.0,0.0,5.742,0,3.0,-0.395,310.14000000000004,0.9897,58.17,0.0,4.98,0.0,0
47038,0.512,75.586,0.0,0.0,454.70300000000003,0.0,0.0,0.0,5.742,0,0.0,-0.32,310.005,-3.7363000000000004,115.35000000000001,0.0,4.98,0.0,0
47038,0.512,75.586,0.0,0.0,454.70300000000003,0.0,0.0,0.2,5.742,0,2.0,-0.375,310.005,0.5526,104.67,0.0,4.98,0.0,0
47038,0.682,75.586,0.0,0.0,454.582,0.0,0.0,-0.2,5.742,0,0.0,-0.335,310.005,2.0702000000000003,83.07000000000001,0.0,4.98,0.0,0
47038,0.682,75.586,-0.5,0.0,454.219,0.0,0.0,0.0,5.742,0,1.0,-0.37,310.005,0.9897,184.74,3.5191538333892822,4.98,0.0,0
47038,0.682,75.586,0.0,0.0,454.461,0.0,0.0,0.0,5.742,0,0.0,-0.37,310.14000000000004,1.3609,27.63,3.5191538333892822,4.98,0.0,0
47038,0.682,75.586,0.0,0.0,454.159,0.0,0.0,0.0,5.742,0,3.0,-0.36,310.005,-1.3609,1.3800000000000001,3.5191538333892822,4.98,0.0,0
47038,0.512,75.586,0.0,0.0,454.219,0.0,0.0,0.0,5.742,0,1.0,-0.365,310.005,-0.19790000000000002,0.03,3.5191538333892822,4.98,0.0,0
47038,0.341,75.586,0.0,0.0,453.796,0.0,0.0,0.0,5.742,0,0.0,-0.37,310.005,0.19790000000000002,0.0,3.5191538333892822,4.98,0.0,0
47038,0.171,75.586,0.0,0.0,454.219,0.0,0.0,0.0,5.742,0,0.0,-0.39,310.14000000000004,3.9342,1.1400000000000001,3.5191538333892822,4.98,0.0,0
47038,0.512,75.586,0.0,0.0,454.401,0.0,0.0,0.0,5.742,0,2.0,-0.33,309.915,-0.0247,162.27,6.3204169273376465,4.98,0.0,0
47038,0.512,75.586,0.0,0.0,453.91700000000003,0.0,0.0,0.0,5.742,0,2.0,-0.35000000000000003,309.915,-5.1301000000000005,450.51,7.044007778167725,4.98,0.0,0
47038,0.341,75.586,0.0,0.0,453.978,0.0,0.0,0.0,5.742,0,2.0,-0.39,310.14000000000004,-3.2331000000000003,750.0,9.913354873657227,4.98,0.0,0
47038,0.682,75.586,0.0,0.0,453.91700000000003,0.0,0.0,0.0,5.742,0,1.0,-0.39,310.14000000000004,-1.9795,780.0,10.354475975036621,4.98,0.0,0
47038,0.341,75.586,0.0,0.0,453.978,0.0,0.0,0.0,5.742,0,2.0,-0.33,310.14000000000004,6.1694,1080.0,16.22332191467285,4.98,0.0,0
47038,1.194,75.586,0.0,0.0,453.91700000000003,0.0,0.0,0.0,5.742,0,2.0,-0.36,310.005,2.2434000000000003,1375.92,20.108861923217773,4.98,0.0,0
47038,1.364,75.586,0.0,0.0,454.038,0.0,0.0,0.0,5.742,0,2.0,-0.35000000000000003,310.005,-2.5403000000000002,1493.73,23.35283088684082,4.98,0.0,0
47038,2.0460000000000003,75.586,-0.5,0.0,453.494,0.0,0.0,0.0,5.742,0,1.0,-0.34500000000000003,310.14000000000004,-0.6598,1482.0,28.040813446044922,4.98,0.0,0
47038,2.387,75.586,0.0,0.0,453.31100000000004,0.0,0.0,0.0,5.742,0,1.0,-0.4,310.005,-1.8475000000000001,1331.28,32.690162658691406,4.98,0.0,0
47038,2.5580000000000003,75.586,0.0,0.0,453.07,0.0,0.0,0.0,5.742,0,2.0,-0.37,310.005,-1.1877,1145.01,35.536075592041016,4.98,0.0,0
47038,2.899,75.586,0.0,0.0,452.82800000000003,0.0,0.0,0.0,5.742,0,0.0,-0.375,309.825,-5.0477,975.87,35.536075592041016,4.98,0.0,0
47038,3.581,75.586,0.0,0.0,452.404,0.0,0.0,0.0,5.742,0,2.0,-0.36,309.825,-5.5425,779.16,35.536075592041016,4.98,0.0,0
47038,3.0700000000000003,75.586,0.0,0.0,452.46500000000003,0.0,0.0,0.0,5.742,0,2.0,-0.35000000000000003,309.825,-3.563,454.32,35.536075592041016,4.98,0.0,0
47038,3.0700000000000003,75.586,0.0,0.0,452.46500000000003,0.0,0.0,0.0,5.742,0,2.0,-0.37,309.825,-2.8043,420.54,35.536075592041016,4.98,0.0,0
47038,3.24,75.586,0.5,0.0,452.284,0.0,0.0,0.0,5.742,0,2.0,-0.36,309.69,-1.4929000000000001,186.42000000000002,35.536075592041016,4.98,0.0,0
47038,3.0700000000000003,75.586,0.0,0.0,452.52500000000003,0.0,0.0,0.0,5.742,0,2.0,-0.38,309.825,0.0,-480.0,35.536075592041016,4.98,0.0,0
47038,3.24,75.586,0.0,0.0,452.646,0.0,0.0,0.0,5.742,0,1.0,-0.39,309.825,0.5938,-480.0,35.536075592041016,4.98,0.0,0
47038,2.5580000000000003,75.586,0.0,0.0,452.52500000000003,0.0,0.0,0.0,5.742,0,1.0,-0.365,309.825,2.5733,-480.0,35.536075592041016,4.98,0.0,0
47038,3.0700000000000003,75.586,0.0,0.0,452.10200000000003,0.0,0.0,0.2,5.742,0,2.0,-0.365,309.825,-4.3548,-480.0,35.536075592041016,4.98,0.0,0
47038,11.937,75.50800000000001,-29.5,0.0,452.163,0.0,0.0,0.2,5.742,0,1.0,-0.33,309.825,-2.5733,-480.0,35.536075592041016,4.98,0.0,0
47038,43.997,74.775,-114.4,0.0,452.163,0.0,0.0,0.0,5.742,0,6.0,-0.38,309.825,3.3651,-398.40000000000003,35.536075592041016,4.98,0.0,0
47038,91.063,73.35900000000001,-151.5,-1.0,452.344,0.0,0.0,0.0,5.742,0,17.0,-0.37,309.825,0.37120000000000003,30.78,35.536075592041016,4.98,0.0,0
47038,148.02,71.924,-138.3,-1.0,452.344,0.0,0.0,0.0,5.742,0,45.0,-0.34500000000000003,309.825,0.9897,263.55,35.536075592041016,4.98,0.0,0
47038,206.853,70.537,-139.3,-1.0,452.223,0.0,0.0,0.0,5.742,0,54.0,-0.335,309.825,-0.5279,97.47,35.536075592041016,4.98,0.0,0
47038,273.189,69.141,-139.9,0.0,451.497,0.0,0.0,-0.2,5.742,0,51.0,-0.375,309.915,0.0495,-94.41,35.536075592041016,4.98,0.0,0
47038,346.517,67.73400000000001,-139.3,0.0,451.497,0.0,0.0,0.2,5.742,0,48.0,-0.355,309.915,4.0084,-191.22,35.536075592041016,4.98,0.0,0
47038,440.65000000000003,66.348,-139.3,0.0,451.8,0.0,0.0,-0.2,5.742,0,55.0,-0.39,309.825,-3.761,-56.4,35.536075592041016,4.98,0.0,0
47038,535.464,64.95100000000001,-138.3,0.0,452.04200000000003,0.0,0.0,0.2,5.742,0,51.0,-0.36,309.825,-1.5176,58.77,35.536075592041016,4.98,0.0,0
47038,629.768,63.555,-140.9,0.0,451.497,0.0,0.0,-0.2,5.742,0,52.0,-0.385,309.915,0.5938,119.94,35.536075592041016,4.98,0.0,0
47038,716.397,62.168000000000006,-138.3,0.0,451.01300000000003,0.0,0.0,0.0,5.742,0,51.0,-0.375,309.915,3.3898,122.94,35.536075592041016,4.98,0.0,0
47038,795.523,60.771,-139.3,0.0,451.315,0.0,0.0,0.0,5.742,0,54.0,-0.33,309.915,2.0949,92.97,35.536075592041016,4.98,0.0,0
47038,857.596,59.375,-138.3,0.0,451.315,0.0,0.0,0.0,5.742,0,53.0,-0.35000000000000003,309.915,0.1155,54.72,35.536075592041016,4.98,0.0,0
47038,863.564,59.238,-138.8,0.0,451.43600000000004,0.0,0.0,0.0,5.742,0,52.0,-0.315,309.915,-0.2639,51.24,35.536075592041016,4.98,0.0,0
47038,916.088,57.832,-139.3,0.0,451.617,0.0,0.0,0.0,5.742,0,58.0,-0.34,309.915,1.0557,23.67,35.536075592041016,4.98,0.0,0
47038,958.2090000000001,56.445,-139.9,0.0,451.678,0.0,0.0,-0.2,5.742,0,53.0,-0.325,309.915,-1.3196,14.22,35.536075592041016,4.98,0.0,0
47038,995.725,55.039,-138.3,0.0,451.194,0.0,0.0,0.2,5.742,0,51.0,-0.245,309.915,-1.5836000000000001,19.47,35.536075592041016,4.98,0.0,0
47038,1033.753,53.643,-140.9,0.0,451.315,0.0,0.0,0.0,5.742,0,58.0,-0.27,309.915,-0.2639,31.17,35.536075592041016,4.98,0.0,0
47038,1067.1770000000001,52.246,-138.3,0.0,451.497,0.0,0.0,0.0,5.742,0,53.0,-0.16,309.915,3.6950000000000003,42.300000000000004,35.536075592041016,4.98,0.0,0
47038,1099.578,50.84,-140.3,0.0,451.37600000000003,0.0,0.0,0.0,5.742,0,52.0,0.07,310.005,3.1672000000000002,48.03,35.536075592041016,4.98,0.0,0
47038,1118.507,49.453,-138.3,0.0,451.43600000000004,0.0,0.0,0.0,5.742,0,62.0,0.145,310.005,-0.066,48.24,35.536075592041016,4.98,0.0,0
47038,1130.615,48.037,-139.9,0.0,451.194,0.0,0.0,0.0,5.737,0,53.0,0.25,309.915,-0.2639,44.79,35.536075592041016,4.98,0.0,0
47038,1139.482,46.650000000000006,-140.3,0.0,451.315,0.0,0.0,0.0,5.737,0,55.0,0.41500000000000004,310.005,-1.0557,40.5,35.536075592041016,4.98,0.0,0
47038,1149.202,45.244,-139.3,0.0,451.37600000000003,0.0,0.0,0.0,5.737,0,57.0,0.54,309.915,0.0,37.56,35.536075592041016,4.98,0.0,0
47038,1160.287,43.848,-140.3,0.0,451.678,0.0,0.0,-0.2,5.737,0,60.0,0.525,310.005,0.46190000000000003,37.74,35.536075592041016,4.98,0.0,0
47038,1171.03,42.441,-138.3,0.0,451.86,0.0,0.0,0.0,5.737,0,50.0,0.56,309.915,-2.1114,38.730000000000004,35.536075592041016,4.98,0.0,0
47038,1181.0910000000001,41.045,-141.9,0.0,451.8,0.0,0.0,0.0,5.737,0,53.0,0.6,309.915,-1.5836000000000001,39.45,35.536075592041016,4.98,0.0,0
47038,1186.037,39.648,-138.3,0.0,451.678,0.0,0.0,0.0,5.737,0,53.0,0.6,309.915,-1.8475000000000001,40.410000000000004,35.536075592041016,4.98,0.0,0
47038,1192.346,38.242000000000004,-140.9,0.0,451.557,0.0,0.0,0.0,5.737,0,53.0,0.67,309.915,0.0,41.07,35.536075592041016,4.98,0.0,0
47038,1194.0520000000001,36.846000000000004,-138.8,0.0,451.194,0.0,0.0,0.2,5.737,0,54.0,0.65,309.915,-1.3196,41.160000000000004,35.536075592041016,4.98,0.0,0
47038,1198.144,35.439,-139.3,0.0,451.01300000000003,0.0,0.0,0.0,5.737,0,48.0,0.745,309.825,1.6496000000000002,40.26,35.536075592041016,4.98,0.0,0
47038,1200.191,34.043,-140.9,0.0,451.134,0.0,0.0,0.0,5.737,0,53.0,0.72,310.005,2.3754,38.88,35.536075592041016,4.98,0.0,0
47038,1203.942,32.637,-139.3,0.0,451.315,0.0,0.0,0.0,5.737,0,49.0,0.725,309.915,-3.1672000000000002,37.5,35.536075592041016,4.98,0.0,0
47038,1205.6480000000001,31.26,-128.1,0.0,451.8,0.0,0.0,0.0,5.737,0,52.0,0.725,310.005,2.6393,37.050000000000004,35.536075592041016,4.98,0.0,0
47038,1141.699,30.459000000000003,-36.1,0.0,451.134,0.0,0.0,0.0,5.737,0,52.0,0.785,309.915,3.2331000000000003,38.160000000000004,35.536075592041016,4.98,0.0,0
47038,980.548,30.41,4.5,1.0,450.65000000000003,0.0,0.0,0.0,5.737,0,32.0,0.735,309.915,-0.7918000000000001,39.300000000000004,35.536075592041016,4.98,0.0,0
47038,841.395,30.361,-9.1,2.0,450.892,0.0,0.0,0.0,5.737,0,5.0,0.74,309.915,-2.0455,39.84,35.536075592041016,4.98,0.0,0
47038,740.612,30.273,-8.1,1.0,451.194,0.0,0.0,0.0,5.737,0,-3.0,0.785,310.005,0.7918000000000001,39.99,35.536075592041016,4.98,0.0,0
47038,731.745,30.264000000000003,-8.6,1.0,451.194,0.0,0.0,0.0,5.737,0,3.0,0.785,309.69,-0.6186,39.96,35.536075592041016,4.98,0.0,0
47038,654.153,30.176000000000002,-8.1,0.0,451.557,0.0,0.0,0.0,5.737,0,6.0,0.785,309.915,-2.9692000000000003,39.78,35.536075592041016,4.98,0.0,0
47038,591.057,30.088,-8.6,-1.0,451.43600000000004,0.0,0.0,0.0,5.737,0,17.0,0.79,309.825,2.1939,38.49,35.536075592041016,4.98,0.0,0
47038,539.557,30.01,-8.1,0.0,451.01300000000003,0.0,0.0,0.0,5.737,0,24.0,0.765,310.005,2.7053000000000003,38.7,35.536075592041016,4.98,0.0,0
47038,497.607,29.932000000000002,-5.5,0.0,451.07300000000004,0.0,0.0,0.0,5.737,0,22.0,0.795,309.915,-1.7155,38.730000000000004,35.536075592041016,4.98,0.0,0
47038,432.294,30.107000000000003,37.1,1.0,451.315,0.0,0.0,0.0,5.737,0,8.0,0.805,309.915,2.3754,38.67,35.536075592041016,4.98,0.0,0
47038,351.974,30.576,47.300000000000004,2.0,451.37600000000003,0.0,0.0,0.0,5.737,0,-10.0,0.8,309.825,-0.4949,37.86,35.536075592041016,4.98,0.0,0
47038,292.971,30.928,25.900000000000002,2.0,451.315,0.0,0.0,0.0,5.737,0,-49.0,0.785,309.825,-3.8105,36.78,35.536075592041016,4.98,0.0,0
47038,260.57,31.104000000000003,12.200000000000001,0.0,451.37600000000003,0.0,0.0,0.0,5.737,0,-28.0,0.805,309.825,-2.6228000000000002,36.93,35.536075592041016,4.98,0.0,0
47038,243.346,31.182000000000002,3.0,-1.0,451.07300000000004,0.0,0.0,0.0,5.737,0,-12.0,0.755,309.825,0.8083,38.01,35.536075592041016,4.98,0.0,0
47038,236.35500000000002,31.191000000000003,-1.5,-1.0,451.07300000000004,0.0,0.0,0.0,5.737,0,-5.0,0.77,309.825,0.39590000000000003,39.63,35.536075592041016,4.98,0.0,0
47038,234.138,31.172,-2.0,-1.0,451.07300000000004,0.0,0.0,0.0,5.737,0,5.0,0.8,309.825,0.6598,40.32,35.536075592041016,4.98,0.0,0
47038,233.626,31.123,-5.5,-1.0,451.134,0.0,0.0,0.0,5.737,0,13.0,0.79,309.915,-0.28040000000000004,39.96,35.536075592041016,4.98,0.0,0
47038,233.115,31.064,-6.1000000000000005,0.0,451.194,0.0,0.0,0.0,5.737,0,9.0,0.79,309.825,-0.7753,38.67,35.536075592041016,4.98,0.0,0
47038,232.433,31.006,-6.6000000000000005,0.0,451.134,0.0,0.0,0.0,5.737,0,6.0,0.81,309.825,-0.39590000000000003,38.28,35.536075592041016,4.98,0.0,0
47038,231.75,30.938000000000002,-6.1000000000000005,0.0,451.315,0.0,0.0,0.0,5.737,0,5.0,0.76,309.825,-0.2639,38.64,35.536075592041016,4.98,0.0,0
47038,231.921,30.869,-6.6000000000000005,0.0,451.07300000000004,0.0,0.0,0.0,5.737,0,1.0,0.775,309.825,0.132,38.1,35.536075592041016,4.98,0.0,0
47038,231.921,30.801000000000002,-7.1000000000000005,0.0,451.01300000000003,0.0,0.0,0.0,5.737,0,5.0,0.785,309.825,0.2639,37.53,35.536075592041016,4.98,0.0,0
47038,231.75,30.732000000000003,-7.1000000000000005,0.0,451.07300000000004,0.0,0.0,0.0,5.737,0,4.0,0.785,309.825,0.132,37.11,35.536075592041016,4.98,0.0,0
47038,231.921,30.664,-7.1000000000000005,0.0,451.01300000000003,0.0,0.0,0.0,5.737,0,7.0,0.775,309.825,0.2639,36.72,35.536075592041016,4.98,0.0,0
47038,232.433,30.596,-7.1000000000000005,0.0,450.831,0.0,0.0,0.0,5.737,0,10.0,0.765,310.005,4.0579,37.59,35.536075592041016,4.98,0.0,0
47038,231.921,30.527,-6.6000000000000005,0.0,450.711,0.0,0.0,0.0,5.737,0,10.0,0.795,309.825,0.9238000000000001,38.49,35.536075592041016,4.98,0.0,0
47038,231.921,30.459000000000003,-7.6000000000000005,0.0,450.952,0.0,0.0,0.0,5.737,0,8.0,0.79,309.69,-2.2187,39.75,35.536075592041016,4.98,0.0,0
47038,231.75,30.400000000000002,-7.1000000000000005,0.0,451.07300000000004,0.0,0.0,0.0,5.737,0,8.0,0.78,309.825,-3.4806000000000004,40.5,35.536075592041016,4.98,0.0,0
47038,232.091,30.332,-7.1000000000000005,0.0,450.892,0.0,0.0,0.0,5.737,0,7.0,0.76,309.825,0.9897,39.54,35.536075592041016,4.98,0.0,0
47038,232.091,30.264000000000003,-7.1000000000000005,0.0,450.952,0.0,0.0,0.0,5.737,0,7.0,0.78,309.915,2.1774,38.37,35.536075592041016,4.98,0.0,0
47038,232.433,30.195,-6.1000000000000005,0.0,451.134,0.0,0.0,0.0,5.737,0,9.0,0.8,309.69,-1.5588000000000002,38.22,35.536075592041016,4.98,0.0,0
47038,232.091,30.127000000000002,-6.6000000000000005,0.0,451.194,0.0,0.0,0.0,5.737,0,9.0,0.745,309.825,-2.0455,38.34,35.536075592041016,4.98,0.0,0
47038,232.433,30.059,-6.6000000000000005,0.0,451.07300000000004,0.0,0.0,0.0,5.737,0,8.0,0.785,309.915,-0.3299,38.79,35.536075592041016,4.98,0.0,0
47038,232.262,30.0,-6.6000000000000005,0.0,451.01300000000003,0.0,0.0,0.0,5.737,0,8.0,0.795,309.825,4.9487000000000005,38.19,35.536075592041016,4.98,0.0,0
47038,232.262,29.932000000000002,-7.1000000000000005,0.0,451.01300000000003,0.0,0.0,0.0,5.737,0,7.0,0.78,309.825,0.9238000000000001,37.68,35.536075592041016,4.98,0.0,0
47038,232.433,29.922,-6.6000000000000005,0.0,451.01300000000003,0.0,0.0,0.0,5.737,0,8.0,0.785,309.825,0.5279,37.65,35.536075592041016,4.98,0.0,0
47038,232.433,29.854000000000003,-6.6000000000000005,0.0,451.315,0.0,0.0,0.0,5.737,0,9.0,0.775,309.825,-2.1114,36.63,35.536075592041016,4.98,0.0,0
47038,232.262,29.795,-6.6000000000000005,0.0,451.315,0.0,0.0,0.0,5.737,0,8.0,0.785,309.69,-4.651800000000001,36.99,35.536075592041016,4.98,0.0,0
47038,232.433,29.727,-6.6000000000000005,0.0,451.194,0.0,0.0,0.0,5.737,0,9.0,0.76,309.915,-0.2639,38.22,35.536075592041016,4.98,0.0,0
47038,232.433,29.668000000000003,-6.1000000000000005,0.0,450.65000000000003,0.0,0.0,0.0,5.737,0,9.0,0.78,309.825,3.6950000000000003,39.09,35.536075592041016,4.98,0.0,0
47038,232.603,29.6,-6.6000000000000005,0.0,450.65000000000003,0.0,0.0,0.0,5.737,0,8.0,0.77,309.915,3.8270000000000004,39.15,35.536075592041016,4.98,0.0,0
47038,232.433,29.531000000000002,-6.1000000000000005,0.0,450.59000000000003,0.0,0.0,0.0,5.737,0,7.0,0.765,309.825,-0.46190000000000003,39.0,35.536075592041016,4.98,0.0,0
47038,232.774,29.473000000000003,-7.1000000000000005,0.0,450.952,0.0,0.0,0.0,5.737,0,7.0,0.735,309.825,-0.7918000000000001,38.49,35.536075592041016,4.98,0.0,0
47038,232.433,29.404,-6.1000000000000005,0.0,450.831,0.0,0.0,0.0,5.737,0,7.0,0.795,309.825,0.066,38.58,35.536075592041016,4.98,0.0,0
47038,232.433,29.346,-6.6000000000000005,0.0,450.952,0.0,0.0,0.0,5.737,0,9.0,0.765,309.825,-0.2639,38.46,35.536075592041016,4.98,0.0,0
47038,232.774,29.277,-6.6000000000000005,0.0,450.892,0.0,0.0,0.0,5.737,0,6.0,0.755,309.915,0.46190000000000003,38.4,35.536075592041016,4.98,0.0,0
47038,232.603,29.219,-6.1000000000000005,0.0,451.194,0.0,0.0,0.0,5.737,0,7.0,0.77,309.825,1.8475000000000001,37.86,35.536075592041016,4.98,0.0,0
47038,232.774,29.150000000000002,-6.1000000000000005,0.0,451.255,0.0,0.0,0.0,5.737,0,7.0,0.755,309.915,-2.4413,37.11,35.536075592041016,4.98,0.0,0
47038,232.433,29.092000000000002,-5.1000000000000005,0.0,451.01300000000003,0.0,0.0,0.0,5.737,0,7.0,0.79,309.915,-1.1877,37.47,35.536075592041016,4.98,0.0,0
47038,232.433,29.023,-6.6000000000000005,0.0,451.07300000000004,0.0,0.0,0.0,5.737,0,7.0,0.78,309.825,2.6393,37.35,35.536075592041016,4.98,0.0,0
47038,232.774,28.965,-6.1000000000000005,0.0,450.711,0.0,0.0,0.0,5.737,0,7.0,0.77,309.825,-2.6393,38.160000000000004,35.536075592041016,4.98,0.0,0
47038,232.774,28.906000000000002,-6.1000000000000005,0.0,450.831,0.0,0.0,0.0,5.737,0,7.0,0.78,309.825,-2.0455,39.0,35.536075592041016,4.98,0.0,0
47038,232.603,28.838,-6.6000000000000005,0.0,451.01300000000003,0.0,0.0,0.0,5.737,0,7.0,0.775,309.825,0.2639,39.96,35.536075592041016,4.98,0.0,0
47038,232.603,28.779,-6.1000000000000005,0.0,451.01300000000003,0.0,0.0,0.0,5.737,0,7.0,0.785,309.69,-1.4846000000000001,39.87,35.536075592041016,4.98,0.0,0
47038,232.603,28.770000000000003,-7.1000000000000005,0.0,451.01300000000003,0.0,0.0,0.0,5.737,0,8.0,0.785,309.69,-2.4166000000000003,39.87,35.536075592041016,4.98,0.0,0
47038,232.774,28.711000000000002,-6.1000000000000005,0.0,450.65000000000003,0.0,0.0,0.0,5.737,0,9.0,0.78,309.825,0.3299,39.93,35.536075592041016,4.98,0.0,0
47038,232.774,28.652,-6.1000000000000005,0.0,450.529,0.0,0.0,0.0,5.737,0,7.0,0.79,309.915,1.1052,39.72,35.536075592041016,4.98,0.0,0
47038,232.774,28.584,-5.5,0.0,450.65000000000003,0.0,0.0,0.0,5.737,0,7.0,0.75,309.825,3.0764,39.99,35.536075592041016,4.98,0.0,0
47038,232.94400000000002,28.525000000000002,-6.6000000000000005,0.0,450.892,0.0,0.0,0.0,5.737,0,8.0,0.78,309.915,0.132,39.09,35.536075592041016,4.98,0.0,0
47038,232.94400000000002,28.467000000000002,-6.1000000000000005,0.0,450.711,0.0,0.0,0.0,5.737,0,8.0,0.775,309.825,-2.2929,38.19,35.536075592041016,4.98,0.0,0
47038,232.94400000000002,28.408,-6.1000000000000005,0.0,450.469,0.0,0.0,0.0,5.737,0,7.0,0.76,309.69,-2.2187,37.71,35.536075592041016,4.98,0.0,0
47038,232.603,28.35,-6.6000000000000005,0.0,450.711,0.0,0.0,0.0,5.737,0,7.0,0.765,309.915,1.7155,37.83,35.536075592041016,4.98,0.0,0
47038,232.603,28.281000000000002,-5.1000000000000005,0.0,450.711,0.0,0.0,0.0,5.737,0,7.0,0.785,309.69,-3.1919,38.28,35.536075592041016,4.98,0.0,0
47038,232.774,28.223000000000003,-6.6000000000000005,0.0,451.01300000000003,0.0,0.0,0.0,5.737,0,9.0,0.77,309.825,0.5691,38.94,35.536075592041016,4.98,0.0,0
47038,232.774,28.164,-6.1000000000000005,0.0,450.711,0.0,0.0,0.0,5.737,0,7.0,0.765,309.825,2.7713,39.63,35.536075592041016,4.98,0.0,0
47038,232.774,28.105,-6.1000000000000005,0.0,450.892,0.0,0.0,0.0,5.737,0,8.0,0.775,309.915,0.42060000000000003,40.71,35.536075592041016,4.98,0.0,0
47038,232.774,28.047,-5.5,0.0,450.771,0.0,0.0,0.0,5.737,0,9.0,0.79,309.825,-2.9527,41.28,35.536075592041016,4.98,0.0,0
47038,232.94400000000002,27.988000000000003,-5.5,0.0,450.831,0.0,0.0,0.0,5.737,0,7.0,0.765,309.915,1.6331,41.28,35.536075592041016,4.98,0.0,0
47038,232.774,27.93,-6.1000000000000005,0.0,450.831,0.0,0.0,0.0,5.737,0,7.0,0.795,309.69,-0.767,40.11,35.536075592041016,4.98,0.0,0
47038,232.774,27.871000000000002,-6.1000000000000005,0.0,450.65000000000003,0.0,0.0,0.0,5.737,0,7.0,0.795,309.825,-0.5938,38.49,35.536075592041016,4.98,0.0,0
47038,232.94400000000002,27.813000000000002,-5.5,0.0,450.831,0.0,0.0,0.0,5.737,0,7.0,0.78,309.825,0.6103000000000001,37.56,35.536075592041016,4.98,0.0,0
47038,232.774,27.754,-5.5,0.0,450.952,0.0,0.0,0.0,5.737,0,7.0,0.775,309.825,3.0764,37.56,35.536075592041016,4.98,0.0,0
47038,233.115,27.695,-5.1000000000000005,0.0,450.892,0.0,0.0,0.0,5.737,0,8.0,0.755,309.69,-3.4558,37.14,35.536075592041016,4.98,0.0,0
47038,233.285,27.637,-6.1000000000000005,0.0,450.408,0.0,0.0,0.0,5.737,0,7.0,0.755,309.825,-0.19790000000000002,37.65,35.536075592041016,4.98,0.0,0
47038,233.45600000000002,27.578000000000003,-6.1000000000000005,0.0,450.65000000000003,0.0,0.0,0.0,5.737,0,7.0,0.765,309.825,2.3259000000000003,38.61,35.536075592041016,4.98,0.0,0
47038,233.285,27.52,-6.1000000000000005,0.0,450.892,0.0,0.0,0.0,5.737,0,7.0,0.785,309.915,1.8723,39.99,35.536075592041016,4.98,0.0,0
47038,233.115,27.461000000000002,-5.1000000000000005,0.0,450.469,0.0,0.0,0.0,5.737,0,7.0,0.78,309.915,0.6598,41.1,35.536075592041016,4.98,0.0,0
47038,233.285,27.412000000000003,-5.1000000000000005,0.0,450.831,0.0,0.0,0.0,5.737,0,7.0,0.79,309.825,3.1672000000000002,40.77,35.536075592041016,4.98,0.0,0
47038,233.285,27.354000000000003,-5.1000000000000005,0.0,450.771,0.0,0.0,0.0,5.737,0,7.0,0.8,309.825,-0.6598,40.17,35.536075592041016,4.98,0.0,0
47038,233.115,27.344,-5.5,0.0,450.65000000000003,0.0,0.0,0.0,5.737,0,8.0,0.8,309.825,-1.3196,40.11,35.536075592041016,4.98,0.0,0
47038,233.285,27.295,-5.5,0.0,450.711,0.0,0.0,0.0,5.737,0,8.0,0.8200000000000001,309.825,-3.629,39.75,35.536075592041016,4.98,0.0,0
47038,233.45600000000002,27.236,-5.5,0.0,450.65000000000003,0.0,0.0,0.0,5.737,0,7.0,0.795,309.825,-1.3196,39.54,35.536075592041016,4.98,0.0,0
47038,233.626,27.178,-6.1000000000000005,0.0,450.771,0.0,0.0,0.0,5.737,0,8.0,0.845,309.915,3.629,39.0,35.536075592041016,4.98,0.0,0
47038,233.626,27.119,-5.5,0.0,450.469,0.0,0.0,0.0,5.737,0,7.0,0.8150000000000001,309.825,0.7918000000000001,37.92,35.536075592041016,4.98,0.0,0
47038,233.285,27.07,-5.1000000000000005,0.0,450.28700000000003,0.0,0.0,0.0,5.737,0,7.0,0.755,309.915,-2.1774,37.56,35.536075592041016,4.98,0.0,0
47038,233.285,27.012,-5.5,0.0,450.59000000000003,0.0,0.0,0.0,5.737,0,5.0,0.78,309.915,0.7918000000000001,37.800000000000004,35.536075592041016,4.98,0.0,0
47038,233.285,26.963,-5.1000000000000005,0.0,450.59000000000003,0.0,0.0,0.0,5.737,0,7.0,0.765,309.825,0.0,38.28,35.536075592041016,4.98,0.0,0
47038,233.45600000000002,26.904,-6.1000000000000005,0.0,450.711,0.0,0.0,0.0,5.737,0,7.0,0.8,309.825,-1.3196,39.39,35.536075592041016,4.98,0.0,0
47038,233.45600000000002,26.855,-5.5,0.0,450.59000000000003,0.0,0.0,0.0,5.737,0,7.0,0.8200000000000001,309.915,2.6393,40.410000000000004,35.536075592041016,4.98,0.0,0
47038,233.45600000000002,26.846,-5.5,0.0,450.59000000000003,0.0,0.0,0.0,5.737,0,7.0,0.805,309.915,3.1672000000000002,40.56,35.536075592041016,4.98,0.0,0
47038,233.797,26.797,-5.5,0.0,450.65000000000003,0.0,0.0,0.0,5.737,0,8.0,0.79,309.825,-1.1217000000000001,40.59,35.536075592041016,4.98,0.0,0
47038,233.626,26.738,-5.5,0.0,450.831,0.0,0.0,0.0,5.737,0,8.0,0.79,309.825,-1.5176,40.2,35.536075592041016,4.98,0.0,0
47038,233.626,26.689,-5.5,0.0,450.65000000000003,0.0,0.0,0.0,5.737,0,8.0,0.785,309.825,2.8537000000000003,39.72,35.536075592041016,4.98,0.0,0
47038,233.797,26.631,-5.1000000000000005,0.0,450.59000000000003,0.0,0.0,0.0,5.737,0,8.0,0.795,309.825,-1.4351,40.68,35.536075592041016,4.98,0.0,0
47038,233.626,26.582,-5.5,0.0,450.65000000000003,0.0,0.0,0.0,5.737,0,7.0,0.8,309.915,-0.14850000000000002,40.17,35.536075592041016,4.98,0.0,0
47038,233.45600000000002,26.533,-5.5,0.0,450.711,0.0,0.0,0.0,5.737,0,8.0,0.775,309.915,2.2434000000000003,40.02,35.536075592041016,4.98,0.0,0
47038,233.797,26.475,-5.1000000000000005,0.0,450.711,0.0,0.0,0.0,5.737,0,7.0,0.8250000000000001,309.825,-2.4413,39.21,35.536075592041016,4.98,0.0,0
47038,233.797,26.426000000000002,-5.5,0.0,450.65000000000003,0.0,0.0,0.0,5.737,0,7.0,0.77,309.69,-4.8415,38.37,35.536075592041016,4.98,0.0,0
47038,233.626,26.377000000000002,-5.5,0.0,450.831,0.0,0.0,0.0,5.737,0,7.0,0.755,309.825,2.6558,37.92,35.536075592041016,4.98,0.0,0
47038,233.45600000000002,26.328000000000003,-5.1000000000000005,0.0,450.831,0.0,0.0,0.0,5.737,0,7.0,0.84,309.915,2.6888,38.160000000000004,35.536075592041016,4.98,0.0,0
47038,233.797,26.279,-5.1000000000000005,0.0,450.892,0.0,0.0,0.0,5.737,0,7.0,0.74,309.825,2.1527000000000003,39.27,35.536075592041016,4.98,0.0,0
47038,233.797,26.221,-5.1000000000000005,0.0,450.771,0.0,0.0,0.0,5.737,0,8.0,0.8150000000000001,309.825,-0.7753,40.59,35.536075592041016,4.98,0.0,0
47038,233.797,26.172,-5.1000000000000005,0.0,450.65000000000003,0.0,0.0,0.0,5.737,0,7.0,0.8250000000000001,309.915,-3.629,40.980000000000004,35.536075592041016,4.98,0.0,0
47038,233.967,26.123,-4.5,0.0,450.65000000000003,0.0,0.0,0.0,5.737,0,7.0,0.8200000000000001,309.825,0.6103000000000001,40.35,35.536075592041016,4.98,0.0,0
47038,233.967,26.074,-4.5,0.0,450.348,0.0,0.0,0.0,5.737,0,7.0,0.795,309.69,1.0145,40.02,35.536075592041016,4.98,0.0,0
47038,234.138,26.025000000000002,-5.1000000000000005,0.0,450.469,0.0,0.0,0.0,5.737,0,7.0,0.8200000000000001,309.69,-5.2538,40.230000000000004,35.536075592041016,4.98,0.0,0
47038,234.308,25.977,-4.1000000000000005,0.0,450.831,0.0,0.0,0.0,5.737,0,7.0,0.8,309.825,-1.7815,39.99,35.536075592041016,4.98,0.0,0
47038,233.967,25.938000000000002,-5.1000000000000005,0.0,450.469,0.0,0.0,0.0,5.737,0,7.0,0.8150000000000001,309.69,0.6846,39.75,35.536075592041016,4.98,0.0,0
47038,234.138,25.889000000000003,-5.1000000000000005,0.0,450.469,0.0,0.0,0.0,5.737,0,7.0,0.785,309.69,1.5176,39.27,35.536075592041016,4.98,0.0,0
47038,233.797,25.84,-4.5,0.0,450.65000000000003,0.0,0.0,0.0,5.737,0,6.0,0.8150000000000001,309.915,-0.5031,38.52,35.536075592041016,4.98,0.0,0
47038,234.138,25.791,-4.5,0.0,450.771,0.0,0.0,0.0,5.737,0,8.0,0.835,309.915,2.2681,38.1,35.536075592041016,4.98,0.0,0
47038,234.138,25.791,-4.5,0.0,450.771,0.0,0.0,0.0,5.737,0,7.0,0.85,309.915,2.2104,38.1,35.536075592041016,4.98,0.0,0
47038,233.797,25.742,-4.5,0.0,450.348,0.0,0.0,0.0,5.737,0,7.0,0.795,309.915,4.6188,38.58,35.536075592041016,4.98,0.0,0
47038,233.967,25.693,-5.1000000000000005,0.0,450.469,0.0,0.0,0.0,5.737,0,6.0,0.795,309.69,-0.8908,39.84,35.536075592041016,4.98,0.0,0
47038,234.308,25.645,-4.5,0.0,450.711,0.0,0.0,0.0,5.737,0,7.0,0.8150000000000001,309.915,0.2639,40.62,35.536075592041016,4.98,0.0,0
47038,234.138,25.605,-4.1000000000000005,0.0,450.529,0.0,0.0,0.0,5.737,0,7.0,0.845,309.915,0.2639,41.31,35.536075592041016,4.98,0.0,0
47038,234.479,25.557000000000002,-4.1000000000000005,0.0,450.65000000000003,0.0,0.0,0.0,5.737,0,6.0,0.8300000000000001,309.915,2.6393,40.53,35.536075592041016,4.98,0.0,0
47038,234.138,25.518,-4.1000000000000005,0.0,450.711,0.0,0.0,0.0,5.737,0,7.0,0.835,309.69,-2.4743,40.17,35.536075592041016,4.98,0.0,0
47038,234.138,25.469,-4.5,0.0,450.831,0.0,0.0,0.0,5.737,0,7.0,0.835,309.69,-3.9589000000000003,39.72,35.536075592041016,4.98,0.0,0
47038,234.308,25.43,-4.1000000000000005,0.0,450.831,0.0,0.0,0.0,5.737,0,6.0,0.8250000000000001,309.69,-1.1547,39.0,35.536075592041016,4.98,0.0,0
47038,234.479,25.381,-4.5,0.0,450.771,0.0,0.0,0.0,5.737,0,8.0,0.835,309.825,2.7713,37.92,35.536075592041016,4.98,0.0,0
47038,234.308,25.342000000000002,-4.5,0.0,450.59000000000003,0.0,0.0,0.0,5.737,0,6.0,0.855,309.825,2.2764,37.410000000000004,35.536075592041016,4.98,0.0,0
47038,234.479,25.303,-4.1000000000000005,0.0,450.59000000000003,0.0,0.0,0.0,5.737,0,6.0,0.84,309.825,4.7507,36.99,35.536075592041016,4.98,0.0,0
47038,234.138,25.264000000000003,-4.5,0.0,450.529,0.0,0.0,0.0,5.737,0,7.0,0.84,309.825,-0.2639,37.44,35.536075592041016,4.98,0.0,0
47038,234.479,25.215,-4.1000000000000005,0.0,450.65000000000003,0.0,0.0,0.0,5.737,0,7.0,0.87,309.825,-2.9032,38.13,35.536075592041016,4.98,0.0,0
47038,234.138,25.176000000000002,-4.1000000000000005,0.0,450.529,0.0,0.0,0.0,5.737,0,7.0,0.8250000000000001,309.825,3.9589000000000003,39.63,35.536075592041016,4.98,0.0,0
47038,234.138,25.137,-4.1000000000000005,0.0,450.529,0.0,0.0,0.0,5.737,0,7.0,0.85,309.69,-0.5279,40.65,35.536075592041016,4.98,0.0,0
47038,234.479,25.098000000000003,-4.1000000000000005,0.0,450.348,0.0,0.0,0.0,5.737,0,7.0,0.845,309.825,0.7918000000000001,40.050000000000004,35.536075592041016,4.98,0.0,0
47038,234.649,25.059,-4.1000000000000005,0.0,450.348,0.0,0.0,0.0,5.737,0,6.0,0.8300000000000001,309.69,-1.5836000000000001,39.96,35.536075592041016,4.98,0.0,0
47038,234.138,25.02,-4.1000000000000005,0.0,450.529,0.0,0.0,0.0,5.737,0,7.0,0.855,309.915,-0.9567,39.480000000000004,35.536075592041016,4.98,0.0,0
47038,234.99,24.98,-4.1000000000000005,0.0,450.711,0.0,0.0,0.0,5.737,0,6.0,0.895,309.69,0.5279,39.78,35.536075592041016,4.98,0.0,0
47038,234.479,24.941000000000003,-4.1000000000000005,0.0,450.65000000000003,0.0,0.0,0.0,5.737,0,8.0,0.84,309.915,-0.4289,38.79,35.536075592041016,4.98,0.0,0
47038,234.649,24.902,-3.5,0.0,450.65000000000003,0.0,0.0,0.0,5.737,0,6.0,0.865,309.915,-0.9238000000000001,38.01,35.536075592041016,4.98,0.0,0
47038,234.82,24.873,-4.1000000000000005,0.0,450.59000000000003,0.0,0.0,0.0,5.737,0,7.0,0.87,309.825,5.4435,37.53,35.536075592041016,4.98,0.0,0
47038,234.82,24.834,-3.5,0.0,450.28700000000003,0.0,0.0,0.0,5.737,0,7.0,0.905,309.825,-0.39590000000000003,37.26,35.536075592041016,4.98,0.0,0
47038,234.82,24.795,-3.5,0.0,450.28700000000003,0.0,0.0,0.0,5.737,0,7.0,0.85,309.825,-0.46190000000000003,36.99,35.536075592041016,4.98,0.0,0
47038,234.99,24.756,-4.1000000000000005,0.0,450.166,0.0,0.0,0.0,5.737,0,7.0,0.895,309.825,1.5836000000000001,38.19,35.536075592041016,4.98,0.0,0
47038,234.99,24.727,-3.5,0.0,450.106,0.0,0.0,0.0,5.737,0,7.0,0.88,309.825,-1.0557,40.02,35.536075592041016,4.98,0.0,0
47038,234.649,24.688000000000002,-3.0,0.0,450.166,0.0,0.0,0.0,5.737,0,7.0,0.875,309.69,-4.0909,40.53,35.536075592041016,4.98,0.0,0
47038,234.82,24.688000000000002,-3.0,0.0,450.166,0.0,0.0,0.0,5.737,0,8.0,0.87,309.915,-3.5136000000000003,40.53,35.536075592041016,4.98,0.0,0
47038,234.649,24.658,-3.0,0.0,450.348,0.0,0.0,0.0,5.737,0,7.0,0.905,309.825,0.3299,41.13,35.536075592041016,4.98,0.0,0
47038,235.332,24.619,-3.0,0.0,450.22700000000003,0.0,0.0,0.0,5.737,0,7.0,0.87,309.825,-2.1114,40.5,35.536075592041016,4.98,0.0,0
47038,235.161,24.59,-3.5,0.0,450.166,0.0,0.0,0.0,5.737,0,6.0,0.875,309.825,-4.2476,39.72,35.536075592041016,4.98,0.0,0
47038,235.161,24.561,-3.5,0.0,450.348,0.0,0.0,0.0,5.737,0,7.0,0.875,309.825,0.5938,38.67,35.536075592041016,4.98,0.0,0
47038,235.161,24.531000000000002,-3.5,0.0,450.348,0.0,0.0,0.0,5.737,0,7.0,0.9,309.825,1.4764000000000002,37.980000000000004,35.536075592041016,4.98,0.0,0
47038,235.161,24.492,-3.0,0.0,450.771,0.0,0.0,0.0,5.737,0,7.0,0.915,309.915,4.4703,37.410000000000004,35.536075592041016,4.98,0.0,0
47038,235.161,24.463,-3.5,0.0,450.59000000000003,0.0,0.0,0.0,5.737,0,7.0,0.92,309.915,3.8930000000000002,37.53,35.536075592041016,4.98,0.0,0
47038,235.332,24.434,-3.0,0.0,450.469,0.0,0.0,0.0,5.737,0,7.0,0.915,309.825,-3.8930000000000002,37.53,35.536075592041016,4.98,0.0,0
47038,235.332,24.404,-3.0,0.0,450.408,0.0,0.0,0.0,5.737,0,7.0,0.93,309.825,-2.6888,38.550000000000004,35.536075592041016,4.98,0.0,0
47038,235.332,24.385,-3.0,0.0,450.771,0.0,0.0,0.0,5.737,0,8.0,0.92,309.825,0.7423000000000001,39.24,35.536075592041016,4.98,0.0,0
47038,235.161,24.355,-3.0,0.0,450.65000000000003,0.0,0.0,0.0,5.737,0,7.0,0.91,309.915,1.4351,39.87,35.536075592041016,4.98,0.0,0
47038,235.161,24.326,-2.5,0.0,450.408,0.0,0.0,0.0,5.737,0,6.0,0.9,309.825,0.6598,40.26,35.536075592041016,4.98,0.0,0
47038,235.161,24.297,-2.5,0.0,450.469,0.0,0.0,0.0,5.737,0,6.0,0.89,309.825,0.7918000000000001,39.6,35.536075592041016,4.98,0.0,0
47038,235.161,24.277,-2.5,0.0,450.469,0.0,0.0,0.0,5.737,0,6.0,0.875,309.69,-2.0702000000000003,39.09,35.536075592041016,4.98,0.0,0
47038,235.502,24.248,-3.0,0.0,450.469,0.0,0.0,0.0,5.737,0,7.0,0.89,309.825,-2.5733,38.43,35.536075592041016,4.98,0.0,0
47038,235.161,24.248,-2.5,0.0,450.65000000000003,0.0,0.0,0.0,5.737,0,7.0,0.855,309.825,-2.5073000000000003,38.31,35.536075592041016,4.98,0.0,0
47038,235.332,24.219,-2.5,0.0,450.711,0.0,0.0,0.0,5.737,0,7.0,0.98,310.005,2.7713,37.62,35.536075592041016,4.98,0.0,0
47038,235.502,24.199,-3.0,0.0,450.348,0.0,0.0,0.0,5.737,0,7.0,0.98,309.825,5.6745,37.02,35.536075592041016,4.98,0.0,0
47038,235.502,24.17,-2.5,0.0,450.59000000000003,0.0,0.0,0.0,5.737,0,7.0,0.85,309.915,-0.066,36.75,35.536075592041016,4.98,0.0,0
47038,235.502,24.150000000000002,-2.0,0.0,450.65000000000003,0.0,0.0,0.0,5.737,0,7.0,0.915,309.825,-4.2229,36.96,35.536075592041016,4.98,0.0,0
47038,235.332,24.121000000000002,-2.0,0.0,450.348,0.0,0.0,0.0,5.737,0,7.0,0.9450000000000001,309.69,-3.596,36.84,35.536075592041016,4.98,0.0,0
47038,235.502,24.102,-1.5,0.0,450.469,0.0,0.0,0.2,5.737,0,7.0,0.965,309.825,-1.3196,38.46,35.536075592041016,4.98,0.0,0
47038,235.502,24.082,-2.0,0.0,450.529,0.0,0.0,-0.2,5.737,0,7.0,0.93,309.825,1.5836000000000001,40.38,35.536075592041016,4.98,0.0,0
47038,235.332,24.053,-2.0,0.0,450.65000000000003,0.0,0.0,-0.2,5.737,0,7.0,0.965,309.915,1.7155,41.04,35.536075592041016,4.98,0.0,0
47038,236.014,24.033,-2.0,0.0,450.711,0.0,0.0,0.0,5.737,0,6.0,0.9400000000000001,309.915,2.5733,40.59,35.536075592041016,4.98,0.0,0
47038,235.673,24.014000000000003,-1.5,0.0,450.59000000000003,0.0,0.0,0.0,5.737,0,7.0,0.96,309.69,-3.4311000000000003,39.24,35.536075592041016,4.98,0.0,0
47038,235.84300000000002,23.994,-2.0,0.0,450.771,0.0,0.0,0.0,5.737,0,7.0,0.9400000000000001,309.825,-1.2537,39.0,35.536075592041016,4.98,0.0,0
47038,235.502,23.975,-2.0,0.0,450.529,0.0,0.0,0.0,5.737,0,7.0,0.9450000000000001,309.69,-1.7155,38.910000000000004,35.536075592041016,4.98,0.0,0
47038,235.502,23.955000000000002,-2.0,0.0,450.711,0.0,0.0,0.0,5.737,0,6.0,0.935,309.69,-1.3196,38.37,35.536075592041016,4.98,0.0,0
47038,235.84300000000002,23.936,-2.0,0.0,450.831,0.0,0.0,0.0,5.737,0,7.0,0.965,309.825,-0.2639,37.74,35.536075592041016,4.98,0.0,0
47038,236.525,23.916,-2.0,0.0,450.65000000000003,0.0,0.0,0.0,5.737,0,6.0,0.9450000000000001,309.825,-0.8908,37.53,35.536075592041016,4.98,0.0,0
47038,235.673,23.896,-2.0,0.0,450.59000000000003,0.0,0.0,0.0,5.737,0,6.0,0.935,309.825,3.1672000000000002,37.32,35.536075592041016,4.98,0.0,0
47038,235.502,23.877000000000002,-1.5,0.0,450.408,0.0,0.0,0.0,5.737,0,7.0,0.9400000000000001,309.825,4.486800000000001,37.71,35.536075592041016,4.98,0.0,0
47038,236.35500000000002,23.857000000000003,-1.5,0.0,450.348,0.0,0.0,0.0,5.737,0,7.0,0.935,309.825,0.7918000000000001,39.480000000000004,35.536075592041016,4.98,0.0,0
47038,235.84300000000002,23.838,-2.0,0.0,450.348,0.0,0.0,0.0,5.737,0,7.0,0.92,309.825,-0.5279,40.5,35.536075592041016,4.98,0.0,0
47038,236.184,23.818,-1.5,0.0,450.469,0.0,0.0,-0.2,5.737,0,6.0,0.93,309.825,0.0,41.04,35.536075592041016,4.98,0.0,0
47038,236.35500000000002,23.809,-1.5,0.0,450.529,0.0,0.0,0.0,5.737,0,6.0,0.965,309.915,-0.5938,40.83,35.536075592041016,4.98,0.0,0
47038,236.35500000000002,23.789,-1.0,0.0,450.408,0.0,0.0,0.0,5.737,0,7.0,0.935,309.69,-3.563,39.96,35.536075592041016,4.98,0.0,0
47038,236.014,23.779,-2.0,0.0,450.106,0.0,0.0,0.0,5.737,0,7.0,0.96,309.915,0.7258,39.51,35.536075592041016,4.98,0.0,0
47038,236.014,23.76,-1.0,0.0,450.22700000000003,0.0,0.0,0.0,5.737,0,7.0,0.975,309.825,0.132,39.84,35.536075592041016,4.98,0.0,0
47038,236.525,23.76,-1.5,0.0,450.22700000000003,0.0,0.0,-0.2,5.737,0,7.0,0.965,309.69,-0.42060000000000003,39.81,35.536075592041016,4.98,0.0,0
47038,236.525,23.740000000000002,-2.0,0.0,450.166,0.0,0.0,0.2,5.737,0,7.0,0.96,309.825,-2.73,39.480000000000004,35.536075592041016,4.98,0.0,0
47038,236.35500000000002,23.73,-2.0,0.0,450.22700000000003,0.0,0.0,0.0,5.737,0,7.0,0.9550000000000001,309.825,-5.0641,39.15,35.536075592041016,4.98,0.0,0
47038,236.35500000000002,23.711000000000002,-1.5,0.0,450.408,0.0,0.0,0.0,5.737,0,6.0,0.97,309.825,0.9897,38.52,35.536075592041016,4.98,0.0,0
47038,236.525,23.711000000000002,-1.5,0.0,450.469,0.0,0.0,0.0,5.737,0,6.0,0.96,309.825,1.4516,38.46,35.536075592041016,4.98,0.0,0
47038,236.525,23.701,-1.0,0.0,450.529,0.0,0.0,0.0,5.737,0,7.0,1.0,309.825,3.9589000000000003,38.22,35.536075592041016,4.98,0.0,0
47038,236.014,23.682000000000002,-2.0,0.0,450.65000000000003,0.0,0.0,0.0,5.737,0,7.0,0.9550000000000001,309.825,0.0,37.92,35.536075592041016,4.98,0.0,0
47038,236.525,23.672,-1.5,0.0,450.771,0.0,0.0,0.0,5.737,0,8.0,1.0050000000000001,309.825,-1.3196,38.88,35.536075592041016,4.98,0.0,0
47038,236.525,23.652,-1.5,0.0,450.65000000000003,0.0,0.0,0.0,5.737,0,7.0,0.9500000000000001,309.825,-2.6393,40.800000000000004,35.536075592041016,4.98,0.0,0
47038,236.35500000000002,23.643,-1.5,0.0,450.771,0.0,0.0,0.0,5.737,0,8.0,0.935,309.825,0.0,41.31,35.536075592041016,4.98,0.0,0
47038,236.35500000000002,23.633000000000003,-1.5,0.0,450.892,0.0,0.0,0.0,5.737,0,6.0,0.97,309.825,1.9795,40.92,35.536075592041016,4.98,0.0,0
47038,236.525,23.613,-1.5,0.0,451.01300000000003,0.0,0.0,0.2,5.737,0,7.0,0.9450000000000001,309.825,0.0,40.62,35.536075592041016,4.98,0.0,0
47038,236.525,23.604000000000003,-1.0,0.0,450.952,0.0,0.0,0.0,5.737,0,7.0,0.9450000000000001,309.825,0.0,39.96,35.536075592041016,4.98,0.0,0
47038,236.184,23.594,-1.5,0.0,450.65000000000003,0.0,0.0,0.0,5.737,0,7.0,0.96,309.825,0.0,39.660000000000004,35.536075592041016,4.98,0.0,0
47038,236.525,23.584,-1.0,0.0,450.65000000000003,0.0,0.0,0.0,5.737,0,7.0,0.9450000000000001,309.915,1.8475000000000001,38.37,35.536075592041016,4.98,0.0,0
47038,236.35500000000002,23.564,-2.0,0.0,450.771,0.0,0.0,0.0,5.737,0,8.0,0.965,309.915,-0.8578,37.59,35.536075592041016,4.98,0.0,0
47038,236.35500000000002,23.555,-0.5,0.0,450.892,0.0,0.0,0.0,5.737,0,7.0,0.96,309.915,2.7713,37.29,35.536075592041016,4.98,0.0,0
47038,236.525,23.545,-1.0,0.0,450.65000000000003,0.0,0.0,0.2,5.737,0,6.0,0.9550000000000001,309.825,2.1774,37.050000000000004,35.536075592041016,4.98,0.0,0
47038,236.525,23.535,-1.5,0.0,451.01300000000003,0.0,0.0,0.0,5.737,0,9.0,0.965,309.915,-0.5279,37.44,35.536075592041016,4.98,0.0,0
47038,236.866,23.516000000000002,-2.0,0.0,451.01300000000003,0.0,0.0,0.0,5.737,0,8.0,1.01,309.69,-3.0022,39.78,35.536075592041016,4.98,0.0,0
47038,236.525,23.506,-1.0,0.0,450.892,0.0,0.0,0.0,5.737,0,7.0,0.975,309.825,-1.9795,40.980000000000004,35.536075592041016,4.98,0.0,0
47038,236.525,23.496000000000002,-1.0,0.0,450.28700000000003,0.0,0.0,0.0,5.737,0,8.0,0.97,309.825,-0.19790000000000002,41.160000000000004,35.536075592041016,4.98,0.0,0
47038,236.696,23.486,-0.5,0.0,450.771,0.0,0.0,0.0,5.737,0,7.0,0.9550000000000001,309.825,2.7713,41.160000000000004,35.536075592041016,4.98,0.0,0
47038,236.525,23.477,-1.5,0.0,450.892,0.0,0.0,0.0,5.737,0,8.0,0.97,309.825,1.5836000000000001,39.96,35.536075592041016,4.98,0.0,0
47038,236.35500000000002,23.467000000000002,-1.0,0.0,451.255,0.0,0.0,-0.2,5.737,0,8.0,1.02,309.825,-1.0557,39.24,35.536075592041016,4.98,0.0,0
47038,236.525,23.457,-1.5,0.0,451.255,0.0,0.0,0.2,5.737,0,7.0,1.0150000000000001,309.69,-2.5403000000000002,39.15,35.536075592041016,4.98,0.0,0
47038,236.525,23.447000000000003,-1.0,0.0,450.892,0.0,0.0,0.0,5.737,0,8.0,0.97,309.825,-3.1672000000000002,38.79,35.536075592041016,4.98,0.0,0
47038,236.866,23.438000000000002,-1.0,0.0,451.01300000000003,0.0,0.0,0.2,5.737,0,8.0,0.9550000000000001,309.915,2.8372,38.19,35.536075592041016,4.98,0.0,0
47038,236.525,23.428,-1.0,0.0,450.65000000000003,0.0,0.0,0.0,5.737,0,8.0,1.0,309.69,2.5073000000000003,37.68,35.536075592041016,4.98,0.0,0
47038,236.525,23.408,-1.0,0.0,450.408,0.0,0.0,0.0,5.737,0,8.0,0.98,309.69,-2.8043,38.22,35.536075592041016,4.98,0.0,0
47038,236.866,23.398,-1.0,0.0,450.59000000000003,0.0,0.0,0.0,5.737,0,9.0,0.98,309.915,-1.7155,39.03,35.536075592041016,4.98,0.0,0
47038,236.866,23.389,-0.5,0.0,450.831,0.0,0.0,0.0,5.737,0,9.0,0.98,309.69,0.2639,39.39,35.536075592041016,4.98,0.0,0
47038,236.696,23.379,-1.5,0.0,450.348,0.0,0.0,-0.2,5.737,0,9.0,0.98,309.825,3.4311000000000003,39.93,35.536075592041016,4.98,0.0,0
47038,236.696,23.369,-1.0,0.0,450.469,0.0,0.0,0.0,5.737,0,8.0,0.9450000000000001,309.825,3.2331000000000003,40.35,35.536075592041016,4.98,0.0,0
47038,236.866,23.359,-1.0,0.0,450.166,0.0,0.0,0.0,5.737,0,8.0,0.96,309.825,2.2434000000000003,40.65,35.536075592041016,4.98,0.0,0
47038,236.525,23.359,-0.5,0.0,450.166,0.0,0.0,0.2,5.737,0,8.0,0.96,309.69,0.5938,40.59,35.536075592041016,4.98,0.0,0
47038,236.696,23.35,-1.0,0.0,450.529,0.0,0.0,0.0,5.737,0,9.0,0.9500000000000001,309.825,-4.8167,40.02,35.536075592041016,4.98,0.0,0
47038,236.866,23.34,-1.0,0.0,450.469,0.0,0.0,0.0,5.737,0,9.0,0.995,309.825,2.3094,39.300000000000004,35.536075592041016,4.98,0.0,0
47038,236.866,23.330000000000002,-1.0,0.0,450.59000000000003,0.0,0.0,0.0,5.737,0,8.0,1.0050000000000001,309.915,5.8559,38.85,35.536075592041016,4.98,0.0,0
47038,236.696,23.32,-1.0,0.0,450.408,0.0,0.0,0.2,5.737,0,9.0,0.985,309.825,2.7713,38.04,35.536075592041016,4.98,0.0,0
47038,236.866,23.32,-1.0,0.0,450.469,0.0,0.0,0.0,5.737,0,9.0,0.96,309.825,-2.0949,37.83,35.536075592041016,4.98,0.0,0
47038,236.866,23.311,-1.0,0.0,450.469,0.0,0.0,0.0,5.737,0,9.0,0.975,309.825,-2.0949,37.92,35.536075592041016,4.98,0.0,0
47038,236.866,23.301000000000002,-1.0,0.0,450.65000000000003,0.0,0.0,0.0,5.737,0,9.0,0.975,309.825,1.3361,38.43,35.536075592041016,4.98,0.0,0
47038,236.866,23.291,-1.0,0.0,450.529,0.0,0.0,0.0,5.737,0,8.0,0.99,309.825,0.39590000000000003,39.42,35.536075592041016,4.98,0.0,0
47038,236.866,23.281000000000002,-1.5,0.0,450.28700000000003,0.0,0.0,-0.2,5.737,0,9.0,1.02,309.69,-3.9837000000000002,40.38,35.536075592041016,4.98,0.0,0
47038,236.696,23.271,-1.0,0.0,450.469,0.0,0.0,0.0,5.737,0,9.0,1.0,309.825,-2.6393,40.71,35.536075592041016,4.98,0.0,0
47038,236.696,23.262,-1.0,0.0,450.348,0.0,0.0,0.0,5.737,0,10.0,0.99,309.825,0.132,40.14,35.536075592041016,4.98,0.0,0
47038,236.696,23.252000000000002,-1.0,0.0,450.166,0.0,0.0,0.0,5.737,0,9.0,0.995,309.69,-0.132,40.11,35.536075592041016,4.98,0.0,0
47038,236.866,23.242,-1.5,0.0,450.348,0.0,0.0,0.0,5.737,0,11.0,0.9550000000000001,309.825,-0.6186,39.57,35.536075592041016,4.98,0.0,0
47038,236.696,23.232000000000003,-0.5,0.0,450.711,0.0,0.0,-0.2,5.737,0,10.0,1.025,309.825,-1.1877,39.0,35.536075592041016,4.98,0.0,0
47038,236.866,23.232000000000003,-1.0,0.0,450.469,0.0,0.0,0.0,5.737,0,9.0,0.985,309.825,2.7713,38.160000000000004,35.536075592041016,4.98,0.0,0
47038,236.525,23.223000000000003,-1.0,0.0,450.469,0.0,0.0,0.0,5.737,0,9.0,0.99,309.825,3.8930000000000002,38.04,35.536075592041016,4.98,0.0,0
47038,237.037,23.213,-0.5,0.0,450.529,0.0,0.0,0.0,5.737,0,9.0,0.99,309.825,0.39590000000000003,37.47,35.536075592041016,4.98,0.0,0
47038,237.037,23.203,-1.0,0.0,450.711,0.0,0.0,-0.2,5.737,0,10.0,0.98,309.825,-2.3094,37.56,35.536075592041016,4.98,0.0,0
47038,236.696,23.193,-1.0,0.0,450.469,0.0,0.0,0.2,5.737,0,11.0,1.025,309.915,0.19790000000000002,37.62,35.536075592041016,4.98,0.0,0
47038,237.037,23.184,-1.0,0.0,450.166,0.0,0.0,0.0,5.737,0,12.0,0.975,309.825,-0.7918000000000001,38.550000000000004,35.536075592041016,4.98,0.0,0
47038,236.866,23.174,-0.5,0.0,450.348,0.0,0.0,0.0,5.737,0,11.0,1.0150000000000001,309.825,-0.6186,39.72,35.536075592041016,4.98,0.0,0
47038,236.696,23.174,-1.0,0.0,450.166,0.0,0.0,0.0,5.737,0,8.0,0.99,309.825,-1.4516,39.84,35.536075592041016,4.98,0.0,0
47038,236.866,23.174,-0.5,0.0,450.28700000000003,0.0,0.0,-0.2,5.737,0,9.0,0.995,309.825,0.5938,40.35,35.536075592041016,4.98,0.0,0
47038,237.037,23.164,-1.0,0.0,450.711,0.0,0.0,0.0,5.737,0,8.0,0.995,309.825,1.5836000000000001,39.480000000000004,35.536075592041016,4.98,0.0,0
47038,236.866,23.154,-1.0,0.0,450.469,0.0,0.0,0.2,5.737,0,9.0,0.995,309.915,-1.6496000000000002,38.910000000000004,35.536075592041016,4.98,0.0,0
47038,237.207,23.145,-0.5,0.0,450.166,0.0,0.0,0.0,5.737,0,8.0,0.965,309.915,1.7155,38.76,35.536075592041016,4.98,0.0,0
47038,237.207,23.135,-1.0,0.0,450.529,0.0,0.0,0.0,5.737,0,10.0,1.0050000000000001,309.825,2.3754,39.09,35.536075592041016,4.98,0.0,0
47038,237.037,23.135,-1.0,0.0,450.469,0.0,0.0,0.2,5.737,0,10.0,0.995,309.825,-1.3196,38.34,35.536075592041016,4.98,0.0,0
47038,236.866,23.125,-1.0,0.0,450.348,0.0,0.0,0.2,5.737,0,9.0,0.9500000000000001,309.825,-2.3094,37.44,35.536075592041016,4.98,0.0,0
47038,237.037,23.115000000000002,-0.5,0.0,450.166,0.0,0.0,-0.2,5.737,0,9.0,1.02,309.825,-3.9589000000000003,36.78,35.536075592041016,4.98,0.0,0
47038,236.866,23.105,-0.5,0.0,450.22700000000003,0.0,0.0,0.0,5.737,0,10.0,0.985,309.825,1.5836000000000001,36.51,35.536075592041016,4.98,0.0,0
47038,237.037,23.096,-0.5,0.0,450.348,0.0,0.0,0.0,5.737,0,9.0,0.975,309.69,-0.5279,37.56,35.536075592041016,4.98,0.0,0
47038,236.866,23.096,-0.5,0.0,450.469,0.0,0.0,-0.2,5.737,0,11.0,0.975,309.825,-4.2229,39.63,35.536075592041016,4.98,0.0,0
47038,236.866,23.086000000000002,-1.0,0.0,450.348,0.0,0.0,-0.2,5.737,0,9.0,0.97,309.915,2.6393,39.75,35.536075592041016,4.98,0.0,0
47038,236.525,23.076,-0.5,0.0,450.28700000000003,0.0,0.0,0.0,5.737,0,8.0,0.97,309.915,4.5858,39.63,35.536075592041016,4.98,0.0,0
47038,236.866,23.066000000000003,-0.5,0.0,450.28700000000003,0.0,0.0,-0.2,5.737,0,11.0,0.9400000000000001,309.915,2.5073000000000003,38.730000000000004,35.536075592041016,4.98,0.0,0
47038,237.037,23.066000000000003,-1.0,0.0,450.59000000000003,0.0,0.0,0.0,5.737,0,10.0,0.98,309.825,-3.629,38.49,35.536075592041016,4.98,0.0,0
47038,236.866,23.057000000000002,-1.5,0.0,450.045,0.0,0.0,0.2,5.737,0,10.0,0.975,309.915,-2.7713,38.88,35.536075592041016,4.98,0.0,0
47038,237.037,23.047,-1.0,0.0,450.166,0.0,0.0,-0.2,5.737,0,11.0,1.0,309.915,7.1261,38.76,35.536075592041016,4.98,0.0,0
47038,237.207,23.037000000000003,-1.0,0.0,450.469,0.0,0.0,-0.2,5.737,0,9.0,1.02,309.69,0.5279,38.01,35.536075592041016,4.98,0.0,0
47038,236.696,23.037000000000003,-0.5,0.0,450.469,0.0,0.0,0.0,5.737,0,8.0,0.98,309.915,0.7753,37.95,35.536075592041016,4.98,0.0,0
47038,236.696,23.027,-0.5,0.0,450.408,0.0,0.0,0.2,5.737,0,10.0,0.995,309.825,-2.4249,37.68,35.536075592041016,4.98,0.0,0
47038,236.696,23.027,-1.0,0.0,450.59000000000003,0.0,0.0,0.0,5.737,0,9.0,0.98,309.825,-3.5466,37.230000000000004,35.536075592041016,4.98,0.0,0
47038,236.866,23.018,-0.5,0.0,450.529,0.0,0.0,0.2,5.737,0,8.0,0.99,309.825,-0.48660000000000003,36.69,35.536075592041016,4.98,0.0,0
47038,236.525,23.008000000000003,-1.0,0.0,450.469,0.0,0.0,0.0,5.737,0,8.0,1.03,309.825,-0.2639,37.77,35.536075592041016,4.98,0.0,0
47038,236.866,23.008000000000003,-0.5,0.0,450.408,0.0,0.0,0.0,5.737,0,9.0,0.99,309.69,-3.9342,38.94,35.536075592041016,4.98,0.0,0
47038,237.037,22.998,-0.5,0.0,449.863,0.0,0.0,0.2,5.737,0,9.0,0.965,309.825,0.3299,40.2,35.536075592041016,4.98,0.0,0
47038,236.696,22.988,-0.5,0.0,449.98400000000004,0.0,0.0,0.0,5.737,0,10.0,1.03,309.915,3.7857000000000003,39.39,35.536075592041016,4.98,0.0,0
47038,236.866,22.979000000000003,-1.5,0.0,450.166,0.0,0.0,0.0,5.737,0,9.0,0.995,309.69,1.5176,38.76,35.536075592041016,4.98,0.0,0
47038,236.866,22.979000000000003,-0.5,0.0,450.166,0.0,0.0,0.0,5.737,0,10.0,1.0,309.915,-3.1012,38.64,35.536075592041016,4.98,0.0,0
47038,236.866,22.969,-1.0,0.0,450.22700000000003,0.0,0.0,-0.2,5.737,0,11.0,0.995,309.915,-2.0455,38.76,35.536075592041016,4.98,0.0,0
47038,237.207,22.959,-0.5,0.0,450.348,0.0,0.0,0.0,5.737,0,10.0,1.01,309.825,4.2229,38.25,35.536075592041016,4.98,0.0,0
47038,237.037,22.959,-1.0,0.0,450.469,0.0,0.0,0.2,5.737,0,11.0,0.995,309.915,2.2434000000000003,38.04,35.536075592041016,4.98,0.0,0
47038,237.207,22.949,-0.5,0.0,450.166,0.0,0.0,0.0,5.737,0,12.0,0.98,309.825,-0.0247,37.32,35.536075592041016,4.98,0.0,0
47038,236.866,22.939,-0.5,0.0,450.348,0.0,0.0,0.0,5.737,0,9.0,1.02,309.69,0.5526,36.78,35.536075592041016,4.98,0.0,0
47038,237.037,22.939,-0.5,0.0,450.28700000000003,0.0,0.0,-0.2,5.737,0,13.0,0.965,309.915,-1.2702,36.21,35.536075592041016,4.98,0.0,0
47038,237.207,22.93,-0.5,0.0,450.348,0.0,0.0,0.0,5.737,0,11.0,0.9450000000000001,309.69,-3.0104,36.81,35.536075592041016,4.98,0.0,0
47038,236.866,22.92,-1.5,0.0,450.28700000000003,0.0,0.0,0.0,5.737,0,12.0,1.0050000000000001,309.69,-2.73,38.7,35.536075592041016,4.98,0.0,0
47038,237.207,22.91,-0.5,0.0,450.166,0.0,0.0,-0.2,5.737,0,11.0,1.01,309.915,1.2537,39.06,35.536075592041016,4.98,0.0,0
47038,236.866,22.91,-0.5,0.0,450.166,0.0,0.0,0.2,5.737,0,10.0,0.985,309.915,4.3796,39.09,35.536075592041016,4.98,0.0,0
47038,237.207,22.900000000000002,-0.5,0.0,450.469,0.0,0.0,0.2,5.737,0,11.0,0.975,309.825,0.767,39.42,35.536075592041016,4.98,0.0,0
47038,236.866,22.891000000000002,-0.5,0.0,450.348,0.0,0.0,0.0,5.737,0,10.0,0.975,309.825,0.8578,39.09,35.536075592041016,4.98,0.0,0
47038,237.037,22.891000000000002,-0.5,0.0,450.348,0.0,0.0,0.0,5.737,0,10.0,1.01,309.825,0.6598,39.03,35.536075592041016,4.98,0.0,0
47038,237.037,22.891000000000002,-0.5,0.0,450.28700000000003,0.0,0.0,0.0,5.737,0,10.0,1.0150000000000001,309.825,0.5938,39.0,35.536075592041016,4.98,0.0,0
47038,237.207,22.881,-0.5,0.0,450.408,0.0,0.0,0.0,5.737,0,10.0,1.0,309.69,-2.5073000000000003,38.58,35.536075592041016,4.98,0.0,0
47038,237.037,22.871000000000002,-0.5,0.0,450.348,0.0,0.0,-0.2,5.737,0,10.0,0.985,309.825,-1.8475000000000001,37.53,35.536075592041016,4.98,0.0,0
47038,237.037,22.871000000000002,-0.5,0.0,450.106,0.0,0.0,0.2,5.737,0,11.0,0.975,309.915,1.7155,37.53,35.536075592041016,4.98,0.0,0
47038,237.037,22.861,-0.5,0.0,450.348,0.0,0.0,-0.2,5.737,0,8.0,1.0,309.825,3.596,36.6,35.536075592041016,4.98,0.0,0
47038,237.207,22.852,-0.5,0.0,450.469,0.0,0.0,0.0,5.737,0,12.0,0.99,309.825,-0.5279,37.050000000000004,35.536075592041016,4.98,0.0,0
47038,236.866,22.852,-0.5,0.0,450.469,0.0,0.0,0.2,5.737,0,9.0,1.03,309.825,-2.0455,37.47,35.536075592041016,4.98,0.0,0
47038,237.207,22.842000000000002,-1.0,0.0,450.348,0.0,0.0,-0.2,5.737,0,11.0,0.995,309.825,0.6598,38.49,35.536075592041016,4.98,0.0,0
47038,237.207,22.832,0.0,0.0,450.469,0.0,0.0,-0.2,5.737,0,11.0,0.995,309.825,1.3196,39.27,35.536075592041016,4.98,0.0,0
47038,237.037,22.832,-1.0,0.0,450.469,0.0,0.0,0.0,5.737,0,9.0,1.04,309.825,1.3856000000000002,39.24,35.536075592041016,4.98,0.0,0
47038,237.037,22.832,0.0,0.0,450.166,0.0,0.0,-0.2,5.737,0,8.0,0.975,309.69,-3.3404000000000003,39.09,35.536075592041016,4.98,0.0,0
47038,237.037,22.822000000000003,-0.5,0.0,450.106,0.0,0.0,0.0,5.737,0,9.0,1.0,309.825,-1.9795,39.42,35.536075592041016,4.98,0.0,0
47038,236.866,22.813000000000002,-1.0,0.0,450.348,0.0,0.0,0.0,5.737,0,10.0,0.99,309.915,2.4908,39.36,35.536075592041016,4.98,0.0,0
47038,236.866,22.813000000000002,-1.0,0.0,450.166,0.0,0.0,0.2,5.737,0,11.0,0.995,309.69,2.1114,38.61,35.536075592041016,4.98,0.0,0
47038,236.866,22.803,-1.0,0.0,450.348,0.0,0.0,0.0,5.737,0,7.0,0.98,309.825,-3.1672000000000002,38.31,35.536075592041016,4.98,0.0,0
47038,236.866,22.793000000000003,-0.5,0.0,450.65000000000003,0.0,0.0,0.2,5.737,0,11.0,1.02,309.825,-0.5279,38.04,35.536075592041016,4.98,0.0,0
47038,237.207,22.793000000000003,-0.5,0.0,450.28700000000003,0.0,0.0,0.0,5.737,0,8.0,1.01,309.915,6.557,38.4,35.536075592041016,4.98,0.0,0
47038,237.207,22.783,-0.5,0.0,450.348,0.0,0.0,0.0,5.737,0,9.0,1.03,309.825,-0.8578,37.410000000000004,35.536075592041016,4.98,0.0,0
47038,236.866,22.773,-0.5,0.0,450.348,0.0,0.0,0.2,5.737,0,12.0,1.01,309.825,0.19790000000000002,37.47,35.536075592041016,4.98,0.0,0
47038,237.037,22.773,-0.5,0.0,450.166,0.0,0.0,0.0,5.737,0,9.0,0.98,309.69,-2.2022,38.7,35.536075592041016,4.98,0.0,0
47038,237.037,22.764,-0.5,0.0,450.106,0.0,0.0,0.0,5.737,0,9.0,0.995,309.825,-6.2683,39.660000000000004,35.536075592041016,4.98,0.0,0
47038,237.207,22.764,-0.5,0.0,450.22700000000003,0.0,0.0,0.0,5.737,0,12.0,0.99,309.69,-2.0702000000000003,39.51,35.536075592041016,4.98,0.0,0
47038,237.207,22.754,-0.5,0.0,450.22700000000003,0.0,0.0,0.0,5.737,0,11.0,1.0,309.915,5.2374,39.480000000000004,35.536075592041016,4.98,0.0,0
47038,237.207,22.744,-0.5,0.0,450.348,0.0,0.0,0.0,5.737,0,10.0,1.0150000000000001,309.825,0.5031,39.63,35.536075592041016,4.98,0.0,0
47038,237.207,22.744,-1.5,0.0,450.22700000000003,0.0,0.0,0.0,5.737,0,8.0,1.03,309.825,1.5588000000000002,39.75,35.536075592041016,4.98,0.0,0
47038,237.207,22.734,0.0,0.0,449.98400000000004,0.0,0.0,0.2,5.737,0,8.0,0.99,309.825,-2.1114,39.24,35.536075592041016,4.98,0.0,0
47038,237.207,22.734,-0.5,0.0,450.408,0.0,0.0,0.0,5.737,0,11.0,1.0,309.825,-0.19790000000000002,39.15,35.536075592041016,4.98,0.0,0
47038,236.696,22.725,-0.5,0.0,450.348,0.0,0.0,-0.2,5.737,0,10.0,1.01,309.915,1.0392000000000001,38.730000000000004,35.536075592041016,4.98,0.0,0
47038,236.866,22.715,-0.5,0.0,450.348,0.0,0.0,0.0,5.737,0,12.0,1.01,309.825,1.6496000000000002,38.07,35.536075592041016,4.98,0.0,0
47038,237.207,22.715,0.0,0.0,450.348,0.0,0.0,0.0,5.737,0,10.0,0.99,309.825,0.9897,38.37,35.536075592041016,4.98,0.0,0
47038,236.866,22.705000000000002,-0.5,0.0,449.98400000000004,0.0,0.0,0.0,5.737,0,9.0,0.985,309.825,-1.699,38.49,35.536075592041016,4.98,0.0,0
47038,237.037,22.695,-0.5,0.0,450.22700000000003,0.0,0.0,0.0,5.737,0,10.0,0.99,309.825,-0.132,38.910000000000004,35.536075592041016,4.98,0.0,0
47038,236.866,22.695,-1.0,0.0,450.348,0.0,0.0,-0.2,5.737,0,11.0,0.975,309.825,-1.4516,39.21,35.536075592041016,4.98,0.0,0
47038,236.866,22.686,-0.5,0.0,450.22700000000003,0.0,0.0,0.2,5.737,0,11.0,0.995,309.69,-0.7011000000000001,39.63,35.536075592041016,4.98,0.0,0
47038,237.037,22.686,-1.0,0.0,450.28700000000003,0.0,0.0,0.0,5.737,0,10.0,1.02,309.825,-0.8578,39.660000000000004,35.536075592041016,4.98,0.0,0
47038,236.866,22.676000000000002,-0.5,0.0,450.166,0.0,0.0,-0.2,5.737,0,10.0,0.99,309.825,-0.19790000000000002,40.62,35.536075592041016,4.98,0.0,0
47038,236.866,22.666,-0.5,0.0,450.469,0.0,0.0,0.0,5.737,0,9.0,0.995,309.825,2.1527000000000003,40.56,35.536075592041016,4.98,0.0,0
47038,237.207,22.666,-0.5,0.0,450.28700000000003,0.0,0.0,0.0,5.737,0,8.0,0.995,309.915,1.4351,39.81,35.536075592041016,4.98,0.0,0
47038,237.037,22.656000000000002,0.0,0.0,450.166,0.0,0.0,0.0,5.737,0,12.0,0.97,309.915,1.1712,39.21,35.536075592041016,4.98,0.0,0
47038,237.037,22.656000000000002,-1.0,0.0,449.98400000000004,0.0,0.0,0.0,5.737,0,9.0,1.01,309.915,1.699,37.68,35.536075592041016,4.98,0.0,0
47038,237.207,22.656000000000002,-0.5,0.0,449.98400000000004,0.0,0.0,0.0,5.737,0,9.0,0.99,309.915,1.8475000000000001,37.59,35.536075592041016,4.98,0.0,0
47038,237.037,22.646,-1.0,0.0,449.863,0.0,0.0,0.2,5.737,0,11.0,1.01,309.825,-0.9897,36.81,35.536075592041016,4.98,0.0,0
47038,237.037,22.637,-1.5,0.0,449.62100000000004,0.0,0.0,0.0,5.737,0,9.0,0.97,309.915,0.5279,36.660000000000004,35.536075592041016,4.98,0.0,0
47038,237.207,22.637,0.0,0.0,449.742,0.0,0.0,0.0,5.737,0,11.0,0.995,309.69,-1.9465000000000001,38.160000000000004,35.536075592041016,4.98,0.0,0
47038,236.866,22.627000000000002,-0.5,0.0,449.803,0.0,0.0,-0.2,5.737,0,11.0,1.01,309.825,-3.2991,39.45,35.536075592041016,4.98,0.0,0
47038,237.037,22.627000000000002,0.0,0.0,449.98400000000004,0.0,0.0,0.0,5.737,0,11.0,0.98,309.825,0.8578,40.32,35.536075592041016,4.98,0.0,0
47038,237.207,22.617,-0.5,0.0,449.98400000000004,0.0,0.0,0.2,5.737,0,12.0,1.025,309.915,4.3548,40.53,35.536075592041016,4.98,0.0,0
47038,237.207,22.607,-1.0,0.0,450.166,0.0,0.0,0.0,5.737,0,11.0,1.0150000000000001,309.825,-2.6393,40.26,35.536075592041016,4.98,0.0,0
47038,237.037,22.607,0.0,0.0,450.045,0.0,0.0,0.2,5.737,0,11.0,1.0,309.825,-0.39590000000000003,40.29,35.536075592041016,4.98,0.0,0
47038,237.037,22.598000000000003,-1.0,0.0,449.803,0.0,0.0,-0.2,5.737,0,11.0,0.97,309.825,2.4413,40.2,35.536075592041016,4.98,0.0,0
47038,237.207,22.598000000000003,0.0,0.0,449.62100000000004,0.0,0.0,-0.2,5.737,0,8.0,1.0,309.825,1.0557,39.12,35.536075592041016,4.98,0.0,0
47038,237.037,22.588,-0.5,0.0,449.803,0.0,0.0,-0.2,5.737,0,10.0,0.965,309.825,-3.1672000000000002,38.85,35.536075592041016,4.98,0.0,0
47038,237.207,22.588,0.0,0.0,449.98400000000004,0.0,0.0,0.2,5.737,0,10.0,0.965,309.825,-0.9238000000000001,37.65,35.536075592041016,4.98,0.0,0
47038,236.866,22.578,0.0,0.0,449.98400000000004,0.0,0.0,0.0,5.737,0,11.0,0.965,309.825,0.7918000000000001,37.17,35.536075592041016,4.98,0.0,0
47038,237.207,22.568,-0.5,0.0,450.166,0.0,0.0,0.2,5.737,0,13.0,0.975,309.69,-2.3754,37.5,35.536075592041016,4.98,0.0,0
47038,237.207,22.568,-0.5,0.0,449.863,0.0,0.0,0.0,5.737,0,9.0,0.995,309.825,2.6393,39.09,35.536075592041016,4.98,0.0,0
47038,237.207,22.559,-1.0,0.0,449.742,0.0,0.0,-0.2,5.737,0,11.0,1.02,309.825,0.9238000000000001,40.53,35.536075592041016,4.98,0.0,0
47038,237.207,22.559,-0.5,0.0,449.803,0.0,0.0,0.0,5.737,0,11.0,0.975,309.825,-2.4743,40.83,35.536075592041016,4.98,0.0,0
47038,237.207,22.549,-0.5,0.0,449.5,0.0,0.0,0.0,5.737,0,10.0,0.99,309.825,-2.3754,40.89,35.536075592041016,4.98,0.0,0
47038,237.207,22.539,-1.0,0.0,449.742,0.0,0.0,-0.2,5.737,0,12.0,0.985,309.915,2.5733,40.44,35.536075592041016,4.98,0.0,0
47038,237.207,22.539,-0.5,0.0,449.803,0.0,0.0,0.0,5.737,0,11.0,0.935,309.825,0.7918000000000001,39.78,35.536075592041016,4.98,0.0,0
47038,237.037,22.529,-0.5,0.0,449.742,0.0,0.0,0.2,5.737,0,11.0,1.0050000000000001,309.825,2.1114,39.45,35.536075592041016,4.98,0.0,0
47038,237.207,22.529,-0.5,0.0,449.742,0.0,0.0,0.2,5.737,0,10.0,1.03,309.825,1.9135000000000002,39.51,35.536075592041016,4.98,0.0,0
47038,237.207,22.529,0.0,0.0,449.803,0.0,0.0,0.0,5.737,0,10.0,0.99,309.915,0.9238000000000001,40.050000000000004,35.536075592041016,4.98,0.0,0
47038,237.037,22.52,0.0,0.0,449.742,0.0,0.0,0.2,5.737,0,10.0,1.025,309.825,-1.3856000000000002,39.39,35.536075592041016,4.98,0.0,0
47038,236.866,22.52,-1.0,0.0,449.803,0.0,0.0,0.0,5.737,0,10.0,1.035,309.69,0.0907,38.730000000000004,35.536075592041016,4.98,0.0,0
47038,236.525,22.51,-1.0,0.0,450.106,0.0,0.0,0.2,5.737,0,10.0,0.985,309.825,-2.1609000000000003,38.04,35.536075592041016,4.98,0.0,0
47038,237.207,22.5,-0.5,0.0,450.106,0.0,0.0,0.0,5.737,0,12.0,0.98,309.825,-1.8475000000000001,38.34,35.536075592041016,4.98,0.0,0
47038,237.207,22.5,-1.0,0.0,449.98400000000004,0.0,0.0,0.0,5.737,0,12.0,1.01,309.825,2.2434000000000003,39.39,35.536075592041016,4.98,0.0,0
47038,237.037,22.490000000000002,-0.5,0.0,449.863,0.0,0.0,0.2,5.737,0,10.0,0.975,309.825,3.2331000000000003,40.74,35.536075592041016,4.98,0.0,0
47038,237.207,22.490000000000002,-0.5,0.0,449.803,0.0,0.0,0.0,5.737,0,13.0,1.04,309.825,1.4269,41.160000000000004,35.536075592041016,4.98,0.0,0
47038,237.207,22.48,-1.0,0.0,449.863,0.0,0.0,0.0,5.737,0,12.0,0.995,309.915,1.4351,41.07,35.536075592041016,4.98,0.0,0
47038,236.696,22.48,0.0,0.0,449.98400000000004,0.0,0.0,-0.2,5.737,0,10.0,1.0050000000000001,309.825,-0.3794,40.11,35.536075592041016,4.98,0.0,0
47038,237.37800000000001,22.471,-1.0,0.0,449.98400000000004,0.0,0.0,0.0,5.737,0,9.0,1.01,309.825,-3.8930000000000002,39.42,35.536075592041016,4.98,0.0,0
47038,237.207,22.471,0.0,0.0,449.92400000000004,0.0,0.0,-0.2,5.737,0,10.0,0.9550000000000001,309.915,-1.3856000000000002,39.45,35.536075592041016,4.98,0.0,0
47038,237.037,22.461000000000002,-0.5,0.0,449.92400000000004,0.0,0.0,0.2,5.737,0,12.0,0.96,309.825,0.2639,38.67,35.536075592041016,4.98,0.0,0
47038,237.037,22.451,0.0,0.0,449.98400000000004,0.0,0.0,-0.2,5.737,0,9.0,1.0,309.825,1.7568000000000001,38.28,35.536075592041016,4.98,0.0,0
47038,237.207,22.451,-1.0,0.0,449.803,0.0,0.0,0.0,5.737,0,9.0,0.9550000000000001,309.825,0.8743000000000001,38.07,35.536075592041016,4.98,0.0,0
47038,237.037,22.441000000000003,0.0,0.0,449.92400000000004,0.0,0.0,0.0,5.737,0,11.0,1.0,309.915,0.2474,37.59,35.536075592041016,4.98,0.0,0
47038,237.037,22.441000000000003,-1.0,0.0,449.803,0.0,0.0,0.0,5.737,0,10.0,0.985,309.825,0.6598,38.28,35.536075592041016,4.98,0.0,0
47038,236.866,22.432000000000002,0.0,0.0,449.62100000000004,0.0,0.0,0.0,5.737,0,11.0,0.995,309.825,0.7918000000000001,40.02,35.536075592041016,4.98,0.0,0
47038,237.207,22.432000000000002,-0.5,0.0,449.98400000000004,0.0,0.0,0.0,5.737,0,10.0,0.99,309.825,-1.3032000000000001,40.95,35.536075592041016,4.98,0.0,0
47038,237.207,22.422,0.0,0.0,449.863,0.0,0.0,0.0,5.737,0,11.0,0.995,309.825,-1.1877,41.1,35.536075592041016,4.98,0.0,0
47038,236.866,22.422,-0.5,0.0,449.56100000000004,0.0,0.0,0.0,5.737,0,10.0,1.02,309.825,0.0,40.62,35.536075592041016,4.98,0.0,0
47038,237.037,22.412000000000003,-0.5,0.0,449.5,0.0,0.0,-0.2,5.737,0,11.0,1.025,309.825,0.0,39.9,35.536075592041016,4.98,0.0,0
47038,236.866,22.412000000000003,0.0,0.0,449.682,0.0,0.0,0.0,5.737,0,10.0,1.025,309.69,-2.0207,39.09,35.536075592041016,4.98,0.0,0
47038,237.207,22.402,-0.5,0.0,449.98400000000004,0.0,0.0,0.2,5.737,0,11.0,1.025,309.825,-0.6598,38.28,35.536075592041016,4.98,0.0,0
47038,236.866,22.393,-0.5,0.0,449.5,0.0,0.0,0.0,5.737,0,11.0,0.995,309.825,0.7258,38.34,35.536075592041016,4.98,0.0,0
47038,237.207,22.393,0.0,0.0,449.379,0.0,0.0,0.0,5.737,0,9.0,0.995,309.825,1.4681,37.83,35.536075592041016,4.98,0.0,0
47038,237.207,22.383000000000003,-0.5,0.0,449.803,0.0,0.0,0.0,5.737,0,9.0,1.03,309.825,1.3196,37.35,35.536075592041016,4.98,0.0,0
47038,237.207,22.383000000000003,-0.5,0.0,449.98400000000004,0.0,0.0,0.0,5.737,0,11.0,1.0,309.915,2.7960000000000003,37.71,35.536075592041016,4.98,0.0,0
47038,237.037,22.373,-1.0,0.0,450.045,0.0,0.0,0.0,5.737,0,9.0,1.025,309.825,3.1012,38.910000000000004,35.536075592041016,4.98,0.0,0
47038,237.037,22.373,-0.5,0.0,449.803,0.0,0.0,0.0,5.737,0,12.0,0.97,309.915,1.5836000000000001,39.57,35.536075592041016,4.98,0.0,0
47038,236.866,22.373,-0.5,0.0,449.803,0.0,0.0,0.0,5.737,0,10.0,0.995,309.915,2.1114,39.660000000000004,35.536075592041016,4.98,0.0,0
47038,237.207,22.363,-0.5,0.0,450.045,0.0,0.0,0.0,5.737,0,11.0,1.0050000000000001,309.825,-2.0455,40.35,35.536075592041016,4.98,0.0,0
47038,237.207,22.363,-1.0,0.0,449.92400000000004,0.0,0.0,-0.2,5.737,0,11.0,1.0,309.825,-2.1114,40.14,35.536075592041016,4.98,0.0,0
47038,237.037,22.354000000000003,-0.5,0.0,449.62100000000004,0.0,0.0,-0.2,5.737,0,13.0,0.98,309.825,-0.9897,40.47,35.536075592041016,4.98,0.0,0
47038,237.548,22.354000000000003,-0.5,0.0,449.56100000000004,0.0,0.0,0.2,5.737,0,10.0,1.075,309.825,1.3196,39.96,35.536075592041016,4.98,0.0,0
47038,237.037,22.344,-0.5,0.0,449.803,0.0,0.0,-0.2,5.737,0,13.0,1.07,309.825,-1.5836000000000001,39.42,35.536075592041016,4.98,0.0,0
47038,237.207,22.344,-0.5,0.0,449.98400000000004,0.0,0.0,-0.2,5.737,0,12.0,0.975,309.915,0.9238000000000001,38.82,35.536075592041016,4.98,0.0,0
47038,237.37800000000001,22.334,0.0,0.0,449.98400000000004,0.0,0.0,0.2,5.737,0,11.0,1.06,309.915,4.9487000000000005,38.1,35.536075592041016,4.98,0.0,0
47038,237.207,22.324,0.0,0.0,449.92400000000004,0.0,0.0,0.2,5.737,0,11.0,1.02,309.915,1.5836000000000001,37.56,35.536075592041016,4.98,0.0,0
47038,237.548,22.324,-0.5,0.0,449.803,0.0,0.0,0.0,5.737,0,9.0,1.025,309.915,-1.5836000000000001,37.5,35.536075592041016,4.98,0.0,0
47038,237.207,22.314,-0.5,0.0,449.803,0.0,0.0,0.0,5.737,0,13.0,1.0050000000000001,309.825,-0.5279,37.86,35.536075592041016,4.98,0.0,0
47038,237.37800000000001,22.314,0.0,0.0,450.166,0.0,0.0,0.0,5.737,0,10.0,1.05,309.915,-4.486800000000001,38.49,35.536075592041016,4.98,0.0,0
47038,237.37800000000001,22.305,-0.5,0.0,449.98400000000004,0.0,0.0,0.0,5.737,0,11.0,1.0,309.825,-4.3548,39.33,35.536075592041016,4.98,0.0,0
47038,237.207,22.305,-0.5,0.0,449.682,0.0,0.0,-0.2,5.737,0,9.0,0.97,309.69,3.5301,39.51,35.536075592041016,4.98,0.0,0
47038,237.207,22.295,-0.5,0.0,449.863,0.0,0.0,0.0,5.737,0,9.0,1.03,309.825,-0.7918000000000001,39.87,35.536075592041016,4.98,0.0,0
47038,237.207,22.295,-0.5,0.0,449.92400000000004,0.0,0.0,-0.2,5.737,0,10.0,1.0050000000000001,309.825,0.7918000000000001,40.29,35.536075592041016,4.98,0.0,0
47038,237.207,22.285,-0.5,0.0,449.62100000000004,0.0,0.0,0.2,5.737,0,12.0,1.055,309.915,2.3754,39.96,35.536075592041016,4.98,0.0,0
47038,237.207,22.285,-1.0,0.0,449.5,0.0,0.0,0.0,5.737,0,12.0,1.0,309.915,0.9897,39.6,35.536075592041016,4.98,0.0,0
47038,237.37800000000001,22.275000000000002,-1.0,0.0,449.682,0.0,0.0,0.0,5.737,0,14.0,0.995,309.69,0.2639,39.06,35.536075592041016,4.98,0.0,0
47038,237.37800000000001,22.275000000000002,-0.5,0.0,449.803,0.0,0.0,0.0,5.737,0,13.0,0.99,309.825,-5.476500000000001,38.49,35.536075592041016,4.98,0.0,0
47038,237.548,22.266000000000002,-0.5,0.0,449.803,0.0,0.0,0.0,5.737,0,11.0,1.0050000000000001,309.915,-1.7155,38.19,35.536075592041016,4.98,0.0,0
47038,237.207,22.266000000000002,-0.5,0.0,449.62100000000004,0.0,0.0,0.0,5.737,0,11.0,1.03,309.825,5.4435,37.32,35.536075592041016,4.98,0.0,0
47038,237.037,22.256,-1.0,0.0,449.742,0.0,0.0,0.0,5.737,0,9.0,1.045,309.825,0.9238000000000001,37.38,35.536075592041016,4.98,0.0,0
47038,237.037,22.256,-0.5,0.0,449.863,0.0,0.0,0.0,5.737,0,11.0,1.025,309.825,-1.5176,37.980000000000004,35.536075592041016,4.98,0.0,0
47038,237.37800000000001,22.246000000000002,-0.5,0.0,449.682,0.0,0.0,0.0,5.737,0,11.0,1.025,309.825,-0.2639,39.15,35.536075592041016,4.98,0.0,0
47038,236.866,22.246000000000002,0.0,0.0,449.682,0.0,0.0,-0.2,5.737,0,12.0,0.995,309.825,-0.39590000000000003,39.21,35.536075592041016,4.98,0.0,0
47038,236.866,22.246000000000002,-0.5,0.0,449.682,0.0,0.0,0.0,5.737,0,11.0,1.0150000000000001,309.825,-0.2639,39.21,35.536075592041016,4.98,0.0,0
47038,237.037,22.236,-1.0,0.0,450.045,0.0,0.0,0.0,5.737,0,10.0,1.02,309.825,-1.6496000000000002,39.12,35.536075592041016,4.98,0.0,0
47038,237.207,22.236,-0.5,0.0,449.92400000000004,0.0,0.0,0.2,5.737,0,9.0,1.0050000000000001,309.825,-0.9897,39.12,35.536075592041016,4.98,0.0,0
47038,237.207,22.227,-1.0,0.0,449.742,0.0,0.0,0.2,5.737,0,13.0,1.035,309.825,-2.1774,39.300000000000004,35.536075592041016,4.98,0.0,0
47038,237.207,22.227,-0.5,0.0,449.62100000000004,0.0,0.0,0.0,5.737,0,8.0,1.025,309.825,-0.39590000000000003,38.910000000000004,35.536075592041016,4.98,0.0,0
47038,237.207,22.217000000000002,-0.5,0.0,449.62100000000004,0.0,0.0,0.0,5.737,0,9.0,1.05,309.825,0.9897,37.62,35.536075592041016,4.98,0.0,0
47038,237.207,22.217000000000002,-0.5,0.0,449.682,0.0,0.0,0.0,5.737,0,10.0,1.02,309.825,0.17320000000000002,36.78,35.536075592041016,4.98,0.0,0
47038,237.207,22.207,-0.5,0.0,449.803,0.0,0.0,-0.2,5.737,0,10.0,1.0150000000000001,309.825,1.3856000000000002,36.27,35.536075592041016,4.98,0.0,0
47038,237.207,22.207,-0.5,0.0,449.98400000000004,0.0,0.0,-0.2,5.737,0,10.0,1.035,309.825,0.767,37.02,35.536075592041016,4.98,0.0,0
47038,237.037,22.197000000000003,0.0,0.0,449.98400000000004,0.0,0.0,0.2,5.737,0,11.0,0.985,309.825,0.0,38.76,35.536075592041016,4.98,0.0,0
47038,237.207,22.197000000000003,-0.5,0.0,449.56100000000004,0.0,0.0,-0.2,5.737,0,10.0,1.0,309.69,-2.1527000000000003,39.93,35.536075592041016,4.98,0.0,0
47038,237.207,22.188000000000002,0.0,0.0,449.92400000000004,0.0,0.0,-0.2,5.737,0,10.0,1.0,309.825,-0.9897,41.04,35.536075592041016,4.98,0.0,0
47038,237.548,22.188000000000002,-0.5,0.0,449.98400000000004,0.0,0.0,0.2,5.737,0,10.0,1.04,309.825,0.9897,40.29,35.536075592041016,4.98,0.0,0
47038,237.037,22.178,-0.5,0.0,449.98400000000004,0.0,0.0,0.0,5.737,0,10.0,1.025,309.915,1.2784,38.550000000000004,35.536075592041016,4.98,0.0,0
47038,237.207,22.178,-0.5,0.0,449.803,0.0,0.0,-0.2,5.737,0,12.0,1.035,309.69,-1.9547,38.67,35.536075592041016,4.98,0.0,0
47038,237.207,22.168000000000003,-0.5,0.0,450.28700000000003,0.0,0.0,0.0,5.737,0,10.0,1.025,309.915,0.2474,39.24,35.536075592041016,4.98,0.0,0
47038,237.207,22.168000000000003,0.0,0.0,450.106,0.0,0.0,0.2,5.737,0,12.0,1.03,309.825,2.2846,40.02,35.536075592041016,4.98,0.0,0
47038,237.207,22.158,-1.0,0.0,450.045,0.0,0.0,0.2,5.737,0,11.0,1.01,309.915,0.9485,39.480000000000004,35.536075592041016,4.98,0.0,0
47038,236.866,22.158,-0.5,0.0,450.045,0.0,0.0,0.2,5.737,0,9.0,1.025,309.915,0.3629,39.33,35.536075592041016,4.98,0.0,0
47038,237.037,22.148,0.0,0.0,450.106,0.0,0.0,0.0,5.737,0,11.0,0.97,309.825,-2.3754,38.94,35.536075592041016,4.98,0.0,0
47038,237.37800000000001,22.148,-0.5,0.0,449.98400000000004,0.0,0.0,0.2,5.737,0,10.0,1.0050000000000001,309.915,-1.9135000000000002,37.89,35.536075592041016,4.98,0.0,0
47038,237.37800000000001,22.139,-0.5,0.0,449.803,0.0,0.0,0.0,5.737,0,10.0,1.035,309.825,-0.132,37.62,35.536075592041016,4.98,0.0,0
47038,237.037,22.139,-0.5,0.0,450.045,0.0,0.0,0.0,5.737,0,11.0,0.985,309.69,-0.4289,38.61,35.536075592041016,4.98,0.0,0
47038,237.37800000000001,22.129,0.0,0.0,450.106,0.0,0.0,0.0,5.737,0,11.0,1.01,309.825,-4.3548,39.96,35.536075592041016,4.98,0.0,0
47038,237.548,22.129,-1.0,0.0,450.348,0.0,0.0,0.2,5.737,0,9.0,0.99,309.69,0.8908,40.59,35.536075592041016,4.98,0.0,0
47038,237.207,22.119,-0.5,0.0,450.106,0.0,0.0,0.0,5.737,0,11.0,1.0,309.69,-0.9238000000000001,40.77,35.536075592041016,4.98,0.0,0
47038,237.207,22.119,-0.5,0.0,450.166,0.0,0.0,-0.2,5.737,0,10.0,0.985,309.825,-3.4311000000000003,40.56,35.536075592041016,4.98,0.0,0
47038,236.866,22.109,-0.5,0.0,450.045,0.0,0.0,0.0,5.737,0,9.0,0.99,309.69,2.1114,40.32,35.536075592041016,4.98,0.0,0
47038,237.207,22.109,-0.5,0.0,449.803,0.0,0.0,0.0,5.737,0,12.0,1.035,309.825,2.2764,40.5,35.536075592041016,4.98,0.0,0
47038,237.207,22.109,-0.5,0.0,449.98400000000004,0.0,0.0,0.0,5.737,0,10.0,1.04,309.825,1.1877,39.72,35.536075592041016,4.98,0.0,0
47038,237.207,22.1,0.0,0.0,450.106,0.0,0.0,0.0,5.737,0,12.0,1.02,309.825,1.4846000000000001,39.27,35.536075592041016,4.98,0.0,0
47038,237.207,22.09,-0.5,0.0,450.22700000000003,0.0,0.0,0.0,5.737,0,10.0,1.0050000000000001,309.915,1.8475000000000001,38.64,35.536075592041016,4.98,0.0,0
47038,237.037,22.09,-0.5,0.0,449.803,0.0,0.0,-0.2,5.737,0,9.0,0.99,309.825,1.5836000000000001,37.32,35.536075592041016,4.98,0.0,0
47038,237.037,22.09,0.0,0.0,450.22700000000003,0.0,0.0,0.0,5.737,0,9.0,1.0,309.915,-2.5073000000000003,37.02,35.536075592041016,4.98,0.0,0
47038,237.548,22.080000000000002,-0.5,0.0,450.28700000000003,0.0,0.0,0.2,5.737,0,10.0,0.995,309.825,-0.9897,38.1,35.536075592041016,4.98,0.0,0
47038,237.37800000000001,22.080000000000002,0.0,0.0,449.98400000000004,0.0,0.0,-0.2,5.737,0,12.0,0.99,309.825,0.9238000000000001,41.1,35.536075592041016,4.98,0.0,0
47038,237.37800000000001,22.07,-0.5,0.0,450.045,0.0,0.0,0.0,5.737,0,12.0,1.025,309.825,-2.5733,41.85,35.536075592041016,4.98,0.0,0
47038,237.37800000000001,22.07,0.0,0.0,450.22700000000003,0.0,0.0,0.0,5.737,0,11.0,1.0,309.825,1.3196,41.46,35.536075592041016,4.98,0.0,0
47038,237.207,22.061,-0.5,0.0,450.106,0.0,0.0,0.2,5.737,0,13.0,1.035,309.825,0.0,40.29,35.536075592041016,4.98,0.0,0
47038,237.548,22.061,-0.5,0.0,450.22700000000003,0.0,0.0,0.0,5.737,0,10.0,1.0,309.915,0.5279,39.300000000000004,35.536075592041016,4.98,0.0,0
47038,237.207,22.061,-0.5,0.0,450.22700000000003,0.0,0.0,0.2,5.737,0,10.0,0.995,309.69,-0.5031,39.300000000000004,35.536075592041016,4.98,0.0,0
47038,237.207,22.051000000000002,-0.5,0.0,450.166,0.0,0.0,0.2,5.737,0,11.0,0.98,309.825,-3.1672000000000002,39.33,35.536075592041016,4.98,0.0,0
47038,237.37800000000001,22.051000000000002,0.0,0.0,449.98400000000004,0.0,0.0,0.2,5.737,0,11.0,1.03,309.825,-0.5279,39.15,35.536075592041016,4.98,0.0,0
47038,237.207,22.041,-1.0,0.0,450.408,0.0,0.0,0.0,5.737,0,12.0,1.06,309.825,3.8435,38.730000000000004,35.536075592041016,4.98,0.0,0
47038,237.207,22.041,-0.5,0.0,450.348,0.0,0.0,0.2,5.737,0,10.0,1.0050000000000001,309.69,-0.767,38.19,35.536075592041016,4.98,0.0,0
47038,237.37800000000001,22.031000000000002,-0.5,0.0,450.408,0.0,0.0,0.0,5.737,0,10.0,1.0,309.825,-3.563,37.92,35.536075592041016,4.98,0.0,0
47038,237.207,22.031000000000002,-1.0,0.0,450.166,0.0,0.0,0.0,5.737,0,10.0,0.995,309.825,0.39590000000000003,38.22,35.536075592041016,4.98,0.0,0
47038,237.37800000000001,22.021,-0.5,0.0,450.106,0.0,0.0,0.0,5.737,0,8.0,1.0,309.825,5.806500000000001,39.21,35.536075592041016,4.98,0.0,0
47038,237.37800000000001,22.021,-0.5,0.0,450.166,0.0,0.0,0.0,5.737,0,12.0,1.0150000000000001,309.825,1.3196,39.69,35.536075592041016,4.98,0.0,0
47038,237.207,22.012,-0.5,0.0,450.408,0.0,0.0,0.0,5.737,0,10.0,1.04,309.915,0.1155,40.11,35.536075592041016,4.98,0.0,0
47038,237.207,22.012,-1.0,0.0,449.98400000000004,0.0,0.0,-0.2,5.737,0,12.0,1.03,309.825,0.9238000000000001,40.410000000000004,35.536075592041016,4.98,0.0,0
47038,237.207,22.002000000000002,-1.0,0.0,449.98400000000004,0.0,0.0,0.0,5.737,0,11.0,1.01,309.825,-0.2639,40.11,35.536075592041016,4.98,0.0,0
47038,237.037,22.002000000000002,-1.0,0.0,449.742,0.0,0.0,0.2,5.737,0,12.0,1.02,309.825,-1.1712,40.02,35.536075592041016,4.98,0.0,0
47038,237.207,21.992,0.0,0.0,449.682,0.0,0.0,0.0,5.737,0,13.0,1.04,309.69,-2.7960000000000003,39.660000000000004,35.536075592041016,4.98,0.0,0
47038,237.37800000000001,21.992,-0.5,0.0,449.92400000000004,0.0,0.0,0.2,5.737,0,13.0,1.0,309.915,-1.9300000000000002,39.57,35.536075592041016,4.98,0.0,0
47038,236.866,21.982,0.0,0.0,449.62100000000004,0.0,0.0,0.0,5.737,0,10.0,1.0050000000000001,309.915,3.3486000000000002,38.910000000000004,35.536075592041016,4.98,0.0,0
47038,237.37800000000001,21.982,-0.5,0.0,449.92400000000004,0.0,0.0,-0.2,5.737,0,12.0,1.01,309.915,1.1464,38.4,35.536075592041016,4.98,0.0,0
47038,237.37800000000001,21.973000000000003,-1.0,0.0,449.98400000000004,0.0,0.0,0.0,5.737,0,10.0,1.0050000000000001,309.915,0.18150000000000002,38.43,35.536075592041016,4.98,0.0,0
47038,237.37800000000001,21.973000000000003,-0.5,0.0,449.92400000000004,0.0,0.0,0.0,5.737,0,10.0,1.02,309.915,1.5176,38.88,35.536075592041016,4.98,0.0,0
47038,237.207,21.973000000000003,-0.5,0.0,449.92400000000004,0.0,0.0,0.0,5.737,0,10.0,0.98,309.915,-0.0165,39.45,35.536075592041016,4.98,0.0,0
47038,237.37800000000001,21.963,0.0,0.0,449.98400000000004,0.0,0.0,0.2,5.737,0,9.0,0.965,309.825,0.0165,40.410000000000004,35.536075592041016,4.98,0.0,0
47038,237.37800000000001,21.963,-1.0,0.0,449.92400000000004,0.0,0.0,0.0,5.737,0,11.0,1.035,309.915,-1.0722,40.38,35.536075592041016,4.98,0.0,0
47038,237.207,21.963,0.0,0.0,449.98400000000004,0.0,0.0,0.0,5.737,0,12.0,1.025,309.915,-1.0557,40.35,35.536075592041016,4.98,0.0,0
47038,237.207,21.953,-0.5,0.0,449.98400000000004,0.0,0.0,0.0,5.737,0,9.0,1.02,309.825,-2.0455,40.74,35.536075592041016,4.98,0.0,0
47038,237.37800000000001,21.953,-1.0,0.0,449.742,0.0,0.0,0.0,5.737,0,11.0,1.0050000000000001,309.825,0.5279,40.29,35.536075592041016,4.98,0.0,0
47038,237.548,21.943,-1.0,0.0,449.56100000000004,0.0,0.0,-0.2,5.737,0,9.0,1.01,309.825,-0.9897,40.59,35.536075592041016,4.98,0.0,0
47038,236.866,21.943,-0.5,0.0,449.863,0.0,0.0,-0.2,5.737,0,10.0,0.985,309.825,0.0,39.21,35.536075592041016,4.98,0.0,0
47038,237.207,21.934,0.0,0.0,449.863,0.0,0.0,-0.2,5.737,0,11.0,1.01,309.69,-0.4289,38.25,35.536075592041016,4.98,0.0,0
47038,237.207,21.934,-0.5,0.0,450.106,0.0,0.0,0.0,5.737,0,10.0,1.01,309.915,-0.9238000000000001,37.89,35.536075592041016,4.98,0.0,0
47038,237.37800000000001,21.924,0.0,0.0,449.98400000000004,0.0,0.0,0.2,5.737,0,12.0,1.0,310.005,4.3548,38.34,35.536075592041016,4.98,0.0,0
47038,237.207,21.924,-0.5,0.0,449.742,0.0,0.0,0.0,5.737,0,10.0,1.025,309.915,3.4311000000000003,38.52,35.536075592041016,4.98,0.0,0
47038,237.37800000000001,21.914,0.0,0.0,449.56100000000004,0.0,0.0,-0.2,5.737,0,12.0,1.035,309.915,-3.1672000000000002,39.51,35.536075592041016,4.98,0.0,0
47038,237.37800000000001,21.914,-0.5,0.0,449.803,0.0,0.0,0.0,5.737,0,10.0,1.06,309.825,-0.39590000000000003,39.9,35.536075592041016,4.98,0.0,0
47038,237.207,21.904,-1.0,0.0,449.62100000000004,0.0,0.0,-0.2,5.737,0,11.0,1.0150000000000001,309.915,-0.5279,39.87,35.536075592041016,4.98,0.0,0
47038,237.207,21.904,0.0,0.0,449.682,0.0,0.0,0.0,5.737,0,12.0,1.0150000000000001,309.825,-2.3754,40.17,35.536075592041016,4.98,0.0,0
47038,237.37800000000001,21.904,-0.5,0.0,449.92400000000004,0.0,0.0,0.2,5.737,0,11.0,1.0150000000000001,309.825,1.0557,39.96,35.536075592041016,4.98,0.0,0
47038,237.207,21.895,-0.5,0.0,449.62100000000004,0.0,0.0,-0.2,5.737,0,10.0,1.01,309.915,-1.7155,39.81,35.536075592041016,4.98,0.0,0
47038,237.207,21.895,-1.0,0.0,449.682,0.0,0.0,-0.2,5.737,0,12.0,1.05,309.915,0.46190000000000003,40.050000000000004,35.536075592041016,4.98,0.0,0
47038,237.37800000000001,21.885,-0.5,0.0,450.106,0.0,0.0,0.0,5.737,0,11.0,1.0,309.69,1.1877,39.24,35.536075592041016,4.98,0.0,0
47038,236.866,21.885,-0.5,0.0,450.166,0.0,0.0,0.0,5.737,0,11.0,0.975,309.825,0.5938,38.25,35.536075592041016,4.98,0.0,0
47038,237.37800000000001,21.875,-1.0,0.0,449.803,0.0,0.0,0.2,5.737,0,11.0,1.04,310.005,3.2991,37.26,35.536075592041016,4.98,0.0,0
47038,237.37800000000001,21.875,-0.5,0.0,449.803,0.0,0.0,0.0,5.737,0,10.0,1.03,309.825,-0.8908,37.14,35.536075592041016,4.98,0.0,0
47038,237.207,21.865000000000002,-0.5,0.0,449.863,0.0,0.0,-0.2,5.737,0,11.0,1.035,309.915,-1.4516,37.59,35.536075592041016,4.98,0.0,0
47038,237.548,21.865000000000002,0.0,0.0,449.92400000000004,0.0,0.0,0.0,5.737,0,11.0,1.01,309.825,0.132,39.18,35.536075592041016,4.98,0.0,0
47038,237.207,21.855,0.0,0.0,449.56100000000004,0.0,0.0,0.2,5.737,0,12.0,1.035,309.915,1.0557,39.480000000000004,35.536075592041016,4.98,0.0,0
47038,237.037,21.855,0.0,0.0,449.62100000000004,0.0,0.0,0.0,5.737,0,12.0,1.02,309.915,0.5279,39.78,35.536075592041016,4.98,0.0,0
47038,237.207,21.846,0.0,0.0,449.44,0.0,0.0,0.0,5.737,0,10.0,1.0,309.69,-2.7713,39.300000000000004,35.536075592041016,4.98,0.0,0
47038,237.37800000000001,21.846,-0.5,0.0,449.44,0.0,0.0,0.2,5.737,0,10.0,0.99,309.825,-2.8372,39.18,35.536075592041016,4.98,0.0,0
47038,236.866,21.846,-0.5,0.0,449.19800000000004,0.0,0.0,0.0,5.737,0,13.0,1.0,309.825,-0.3134,39.63,35.536075592041016,4.98,0.0,0
47038,237.37800000000001,21.836000000000002,-1.0,0.0,449.98400000000004,0.0,0.0,0.0,5.737,0,10.0,1.0,309.69,-2.0702000000000003,39.78,35.536075592041016,4.98,0.0,0
47038,237.207,21.836000000000002,0.0,0.0,450.28700000000003,0.0,0.0,0.0,5.737,0,10.0,0.9500000000000001,309.825,-1.0805,38.79,35.536075592041016,4.98,0.0,0
47038,237.37800000000001,21.836000000000002,-0.5,0.0,450.166,0.0,0.0,-0.2,5.737,0,11.0,0.995,309.825,0.6598,37.410000000000004,35.536075592041016,4.98,0.0,0
47038,237.207,21.826,0.0,0.0,449.863,0.0,0.0,0.0,5.737,0,9.0,0.99,309.825,3.6043000000000003,35.910000000000004,35.536075592041016,4.98,0.0,0
47038,237.037,21.826,-0.5,0.0,449.56100000000004,0.0,0.0,0.2,5.737,0,10.0,1.025,309.69,2.2681,36.57,35.536075592041016,4.98,0.0,0
47038,237.207,21.816000000000003,-0.5,0.0,449.803,0.0,0.0,0.0,5.737,0,11.0,1.0150000000000001,309.825,-2.3094,37.74,35.536075592041016,4.98,0.0,0
47038,237.207,21.816000000000003,0.0,0.0,449.92400000000004,0.0,0.0,0.0,5.737,0,9.0,1.0,309.825,-0.066,38.910000000000004,35.536075592041016,4.98,0.0,0
47038,237.37800000000001,21.807000000000002,-0.5,0.0,449.682,0.0,0.0,0.0,5.737,0,12.0,0.97,309.825,2.4578,39.6,35.536075592041016,4.98,0.0,0
47038,237.37800000000001,21.807000000000002,0.5,0.0,449.62100000000004,0.0,0.0,0.0,5.737,0,11.0,0.93,309.915,-0.41240000000000004,39.63,35.536075592041016,4.98,0.0,0
47038,237.207,21.797,-0.5,0.0,449.742,0.0,0.0,0.0,5.737,0,12.0,1.01,309.69,-1.7403000000000002,39.99,35.536075592041016,4.98,0.0,0
47038,237.37800000000001,21.797,-0.5,0.0,449.682,0.0,0.0,0.0,5.737,0,11.0,1.065,309.915,-0.8743000000000001,39.54,35.536075592041016,4.98,0.0,0
47038,237.037,21.797,-0.5,0.0,449.62100000000004,0.0,0.0,0.0,5.737,0,10.0,0.975,309.69,-0.5031,38.79,35.536075592041016,4.98,0.0,0
47038,237.207,21.787000000000003,0.0,0.0,449.803,0.0,0.0,0.2,5.737,0,9.0,0.995,309.69,0.132,39.18,35.536075592041016,4.98,0.0,0
47038,237.207,21.787000000000003,0.0,0.0,449.92400000000004,0.0,0.0,0.0,5.737,0,10.0,1.04,309.825,-5.476500000000001,39.51,35.536075592041016,4.98,0.0,0
47038,236.866,21.777,-0.5,0.0,449.803,0.0,0.0,0.0,5.737,0,9.0,1.0050000000000001,309.915,4.2476,38.4,35.536075592041016,4.98,0.0,0
47038,237.207,21.777,-0.5,0.0,449.98400000000004,0.0,0.0,0.0,5.737,0,11.0,0.97,309.825,6.5982,37.56,35.536075592041016,4.98,0.0,0
47038,237.37800000000001,21.768,-0.5,0.0,450.166,0.0,0.0,0.0,5.737,0,11.0,1.035,309.915,-0.0165,36.18,35.536075592041016,4.98,0.0,0
47038,237.207,21.768,0.0,0.0,450.166,0.0,0.0,0.0,5.737,0,10.0,1.06,309.915,-0.066,36.06,35.536075592041016,4.98,0.0,0
47038,237.37800000000001,21.768,0.0,0.0,449.803,0.0,0.0,0.2,5.737,0,12.0,1.035,309.915,0.5279,36.03,35.536075592041016,4.98,0.0,0
47038,237.207,21.758000000000003,-0.5,0.0,449.742,0.0,0.0,-0.2,5.737,0,12.0,1.0050000000000001,309.825,-0.5279,37.74,35.536075592041016,4.98,0.0,0
47038,237.207,21.758000000000003,-1.0,0.0,449.5,0.0,0.0,0.2,5.737,0,11.0,1.065,309.915,-2.3754,39.54,35.536075592041016,4.98,0.0,0
47038,237.37800000000001,21.748,-0.5,0.0,449.5,0.0,0.0,0.0,5.737,0,11.0,1.03,309.915,0.0,39.84,35.536075592041016,4.98,0.0,0
47038,237.37800000000001,21.748,0.0,0.0,449.62100000000004,0.0,0.0,0.0,5.737,0,11.0,1.0050000000000001,309.915,1.5836000000000001,40.08,35.536075592041016,4.98,0.0,0
47038,237.207,21.748,-0.5,0.0,449.803,0.0,0.0,0.0,5.737,0,11.0,1.0050000000000001,309.825,-3.8930000000000002,39.39,35.536075592041016,4.98,0.0,0
47038,237.37800000000001,21.738,-0.5,0.0,449.98400000000004,0.0,0.0,-0.2,5.737,0,11.0,0.98,309.915,-0.132,38.25,35.536075592041016,4.98,0.0,0
47038,237.548,21.738,-1.0,0.0,449.742,0.0,0.0,0.0,5.737,0,10.0,1.035,309.825,-0.46190000000000003,37.980000000000004,35.536075592041016,4.98,0.0,0
47038,237.37800000000001,21.729000000000003,-1.0,0.0,449.863,0.0,0.0,0.2,5.737,0,11.0,1.0,309.825,-0.7918000000000001,37.980000000000004,35.536075592041016,4.98,0.0,0
47038,237.207,21.729000000000003,-0.5,0.0,449.742,0.0,0.0,0.0,5.737,0,10.0,1.06,309.825,-0.9897,37.2,35.536075592041016,4.98,0.0,0
47038,237.207,21.719,-0.5,0.0,449.98400000000004,0.0,0.0,0.0,5.737,0,9.0,1.055,309.825,-1.3196,36.81,35.536075592041016,4.98,0.0,0
47038,237.207,21.719,-0.5,0.0,449.863,0.0,0.0,0.0,5.737,0,13.0,1.02,309.825,0.0,36.84,35.536075592041016,4.98,0.0,0
47038,237.207,21.709,-0.5,0.0,449.863,0.0,0.0,-0.2,5.737,0,10.0,1.0,309.825,0.0,36.57,35.536075592041016,4.98,0.0,0
47038,237.207,21.709,-0.5,0.0,449.803,0.0,0.0,0.0,5.737,0,8.0,1.0150000000000001,309.915,0.9897,37.32,35.536075592041016,4.98,0.0,0
47038,237.37800000000001,21.709,-0.5,0.0,449.62100000000004,0.0,0.0,0.2,5.737,0,11.0,1.045,309.825,2.1114,38.1,35.536075592041016,4.98,0.0,0
47038,237.37800000000001,21.699,0.0,0.0,449.803,0.0,0.0,0.0,5.737,0,9.0,1.045,309.825,1.0557,39.09,35.536075592041016,4.98,0.0,0
47038,237.37800000000001,21.699,-0.5,0.0,449.742,0.0,0.0,0.0,5.737,0,9.0,1.0050000000000001,309.915,-3.0352,39.33,35.536075592041016,4.98,0.0,0
47038,237.037,21.689,0.0,0.0,449.803,0.0,0.0,0.0,5.737,0,10.0,1.0050000000000001,309.825,-0.5279,39.480000000000004,35.536075592041016,4.98,0.0,0
47038,237.548,21.689,-0.5,0.0,449.98400000000004,0.0,0.0,0.0,5.737,0,12.0,1.04,309.915,3.0352,38.67,35.536075592041016,4.98,0.0,0
47038,237.37800000000001,21.68,0.0,0.0,449.98400000000004,0.0,0.0,0.0,5.737,0,9.0,1.0150000000000001,309.825,1.1217000000000001,38.46,35.536075592041016,4.98,0.0,0
47038,237.207,21.68,-0.5,0.0,449.803,0.0,0.0,0.0,5.737,0,11.0,1.0,309.825,-0.5279,38.19,35.536075592041016,4.98,0.0,0
47038,237.207,21.68,-0.5,0.0,449.803,0.0,0.0,0.0,5.737,0,11.0,1.05,309.69,-1.5588000000000002,38.13,35.536075592041016,4.98,0.0,0
47038,237.207,21.68,-0.5,0.0,450.106,0.0,0.0,0.0,5.737,0,11.0,1.04,309.825,-3.0847,37.5,35.536075592041016,4.98,0.0,0
47038,237.548,21.67,0.0,0.0,449.92400000000004,0.0,0.0,0.0,5.737,0,11.0,1.04,309.825,2.3094,37.11,35.536075592041016,4.98,0.0,0
47038,237.207,21.67,-0.5,0.0,449.742,0.0,0.0,0.0,5.737,0,9.0,1.075,309.69,0.8165,37.2,35.536075592041016,4.98,0.0,0
47038,237.207,21.66,-0.5,0.0,449.92400000000004,0.0,0.0,-0.2,5.737,0,11.0,1.04,309.915,-1.4021000000000001,37.08,35.536075592041016,4.98,0.0,0
47038,237.207,21.66,0.0,0.0,449.803,0.0,0.0,0.0,5.737,0,10.0,1.01,309.825,2.8537000000000003,37.44,35.536075592041016,4.98,0.0,0
47038,237.207,21.650000000000002,-0.5,0.0,450.106,0.0,0.0,0.0,5.737,0,11.0,1.05,309.825,0.1072,38.04,35.536075592041016,4.98,0.0,0
47038,237.207,21.650000000000002,-0.5,0.0,450.166,0.0,0.0,0.0,5.737,0,10.0,1.0150000000000001,309.825,-2.7053000000000003,39.33,35.536075592041016,4.98,0.0,0
47038,237.207,21.641000000000002,-0.5,0.0,449.5,0.0,0.0,0.2,5.737,0,11.0,1.04,309.825,0.39590000000000003,40.08,35.536075592041016,4.98,0.0,0
47038,237.207,21.641000000000002,0.0,0.0,449.62100000000004,0.0,0.0,0.0,5.737,0,11.0,1.035,309.825,0.19790000000000002,40.11,35.536075592041016,4.98,0.0,0
47038,237.037,21.641000000000002,-0.5,0.0,449.742,0.0,0.0,-0.2,5.737,0,13.0,1.01,309.825,2.1774,39.69,35.536075592041016,4.98,0.0,0
47038,237.548,21.631,-0.5,0.0,449.62100000000004,0.0,0.0,-0.2,5.737,0,11.0,1.06,309.825,-2.1774,38.46,35.536075592041016,4.98,0.0,0
47038,237.548,21.631,-0.5,0.0,449.98400000000004,0.0,0.0,0.2,5.737,0,10.0,1.05,309.915,2.029,37.38,35.536075592041016,4.98,0.0,0
47038,237.548,21.621000000000002,-0.5,0.0,450.28700000000003,0.0,0.0,-0.2,5.737,0,10.0,1.0050000000000001,309.825,3.1012,37.89,35.536075592041016,4.98,0.0,0
47038,237.207,21.621000000000002,-0.5,0.0,450.045,0.0,0.0,0.0,5.737,0,12.0,1.0150000000000001,309.825,-3.8930000000000002,37.5,35.536075592041016,4.98,0.0,0
47038,237.37800000000001,21.611,0.0,0.0,449.803,0.0,0.0,0.0,5.737,0,11.0,1.0150000000000001,309.825,-2.8207,37.95,35.536075592041016,4.98,0.0,0
47038,237.207,21.611,-0.5,0.0,449.92400000000004,0.0,0.0,0.0,5.737,0,11.0,1.03,309.825,-2.2434000000000003,37.980000000000004,35.536075592041016,4.98,0.0,0
47038,237.548,21.611,-0.5,0.0,449.98400000000004,0.0,0.0,-0.2,5.737,0,11.0,1.0050000000000001,309.825,1.5836000000000001,38.550000000000004,35.536075592041016,4.98,0.0,0
47038,237.207,21.611,0.0,0.0,449.742,0.0,0.0,0.0,5.737,0,8.0,1.025,309.915,-0.132,38.82,35.536075592041016,4.98,0.0,0
47038,237.548,21.602,-0.5,0.0,449.682,0.0,0.0,0.0,5.737,0,13.0,0.995,309.915,1.5176,39.09,35.536075592041016,4.98,0.0,0
47038,237.207,21.602,0.0,0.0,449.803,0.0,0.0,0.0,5.737,0,12.0,1.03,309.825,0.0,39.93,35.536075592041016,4.98,0.0,0
47038,237.037,21.592000000000002,-0.5,0.0,449.682,0.0,0.0,0.0,5.737,0,11.0,1.02,309.825,0.066,39.6,35.536075592041016,4.98,0.0,0
47038,237.037,21.592000000000002,-1.0,0.0,449.682,0.0,0.0,0.2,5.737,0,10.0,1.025,309.825,0.39590000000000003,39.15,35.536075592041016,4.98,0.0,0
47038,237.548,21.582,-0.5,0.0,449.803,0.0,0.0,0.0,5.737,0,9.0,1.025,309.825,-3.4311000000000003,39.480000000000004,35.536075592041016,4.98,0.0,0
47038,237.37800000000001,21.582,-0.5,0.0,449.742,0.0,0.0,0.2,5.737,0,10.0,1.035,309.69,-5.1466,39.57,35.536075592041016,4.98,0.0,0
47038,237.037,21.582,-1.0,0.0,449.863,0.0,0.0,0.2,5.737,0,10.0,1.035,309.69,1.9465000000000001,39.21,35.536075592041016,4.98,0.0,0
47038,237.207,21.572000000000003,-0.5,0.0,449.803,0.0,0.0,0.0,5.737,0,12.0,1.0150000000000001,309.825,3.2991,38.1,35.536075592041016,4.98,0.0,0
47038,237.207,21.572000000000003,0.0,0.0,449.62100000000004,0.0,0.0,-0.2,5.737,0,11.0,1.05,309.825,-1.6826,37.68,35.536075592041016,4.98,0.0,0
47038,237.207,21.563000000000002,-0.5,0.0,449.56100000000004,0.0,0.0,0.2,5.737,0,11.0,0.985,309.915,0.6598,37.980000000000004,35.536075592041016,4.98,0.0,0
47038,236.866,21.563000000000002,-0.5,0.0,449.742,0.0,0.0,0.2,5.737,0,11.0,1.075,309.69,-0.9567,38.52,35.536075592041016,4.98,0.0,0
47038,236.866,21.553,0.0,0.0,449.742,0.0,0.0,0.0,5.737,0,9.0,1.0050000000000001,309.915,3.1672000000000002,39.660000000000004,35.536075592041016,4.98,0.0,0
47038,237.207,21.553,0.0,0.0,449.863,0.0,0.0,0.2,5.737,0,11.0,0.97,309.825,-0.9897,40.230000000000004,35.536075592041016,4.98,0.0,0
47038,237.37800000000001,21.553,-0.5,0.0,449.803,0.0,0.0,0.0,5.737,0,12.0,0.995,309.915,3.1672000000000002,40.35,35.536075592041016,4.98,0.0,0
47038,237.37800000000001,21.543,0.0,0.0,449.682,0.0,0.0,0.0,5.737,0,9.0,1.025,309.825,-2.0455,39.78,35.536075592041016,4.98,0.0,0
47038,237.548,21.543,-1.0,0.0,449.5,0.0,0.0,-0.2,5.737,0,11.0,1.02,309.825,-1.7155,39.99,35.536075592041016,4.98,0.0,0
47038,237.37800000000001,21.533,0.0,0.0,449.5,0.0,0.0,0.0,5.737,0,11.0,0.995,309.915,3.9589000000000003,39.69,35.536075592041016,4.98,0.0,0
47038,237.207,21.533,-1.0,0.0,449.742,0.0,0.0,0.0,5.737,0,10.0,1.0050000000000001,309.825,2.3754,39.06,35.536075592041016,4.98,0.0,0
47038,237.037,21.523,0.0,0.0,449.62100000000004,0.0,0.0,-0.2,5.737,0,11.0,1.06,309.825,2.1114,38.160000000000004,35.536075592041016,4.98,0.0,0
47038,237.37800000000001,21.523,-0.5,0.0,449.62100000000004,0.0,0.0,0.2,5.737,0,11.0,1.0050000000000001,309.825,-3.4311000000000003,37.29,35.536075592041016,4.98,0.0,0
47038,237.207,21.523,-0.5,0.0,449.682,0.0,0.0,-0.2,5.737,0,11.0,1.0150000000000001,309.825,-3.1672000000000002,37.230000000000004,35.536075592041016,4.98,0.0,0
47038,237.548,21.514,0.5,0.0,449.62100000000004,0.0,0.0,0.0,5.737,0,11.0,1.02,309.825,-0.2639,37.56,35.536075592041016,4.98,0.0,0
47038,237.207,21.514,-1.0,0.0,449.62100000000004,0.0,0.0,0.0,5.737,0,11.0,1.0150000000000001,309.69,-1.1629,37.59,35.536075592041016,4.98,0.0,0
47038,237.207,21.514,-0.5,0.0,449.92400000000004,0.0,0.0,0.2,5.737,0,11.0,1.0,309.825,-1.6496000000000002,38.49,35.536075592041016,4.98,0.0,0
47038,237.548,21.504,-1.0,0.0,449.98400000000004,0.0,0.0,-0.2,5.737,0,9.0,1.03,309.825,1.9135000000000002,39.69,35.536075592041016,4.98,0.0,0
47038,237.207,21.504,-0.5,0.0,449.92400000000004,0.0,0.0,0.0,5.737,0,12.0,1.04,309.825,1.2537,40.980000000000004,35.536075592041016,4.98,0.0,0
47038,237.207,21.494,-0.5,0.0,449.92400000000004,0.0,0.0,0.2,5.737,0,10.0,1.025,309.69,-1.0310000000000001,40.95,35.536075592041016,4.98,0.0,0
47038,237.207,21.494,-0.5,0.0,450.28700000000003,0.0,0.0,0.0,5.737,0,10.0,1.06,309.915,-0.0825,39.93,35.536075592041016,4.98,0.0,0
47038,237.548,21.494,-0.5,0.0,450.045,0.0,0.0,0.0,5.737,0,11.0,1.02,309.915,0.3134,39.660000000000004,35.536075592041016,4.98,0.0,0
47038,237.37800000000001,21.484,-1.0,0.0,449.98400000000004,0.0,0.0,0.0,5.737,0,12.0,1.03,309.69,2.1362,39.96,35.536075592041016,4.98,0.0,0
47038,237.37800000000001,21.484,0.0,0.0,450.106,0.0,0.0,0.0,5.737,0,12.0,1.04,309.825,-0.9732000000000001,40.32,35.536075592041016,4.98,0.0,0
47038,237.207,21.475,0.0,0.0,450.106,0.0,0.0,-0.2,5.737,0,10.0,1.03,309.825,-1.5176,39.72,35.536075592041016,4.98,0.0,0
47038,237.719,21.475,-1.0,0.0,449.62100000000004,0.0,0.0,0.0,5.737,0,10.0,1.035,309.825,1.2289,39.06,35.536075592041016,4.98,0.0,0
47038,237.207,21.475,0.0,0.0,449.98400000000004,0.0,0.0,0.0,5.737,0,10.0,1.025,309.825,-0.5114000000000001,37.74,35.536075592041016,4.98,0.0,0
47038,237.37800000000001,21.465,0.0,0.0,449.98400000000004,0.0,0.0,0.0,5.737,0,9.0,1.035,309.825,1.1877,37.71,35.536075592041016,4.98,0.0,0
47038,237.37800000000001,21.465,-1.0,0.0,449.803,0.0,0.0,0.0,5.737,0,10.0,1.02,309.825,-0.132,38.61,35.536075592041016,4.98,0.0,0
47038,237.37800000000001,21.455000000000002,-0.5,0.0,450.22700000000003,0.0,0.0,0.2,5.737,0,11.0,1.0150000000000001,309.825,1.4516,40.35,35.536075592041016,4.98,0.0,0
47038,237.37800000000001,21.455000000000002,0.0,0.0,450.348,0.0,0.0,0.0,5.737,0,11.0,1.07,309.915,-0.47840000000000005,40.800000000000004,35.536075592041016,4.98,0.0,0
47038,237.207,21.445,-0.5,0.0,449.92400000000004,0.0,0.0,0.0,5.737,0,11.0,1.055,309.825,-4.486800000000001,40.65,35.536075592041016,4.98,0.0,0
47038,237.037,21.445,-0.5,0.0,450.045,0.0,0.0,0.0,5.737,0,10.0,1.035,309.825,1.4681,40.5,35.536075592041016,4.98,0.0,0
47038,237.37800000000001,21.445,-0.5,0.0,450.045,0.0,0.0,0.2,5.737,0,11.0,1.03,309.915,0.5938,39.84,35.536075592041016,4.98,0.0,0
47038,237.207,21.445,0.0,0.0,450.045,0.0,0.0,0.0,5.737,0,11.0,1.04,309.915,1.5836000000000001,39.72,35.536075592041016,4.98,0.0,0
47038,237.37800000000001,21.436,-0.5,0.0,450.166,0.0,0.0,0.2,5.737,0,10.0,0.985,309.825,-0.5279,40.050000000000004,35.536075592041016,4.98,0.0,0
47038,237.207,21.436,-0.5,0.0,450.22700000000003,0.0,0.0,0.0,5.737,0,12.0,1.045,309.69,-0.9567,40.08,35.536075592041016,4.98,0.0,0
47038,237.207,21.426000000000002,-0.5,0.0,450.106,0.0,0.0,0.2,5.737,0,12.0,1.01,309.915,-0.132,39.36,35.536075592041016,4.98,0.0,0
47038,237.37800000000001,21.426000000000002,-0.5,0.0,450.166,0.0,0.0,0.0,5.737,0,10.0,1.0,309.69,-0.6928000000000001,38.4,35.536075592041016,4.98,0.0,0
47038,237.207,21.426000000000002,-0.5,0.0,450.166,0.0,0.0,0.2,5.737,0,12.0,1.04,309.825,-0.7918000000000001,38.19,35.536075592041016,4.98,0.0,0
47038,237.719,21.416,0.0,0.0,450.22700000000003,0.0,0.0,0.0,5.737,0,9.0,1.02,309.915,0.2639,38.82,35.536075592041016,4.98,0.0,0
47038,237.207,21.416,0.0,0.0,450.166,0.0,0.0,0.0,5.737,0,10.0,1.06,309.825,3.2991,39.51,35.536075592041016,4.98,0.0,0
47038,237.548,21.406000000000002,0.0,0.0,449.863,0.0,0.0,0.2,5.737,0,9.0,1.035,309.825,-4.486800000000001,40.92,35.536075592041016,4.98,0.0,0
47038,237.37800000000001,21.406000000000002,0.0,0.0,449.803,0.0,0.0,0.0,5.737,0,14.0,1.06,309.69,-5.0147,41.31,35.536075592041016,4.98,0.0,0
47038,237.37800000000001,21.396,-0.5,0.0,449.98400000000004,0.0,0.0,0.0,5.737,0,9.0,1.07,309.825,0.7918000000000001,40.83,35.536075592041016,4.98,0.0,0
47038,237.548,21.396,-0.5,0.0,449.62100000000004,0.0,0.0,0.0,5.737,0,15.0,1.025,309.825,1.1877,40.68,35.536075592041016,4.98,0.0,0
47038,237.548,21.396,-0.5,0.0,450.106,0.0,0.0,0.0,5.737,0,10.0,1.03,309.825,1.4846000000000001,39.24,35.536075592041016,4.98,0.0,0
47038,237.719,21.387,-1.0,0.0,449.98400000000004,0.0,0.0,0.0,5.737,0,11.0,1.01,309.915,1.8475000000000001,38.85,35.536075592041016,4.98,0.0,0
47038,237.207,21.387,0.0,0.0,449.863,0.0,0.0,-0.2,5.737,0,10.0,1.05,309.69,0.099,38.4,35.536075592041016,4.98,0.0,0
47038,237.37800000000001,21.377000000000002,-0.5,0.0,450.28700000000003,0.0,0.0,0.2,5.737,0,11.0,1.05,309.825,-0.9238000000000001,38.1,35.536075592041016,4.98,0.0,0
47038,237.37800000000001,21.377000000000002,-0.5,0.0,450.348,0.0,0.0,0.0,5.737,0,11.0,1.025,309.825,-0.19790000000000002,38.04,35.536075592041016,4.98,0.0,0
47038,237.37800000000001,21.377000000000002,-0.5,0.0,449.92400000000004,0.0,0.0,0.0,5.737,0,11.0,1.04,309.825,1.7155,38.28,35.536075592041016,4.98,0.0,0
47038,237.37800000000001,21.367,-0.5,0.0,449.98400000000004,0.0,0.0,0.0,5.737,0,11.0,1.035,309.825,0.0,39.12,35.536075592041016,4.98,0.0,0
47038,237.207,21.367,0.0,0.0,449.98400000000004,0.0,0.0,0.2,5.737,0,12.0,1.05,309.825,-0.2639,39.15,35.536075592041016,4.98,0.0,0
47038,237.207,21.367,0.0,0.0,449.92400000000004,0.0,0.0,0.0,5.737,0,11.0,1.01,309.69,-1.2289,39.300000000000004,35.536075592041016,4.98,0.0,0
47038,237.207,21.357,-0.5,0.0,449.98400000000004,0.0,0.0,0.0,5.737,0,11.0,1.01,309.69,-4.66,39.96,35.536075592041016,4.98,0.0,0
47038,237.889,21.357,0.0,0.0,449.98400000000004,0.0,0.0,0.0,5.737,0,12.0,1.06,309.915,-2.9857,40.59,35.536075592041016,4.98,0.0,0
47038,237.037,21.357,-0.5,0.0,450.045,0.0,0.0,0.2,5.737,0,10.0,1.01,309.825,5.0312,40.59,35.536075592041016,4.98,0.0,0
47038,237.37800000000001,21.348000000000003,0.0,0.0,450.166,0.0,0.0,-0.2,5.737,0,11.0,1.04,309.825,7.1673,40.11,35.536075592041016,4.98,0.0,0
47038,237.37800000000001,21.348000000000003,-0.5,0.0,450.106,0.0,0.0,0.0,5.737,0,11.0,0.995,309.825,-1.7403000000000002,39.39,35.536075592041016,4.98,0.0,0
47038,237.37800000000001,21.338,0.0,0.0,449.803,0.0,0.0,0.0,5.737,0,10.0,1.045,309.825,-0.9238000000000001,38.79,35.536075592041016,4.98,0.0,0
47038,237.207,21.338,-0.5,0.0,450.166,0.0,0.0,0.0,5.737,0,11.0,1.0150000000000001,309.825,-2.6888,38.07,35.536075592041016,4.98,0.0,0
47038,237.207,21.338,0.0,0.0,450.166,0.0,0.0,0.0,5.737,0,11.0,1.05,309.825,-0.19790000000000002,37.74,35.536075592041016,4.98,0.0,0
47038,237.548,21.328,0.0,0.0,450.106,0.0,0.0,0.0,5.737,0,9.0,1.01,309.825,1.7815,38.37,35.536075592041016,4.98,0.0,0
47038,237.207,21.328,-0.5,0.0,450.106,0.0,0.0,0.0,5.737,0,10.0,1.0050000000000001,309.825,0.0,38.730000000000004,35.536075592041016,4.98,0.0,0
47038,237.207,21.318,0.0,0.0,450.166,0.0,0.0,0.0,5.737,0,12.0,1.025,309.825,0.0,39.45,35.536075592041016,4.98,0.0,0
47038,237.37800000000001,21.318,-0.5,0.0,450.045,0.0,0.0,0.0,5.737,0,12.0,1.045,309.915,3.4146,39.54,35.536075592041016,4.98,0.0,0
47038,237.207,21.318,-0.5,0.0,449.98400000000004,0.0,0.0,-0.2,5.737,0,10.0,1.03,309.69,0.48660000000000003,40.230000000000004,35.536075592041016,4.98,0.0,0
47038,237.207,21.309,0.0,0.0,449.98400000000004,0.0,0.0,0.0,5.737,0,11.0,1.035,309.825,-1.9135000000000002,40.47,35.536075592041016,4.98,0.0,0
47038,237.37800000000001,21.309,-1.0,0.0,450.106,0.0,0.0,0.0,5.737,0,11.0,1.035,309.825,-0.5773,40.800000000000004,35.536075592041016,4.98,0.0,0
47038,237.207,21.299,-0.5,0.0,450.166,0.0,0.0,-0.2,5.737,0,11.0,1.0,309.825,-2.994,40.26,35.536075592041016,4.98,0.0,0
47038,237.207,21.299,-0.5,0.0,449.98400000000004,0.0,0.0,0.0,5.737,0,9.0,1.035,309.825,-2.0949,39.06,35.536075592041016,4.98,0.0,0
47038,237.207,21.299,0.0,0.0,449.863,0.0,0.0,0.0,5.737,0,10.0,1.04,309.915,6.977600000000001,37.92,35.536075592041016,4.98,0.0,0
47038,237.037,21.289,0.0,0.0,450.106,0.0,0.0,0.0,5.737,0,10.0,1.025,309.825,1.9547,37.89,35.536075592041016,4.98,0.0,0
47038,237.207,21.289,-0.5,0.0,449.92400000000004,0.0,0.0,0.0,5.737,0,11.0,1.045,309.825,-1.5836000000000001,37.410000000000004,35.536075592041016,4.98,0.0,0
47038,237.37800000000001,21.289,-0.5,0.0,449.92400000000004,0.0,0.0,-0.2,5.737,0,9.0,1.05,309.825,-2.1114,37.5,35.536075592041016,4.98,0.0,0
47038,237.207,21.279,-1.0,0.0,449.62100000000004,0.0,0.0,0.0,5.737,0,10.0,1.0150000000000001,309.915,-0.2639,37.95,35.536075592041016,4.98,0.0,0
47038,237.207,21.279,-0.5,0.0,449.803,0.0,0.0,0.0,5.737,0,10.0,1.01,309.69,-1.4846000000000001,38.58,35.536075592041016,4.98,0.0,0
47038,237.207,21.27,-0.5,0.0,450.106,0.0,0.0,0.0,5.737,0,10.0,1.025,309.825,-0.9238000000000001,38.97,35.536075592041016,4.98,0.0,0
47038,237.207,21.27,0.0,0.0,450.22700000000003,0.0,0.0,0.0,5.737,0,11.0,1.025,309.825,-1.7815,39.24,35.536075592041016,4.98,0.0,0
47038,237.37800000000001,21.27,-0.5,0.0,450.348,0.0,0.0,0.2,5.737,0,10.0,1.04,309.915,3.2991,39.51,35.536075592041016,4.98,0.0,0
47038,237.37800000000001,21.26,-0.5,0.0,450.28700000000003,0.0,0.0,-0.2,5.737,0,10.0,1.04,309.825,-1.8475000000000001,40.08,35.536075592041016,4.98,0.0,0
47038,237.37800000000001,21.26,-0.5,0.0,449.92400000000004,0.0,0.0,0.0,5.737,0,12.0,1.0050000000000001,309.825,-3.1672000000000002,40.35,35.536075592041016,4.98,0.0,0
47038,237.37800000000001,21.26,0.0,0.0,449.98400000000004,0.0,0.0,0.0,5.737,0,11.0,1.0150000000000001,309.915,1.5836000000000001,39.96,35.536075592041016,4.98,0.0,0
47038,237.548,21.25,-0.5,0.0,449.92400000000004,0.0,0.0,-0.2,5.737,0,13.0,1.04,309.825,4.7507,39.300000000000004,35.536075592041016,4.98,0.0,0
47038,237.37800000000001,21.25,-0.5,0.0,449.682,0.0,0.0,0.0,5.737,0,10.0,1.0,309.825,0.7918000000000001,38.22,35.536075592041016,4.98,0.0,0
47038,237.207,21.240000000000002,-0.5,0.0,449.863,0.0,0.0,0.0,5.737,0,10.0,0.99,309.825,-3.1672000000000002,37.230000000000004,35.536075592041016,4.98,0.0,0
47038,237.37800000000001,21.240000000000002,-0.5,0.0,450.045,0.0,0.0,0.0,5.737,0,12.0,1.0050000000000001,309.825,0.0,36.84,35.536075592041016,4.98,0.0,0
47038,237.548,21.240000000000002,0.0,0.0,449.92400000000004,0.0,0.0,0.0,5.737,0,10.0,1.045,309.825,0.6598,37.35,35.536075592041016,4.98,0.0,0
47038,237.548,21.23,0.0,0.0,449.92400000000004,0.0,0.0,-0.2,5.737,0,10.0,1.0,309.915,0.7258,37.980000000000004,35.536075592041016,4.98,0.0,0
47038,237.207,21.23,-0.5,0.0,449.98400000000004,0.0,0.0,0.0,5.737,0,11.0,1.025,310.005,2.9032,38.97,35.536075592041016,4.98,0.0,0
47038,237.37800000000001,21.23,-0.5,0.0,449.98400000000004,0.0,0.0,0.0,5.737,0,10.0,1.04,309.825,2.9032,39.09,35.536075592041016,4.98,0.0,0
47038,237.207,21.221,-0.5,0.0,449.98400000000004,0.0,0.0,0.0,5.737,0,12.0,1.045,309.69,0.7505000000000001,39.45,35.536075592041016,4.98,0.0,0
47038,237.37800000000001,21.221,-1.0,0.0,449.98400000000004,0.0,0.0,0.0,5.737,0,10.0,1.07,309.825,-2.0949,38.76,35.536075592041016,4.98,0.0,0
47038,237.207,21.221,-0.5,0.0,450.348,0.0,0.0,0.0,5.737,0,11.0,0.995,309.915,-2.2269,38.97,35.536075592041016,4.98,0.0,0
47038,237.548,21.211000000000002,-0.5,0.0,450.408,0.0,0.0,0.0,5.737,0,11.0,1.04,309.825,0.7011000000000001,39.24,35.536075592041016,4.98,0.0,0
47038,237.207,21.211000000000002,-0.5,0.0,450.469,0.0,0.0,0.0,5.737,0,9.0,1.02,309.69,0.3547,39.6,35.536075592041016,4.98,0.0,0
47038,237.37800000000001,21.201,0.0,0.0,450.166,0.0,0.0,0.0,5.737,0,10.0,1.04,309.915,1.4516,38.52,35.536075592041016,4.98,0.0,0
47038,237.037,21.201,-1.0,0.0,450.22700000000003,0.0,0.0,0.0,5.737,0,13.0,1.035,309.825,-0.39590000000000003,37.35,35.536075592041016,4.98,0.0,0
47038,237.37800000000001,21.201,-0.5,0.0,450.166,0.0,0.0,0.0,5.737,0,10.0,1.03,309.825,0.0412,37.050000000000004,35.536075592041016,4.98,0.0,0
47038,237.548,21.191000000000003,0.0,0.0,450.348,0.0,0.0,0.0,5.737,0,13.0,1.03,309.825,-1.5176,37.11,35.536075592041016,4.98,0.0,0
47038,236.866,21.191000000000003,-1.0,0.0,450.106,0.0,0.0,0.0,5.737,0,11.0,1.03,309.69,3.1919,37.89,35.536075592041016,4.98,0.0,0
47038,237.37800000000001,21.182000000000002,-0.5,0.0,449.98400000000004,0.0,0.0,0.0,5.737,0,11.0,1.03,309.825,0.14850000000000002,38.730000000000004,35.536075592041016,4.98,0.0,0
47038,237.37800000000001,21.182000000000002,0.0,0.0,450.469,0.0,0.0,0.0,5.737,0,11.0,1.0150000000000001,309.69,-2.5486,39.99,35.536075592041016,4.98,0.0,0
47038,237.37800000000001,21.182000000000002,-0.5,0.0,450.469,0.0,0.0,0.0,5.737,0,13.0,1.04,309.69,-3.3321,40.14,35.536075592041016,4.98,0.0,0
47038,237.207,21.182000000000002,-0.5,0.0,450.166,0.0,0.0,0.0,5.737,0,10.0,1.02,309.825,2.9032,40.77,35.536075592041016,4.98,0.0,0
47038,237.207,21.172,0.0,0.0,450.28700000000003,0.0,0.0,0.0,5.737,0,11.0,0.995,309.825,1.8475000000000001,40.230000000000004,35.536075592041016,4.98,0.0,0
47038,237.037,21.172,0.0,0.0,450.65000000000003,0.0,0.0,0.0,5.737,0,11.0,1.025,309.69,-1.5836000000000001,39.21,35.536075592041016,4.98,0.0,0
47038,237.548,21.162000000000003,-0.5,0.0,450.65000000000003,0.0,0.0,0.0,5.737,0,10.0,1.045,309.825,-3.6950000000000003,39.51,35.536075592041016,4.98,0.0,0
47038,237.207,21.162000000000003,-0.5,0.0,450.65000000000003,0.0,0.0,0.0,5.737,0,10.0,1.0150000000000001,309.825,-1.4516,39.99,35.536075592041016,4.98,0.0,0
47038,237.37800000000001,21.162000000000003,-0.5,0.0,450.469,0.0,0.0,-0.2,5.737,0,9.0,1.03,309.915,3.5301,40.230000000000004,35.536075592041016,4.98,0.0,0
47038,237.207,21.152,-0.5,0.0,450.22700000000003,0.0,0.0,0.0,5.737,0,9.0,1.055,309.915,2.3754,38.76,35.536075592041016,4.98,0.0,0
47038,237.037,21.152,-1.0,0.0,450.28700000000003,0.0,0.0,0.0,5.737,0,12.0,1.05,309.825,0.0,37.980000000000004,35.536075592041016,4.98,0.0,0
47038,237.719,21.143,-1.0,0.0,450.22700000000003,0.0,0.0,0.0,5.737,0,10.0,1.025,309.825,-0.39590000000000003,36.54,35.536075592041016,4.98,0.0,0
47038,237.548,21.143,-0.5,0.0,450.348,0.0,0.0,0.0,5.737,0,10.0,1.0150000000000001,309.825,-2.0455,37.29,35.536075592041016,4.98,0.0,0
47038,237.548,21.143,-0.5,0.0,450.166,0.0,0.0,0.0,5.737,0,8.0,1.025,309.915,1.8475000000000001,39.27,35.536075592041016,4.98,0.0,0
47038,237.37800000000001,21.133000000000003,-1.0,0.0,450.166,0.0,0.0,0.0,5.737,0,11.0,1.045,309.69,-0.9567,41.07,35.536075592041016,4.98,0.0,0
47038,237.207,21.133000000000003,-0.5,0.0,450.045,0.0,0.0,0.0,5.737,0,10.0,1.0150000000000001,309.915,-0.132,41.4,35.536075592041016,4.98,0.0,0
47038,237.207,21.133000000000003,-0.5,0.0,450.045,0.0,0.0,0.0,5.737,0,11.0,1.055,310.005,-0.066,40.980000000000004,35.536075592041016,4.98,0.0,0
47038,237.207,21.123,-1.0,0.0,450.408,0.0,0.0,0.0,5.737,0,11.0,1.02,309.825,3.1672000000000002,40.050000000000004,35.536075592041016,4.98,0.0,0
47038,237.548,21.123,0.0,0.0,450.408,0.0,0.0,0.2,5.737,0,12.0,1.03,309.825,2.3506,39.87,35.536075592041016,4.98,0.0,0
47038,237.207,21.123,0.0,0.0,450.408,0.0,0.0,0.0,5.737,0,11.0,1.0050000000000001,309.825,1.4021000000000001,39.51,35.536075592041016,4.98,0.0,0
47038,237.548,21.113,0.0,0.0,450.166,0.0,0.0,0.0,5.737,0,11.0,1.0050000000000001,309.825,-2.7383,39.300000000000004,35.536075592041016,4.98,0.0,0
47038,237.37800000000001,21.113,0.0,0.0,449.92400000000004,0.0,0.0,0.0,5.737,0,11.0,1.01,309.825,-1.1877,39.57,35.536075592041016,4.98,0.0,0
47038,237.37800000000001,21.113,0.0,0.0,449.98400000000004,0.0,0.0,0.0,5.737,0,11.0,1.03,309.915,0.5114000000000001,38.88,35.536075592041016,4.98,0.0,0
47038,237.207,21.104000000000003,0.0,0.0,450.166,0.0,0.0,0.0,5.737,0,8.0,1.05,309.69,-1.2289,37.800000000000004,35.536075592041016,4.98,0.0,0
47038,237.37800000000001,21.104000000000003,0.0,0.0,450.469,0.0,0.0,0.0,5.737,0,13.0,1.035,309.915,-5.2291,37.02,35.536075592041016,4.98,0.0,0
47038,237.548,21.094,-0.5,0.0,450.408,0.0,0.0,0.0,5.737,0,12.0,1.0150000000000001,309.69,-2.3506,37.410000000000004,35.536075592041016,4.98,0.0,0
47038,237.207,21.094,-0.5,0.0,450.28700000000003,0.0,0.0,0.0,5.737,0,12.0,1.0,309.69,3.563,38.7,35.536075592041016,4.98,0.0,0
47038,237.207,21.094,-0.5,0.0,449.863,0.0,0.0,0.0,5.737,0,11.0,1.03,310.005,1.5258,40.14,35.536075592041016,4.98,0.0,0
47038,237.37800000000001,21.084,-1.0,0.0,449.682,0.0,0.0,0.0,5.737,0,11.0,1.06,309.69,5.0147,41.31,35.536075592041016,4.98,0.0,0
47038,237.548,21.084,-0.5,0.0,449.98400000000004,0.0,0.0,0.0,5.737,0,11.0,1.035,309.915,1.699,41.28,35.536075592041016,4.98,0.0,0
47038,237.207,21.074,-0.5,0.0,450.166,0.0,0.0,0.0,5.737,0,10.0,1.03,309.825,-0.8248000000000001,40.17,35.536075592041016,4.98,0.0,0
47038,237.207,21.074,0.0,0.0,450.166,0.0,0.0,0.0,5.737,0,9.0,1.035,309.825,1.798,39.21,35.536075592041016,4.98,0.0,0
47038,237.37800000000001,21.074,0.0,0.0,450.106,0.0,0.0,0.0,5.737,0,11.0,1.01,309.825,-0.6433,38.37,35.536075592041016,4.98,0.0,0
47038,237.548,21.064,0.0,0.0,449.863,0.0,0.0,0.2,5.737,0,10.0,1.0050000000000001,309.825,1.3361,38.04,35.536075592041016,4.98,0.0,0
47038,237.719,21.064,-1.0,0.0,450.348,0.0,0.0,0.0,5.737,0,9.0,1.045,309.69,1.3444,38.31,35.536075592041016,4.98,0.0,0
47038,237.207,21.064,-0.5,0.0,450.408,0.0,0.0,0.0,5.737,0,12.0,1.01,309.69,-4.9734,38.160000000000004,35.536075592041016,4.98,0.0,0
47038,237.37800000000001,21.055,0.0,0.0,449.98400000000004,0.0,0.0,0.0,5.737,0,10.0,1.01,309.825,-5.344600000000001,38.1,35.536075592041016,4.98,0.0,0
47038,237.207,21.055,-0.5,0.0,449.98400000000004,0.0,0.0,0.0,5.737,0,11.0,1.02,309.825,-5.0147,38.13,35.536075592041016,4.98,0.0,0
47038,237.548,21.055,-0.5,0.0,449.62100000000004,0.0,0.0,0.0,5.737,0,11.0,1.0150000000000001,309.825,3.563,38.37,35.536075592041016,4.98,0.0,0
47038,237.37800000000001,21.045,-0.5,0.0,449.803,0.0,0.0,0.0,5.737,0,11.0,1.05,309.825,4.651800000000001,38.94,35.536075592041016,4.98,0.0,0
47038,237.207,21.045,-0.5,0.0,449.863,0.0,0.0,0.0,5.737,0,10.0,1.03,309.825,-1.7155,39.69,35.536075592041016,4.98,0.0,0
47038,237.37800000000001,21.045,-0.5,0.0,449.98400000000004,0.0,0.0,0.0,5.737,0,12.0,1.01,309.825,-1.0557,40.08,35.536075592041016,4.98,0.0,0
47038,237.207,21.035,-1.0,0.0,450.28700000000003,0.0,0.0,-0.2,5.737,0,9.0,1.0050000000000001,309.825,0.0,40.59,35.536075592041016,4.98,0.0,0
47038,237.37800000000001,21.035,-0.5,0.0,450.22700000000003,0.0,0.0,0.0,5.737,0,11.0,1.0150000000000001,309.915,2.5733,40.62,35.536075592041016,4.98,0.0,0
47038,237.207,21.035,-0.5,0.0,450.166,0.0,0.0,-0.2,5.737,0,13.0,1.02,309.825,3.0352,39.9,35.536075592041016,4.98,0.0,0
47038,237.207,21.025000000000002,-0.5,0.0,450.166,0.0,0.0,0.0,5.737,0,10.0,1.0150000000000001,309.825,0.0,38.82,35.536075592041016,4.98,0.0,0
47038,237.719,21.025000000000002,-0.5,0.0,450.28700000000003,0.0,0.0,-0.2,5.737,0,12.0,1.02,309.69,-3.0352,38.28,35.536075592041016,4.98,0.0,0
47038,237.207,21.016000000000002,0.0,0.0,449.98400000000004,0.0,0.0,0.0,5.737,0,12.0,1.02,309.69,-3.3321,38.13,35.536075592041016,4.98,0.0,0
47038,237.548,21.016000000000002,0.0,0.0,449.92400000000004,0.0,0.0,0.0,5.737,0,11.0,1.03,309.915,0.5279,38.64,35.536075592041016,4.98,0.0,0
47038,237.719,21.016000000000002,0.0,0.0,450.166,0.0,0.0,-0.2,5.737,0,10.0,1.045,309.915,3.794,38.76,35.536075592041016,4.98,0.0,0
47038,237.207,21.006,-0.5,0.0,449.92400000000004,0.0,0.0,0.0,5.737,0,11.0,1.025,309.825,4.0909,39.06,35.536075592041016,4.98,0.0,0
47038,237.207,21.006,-1.0,0.0,449.803,0.0,0.0,0.0,5.737,0,9.0,1.04,309.825,0.066,40.11,35.536075592041016,4.98,0.0,0
47038,237.548,20.996000000000002,-0.5,0.0,449.98400000000004,0.0,0.0,0.0,5.737,0,11.0,1.03,309.825,-2.9032,40.65,35.536075592041016,4.98,0.0,0
47038,237.37800000000001,20.996000000000002,0.0,0.0,449.863,0.0,0.0,0.0,5.737,0,12.0,1.0050000000000001,309.915,-1.3856000000000002,40.26,35.536075592041016,4.98,0.0,0
47038,237.37800000000001,20.996000000000002,-0.5,0.0,449.863,0.0,0.0,0.0,5.737,0,10.0,1.01,309.825,-1.8475000000000001,40.5,35.536075592041016,4.98,0.0,0
47038,237.037,20.986,-1.0,0.0,449.92400000000004,0.0,0.0,0.0,5.737,0,9.0,0.98,309.825,0.5279,39.96,35.536075592041016,4.98,0.0,0
47038,237.37800000000001,20.986,-0.5,0.0,449.62100000000004,0.0,0.0,0.0,5.737,0,10.0,1.025,309.915,1.7155,39.9,35.536075592041016,4.98,0.0,0
47038,237.37800000000001,20.986,0.0,0.0,449.62100000000004,0.0,0.0,0.0,5.737,0,10.0,1.035,309.915,-0.066,38.550000000000004,35.536075592041016,4.98,0.0,0
47038,237.37800000000001,20.977,0.0,0.0,449.803,0.0,0.0,0.2,5.737,0,12.0,1.035,309.825,1.3196,38.01,35.536075592041016,4.98,0.0,0
47038,237.719,20.977,-0.5,0.0,449.98400000000004,0.0,0.0,0.0,5.737,0,10.0,1.0150000000000001,309.915,1.0557,37.14,35.536075592041016,4.98,0.0,0
47038,237.37800000000001,20.977,0.0,0.0,449.803,0.0,0.0,0.0,5.737,0,11.0,1.03,309.915,-0.2639,37.89,35.536075592041016,4.98,0.0,0
47038,237.548,20.967000000000002,0.5,0.0,449.98400000000004,0.0,0.0,0.0,5.737,0,11.0,1.01,309.915,0.9897,38.910000000000004,35.536075592041016,4.98,0.0,0
47038,237.207,20.967000000000002,0.0,0.0,449.863,0.0,0.0,0.0,5.737,0,13.0,1.02,309.825,-2.1114,39.27,35.536075592041016,4.98,0.0,0
47038,237.207,20.957,-1.0,0.0,449.803,0.0,0.0,0.0,5.737,0,10.0,1.0050000000000001,309.825,-2.0455,39.81,35.536075592041016,4.98,0.0,0
47038,237.548,20.957,0.0,0.0,449.742,0.0,0.0,0.0,5.737,0,13.0,1.06,309.915,-0.2639,39.84,35.536075592041016,4.98,0.0,0
47038,237.548,20.957,-0.5,0.0,449.92400000000004,0.0,0.0,0.0,5.737,0,12.0,1.045,309.915,-0.066,39.51,35.536075592041016,4.98,0.0,0
47038,237.719,20.947000000000003,0.0,0.0,449.682,0.0,0.0,0.0,5.737,0,10.0,1.03,309.915,1.8475000000000001,39.18,35.536075592041016,4.98,0.0,0
47038,237.207,20.947000000000003,0.5,0.0,449.742,0.0,0.0,-0.2,5.737,0,11.0,1.02,309.69,-2.4743,39.93,35.536075592041016,4.98,0.0,0
47038,237.37800000000001,20.947000000000003,0.0,0.0,450.166,0.0,0.0,0.0,5.737,0,13.0,1.0050000000000001,309.915,-1.3196,39.480000000000004,35.536075592041016,4.98,0.0,0
47038,237.37800000000001,20.938000000000002,0.0,0.0,449.803,0.0,0.0,0.0,5.737,0,11.0,1.01,309.825,-0.7258,38.76,35.536075592041016,4.98,0.0,0
47038,237.548,20.938000000000002,0.0,0.0,450.045,0.0,0.0,0.0,5.737,0,10.0,1.02,309.825,1.5836000000000001,37.74,35.536075592041016,4.98,0.0,0
47038,237.207,20.938000000000002,-0.5,0.0,450.045,0.0,0.0,0.0,5.737,0,10.0,1.04,309.825,1.0310000000000001,37.56,35.536075592041016,4.98,0.0,0
47038,237.207,20.928,-0.5,0.0,449.92400000000004,0.0,0.0,0.0,5.737,0,9.0,1.01,309.915,4.1569,36.81,35.536075592041016,4.98,0.0,0
47038,237.37800000000001,20.928,-0.5,0.0,450.045,0.0,0.0,0.0,5.737,0,13.0,1.0,309.825,0.7918000000000001,37.050000000000004,35.536075592041016,4.98,0.0,0
47038,237.37800000000001,20.928,0.0,0.0,449.62100000000004,0.0,0.0,0.0,5.737,0,11.0,1.02,309.825,-0.39590000000000003,37.95,35.536075592041016,4.98,0.0,0
47038,237.207,20.918,0.0,0.0,449.62100000000004,0.0,0.0,0.0,5.737,0,10.0,1.01,309.69,-2.0702000000000003,39.81,35.536075592041016,4.98,0.0,0
47038,237.37800000000001,20.918,0.0,0.0,449.742,0.0,0.0,0.0,5.737,0,11.0,1.025,309.69,-4.726,40.38,35.536075592041016,4.98,0.0,0
47038,237.37800000000001,20.918,0.0,0.0,449.62100000000004,0.0,0.0,0.0,5.737,0,11.0,1.02,309.69,-2.9445,39.72,35.536075592041016,4.98,0.0,0
47038,237.207,20.908,-1.0,0.0,449.682,0.0,0.0,0.0,5.737,0,10.0,1.02,309.825,0.19790000000000002,39.0,35.536075592041016,4.98,0.0,0
47038,237.207,20.908,-0.5,0.0,449.56100000000004,0.0,0.0,0.2,5.737,0,11.0,1.01,309.69,3.9589000000000003,38.85,35.536075592041016,4.98,0.0,0
47038,237.207,20.898,-0.5,0.0,449.5,0.0,0.0,0.0,5.737,0,10.0,1.035,309.915,4.4043,39.45,35.536075592041016,4.98,0.0,0
47038,237.37800000000001,20.898,-1.0,0.0,449.803,0.0,0.0,0.0,5.737,0,9.0,1.025,309.915,1.7650000000000001,38.94,35.536075592041016,4.98,0.0,0
47038,237.37800000000001,20.898,0.0,0.0,449.682,0.0,0.0,0.0,5.737,0,10.0,1.03,309.915,2.0949,38.22,35.536075592041016,4.98,0.0,0
47038,237.207,20.889,-0.5,0.0,449.62100000000004,0.0,0.0,0.0,5.737,0,10.0,1.0050000000000001,309.825,-0.18150000000000002,37.08,35.536075592041016,4.98,0.0,0
47038,237.37800000000001,20.889,-0.5,0.0,449.92400000000004,0.0,0.0,0.0,5.737,0,12.0,1.0150000000000001,309.825,0.7258,36.87,35.536075592041016,4.98,0.0,0
47038,237.207,20.889,0.0,0.0,449.742,0.0,0.0,0.0,5.737,0,12.0,1.045,309.915,-2.2434000000000003,37.53,35.536075592041016,4.98,0.0,0
47038,237.207,20.879,-1.0,0.0,449.803,0.0,0.0,0.0,5.737,0,11.0,1.025,309.825,-0.2639,38.43,35.536075592041016,4.98,0.0,0
47038,237.207,20.879,-0.5,0.0,449.682,0.0,0.0,0.0,5.737,0,12.0,1.035,309.915,-1.6661000000000001,40.08,35.536075592041016,4.98,0.0,0
47038,237.719,20.879,-0.5,0.0,449.98400000000004,0.0,0.0,0.0,5.737,0,10.0,1.02,309.69,-2.7465,40.83,35.536075592041016,4.98,0.0,0
47038,237.37800000000001,20.869,-0.5,0.0,449.92400000000004,0.0,0.0,0.0,5.737,0,10.0,1.03,309.825,0.7918000000000001,40.53,35.536075592041016,4.98,0.0,0
47038,237.37800000000001,20.869,0.0,0.0,449.803,0.0,0.0,0.0,5.737,0,11.0,1.02,309.69,-2.8785000000000003,39.24,35.536075592041016,4.98,0.0,0
47038,237.37800000000001,20.859,-0.5,0.0,449.863,0.0,0.0,0.0,5.737,0,9.0,1.03,309.825,4.0662,38.28,35.536075592041016,4.98,0.0,0
47038,237.207,20.859,-0.5,0.0,450.106,0.0,0.0,0.0,5.737,0,10.0,1.04,309.825,1.2537,38.43,35.536075592041016,4.98,0.0,0
47038,237.548,20.859,-0.5,0.0,450.166,0.0,0.0,0.0,5.737,0,11.0,1.025,309.825,1.1877,38.34,35.536075592041016,4.98,0.0,0
47038,237.37800000000001,20.859,0.0,0.0,449.98400000000004,0.0,0.0,0.2,5.737,0,11.0,1.03,309.825,-0.099,38.25,35.536075592041016,4.98,0.0,0
47038,237.719,20.85,0.0,0.0,449.803,0.0,0.0,0.0,5.737,0,11.0,1.02,309.825,-2.2434000000000003,38.160000000000004,35.536075592041016,4.98,0.0,0
47038,237.37800000000001,20.85,0.0,0.0,449.92400000000004,0.0,0.0,0.0,5.737,0,11.0,1.02,309.69,-2.0125,37.32,35.536075592041016,4.98,0.0,0
47038,237.207,20.85,-0.5,0.0,449.803,0.0,0.0,0.0,5.737,0,10.0,1.0150000000000001,309.825,0.5279,36.51,35.536075592041016,4.98,0.0,0
47038,237.37800000000001,20.84,-0.5,0.0,449.98400000000004,0.0,0.0,0.0,5.737,0,11.0,1.02,309.825,1.8475000000000001,36.75,35.536075592041016,4.98,0.0,0
47038,237.207,20.84,0.0,0.0,449.863,0.0,0.0,0.0,5.737,0,9.0,1.055,309.825,2.7713,37.77,35.536075592041016,4.98,0.0,0
47038,237.37800000000001,20.830000000000002,-0.5,0.0,449.803,0.0,0.0,0.0,5.737,0,10.0,1.02,309.69,-3.0682,39.21,35.536075592041016,4.98,0.0,0
47038,237.548,20.830000000000002,-0.5,0.0,449.98400000000004,0.0,0.0,0.0,5.737,0,9.0,1.035,309.69,-2.9032,40.02,35.536075592041016,4.98,0.0,0
47038,237.207,20.830000000000002,-0.5,0.0,449.98400000000004,0.0,0.0,0.0,5.737,0,9.0,1.02,309.825,-0.5279,39.51,35.536075592041016,4.98,0.0,0
47038,237.37800000000001,20.82,0.0,0.0,449.62100000000004,0.0,0.0,0.0,5.737,0,11.0,1.045,309.825,3.6950000000000003,39.18,35.536075592041016,4.98,0.0,0
47038,237.37800000000001,20.82,-0.5,0.0,449.742,0.0,0.0,0.0,5.737,0,12.0,1.03,309.915,1.9465000000000001,38.76,35.536075592041016,4.98,0.0,0
47038,237.037,20.82,-0.5,0.0,449.863,0.0,0.0,0.0,5.737,0,11.0,1.04,309.825,-0.7918000000000001,37.77,35.536075592041016,4.98,0.0,0
47038,237.37800000000001,20.811,0.0,0.0,449.682,0.0,0.0,0.0,5.737,0,13.0,1.035,309.69,-2.0125,37.32,35.536075592041016,4.98,0.0,0
47038,237.548,20.811,-1.0,0.0,449.803,0.0,0.0,0.0,5.737,0,11.0,1.0150000000000001,309.825,-2.7713,36.480000000000004,35.536075592041016,4.98,0.0,0
47038,237.37800000000001,20.811,-0.5,0.0,449.62100000000004,0.0,0.0,0.0,5.737,0,11.0,1.03,310.005,1.7155,35.88,35.536075592041016,4.98,0.0,0
47038,237.207,20.801000000000002,-1.0,0.0,449.5,0.0,0.0,0.0,5.737,0,16.0,1.01,309.825,5.6745,36.480000000000004,35.536075592041016,4.98,0.0,0
47038,237.37800000000001,20.801000000000002,-0.5,0.0,449.5,0.0,0.0,0.0,5.737,0,13.0,1.0150000000000001,309.825,0.5279,37.17,35.536075592041016,4.98,0.0,0
47038,237.037,20.791,-0.5,0.0,449.319,0.0,0.0,0.0,5.737,0,11.0,1.01,309.915,-4.8827,38.1,35.536075592041016,4.98,0.0,0
47038,237.548,20.791,0.0,0.0,449.319,0.0,0.0,0.0,5.737,0,11.0,1.01,309.915,-3.7445000000000004,38.13,35.536075592041016,4.98,0.0,0
47038,237.207,20.791,-0.5,0.0,449.742,0.0,0.0,0.2,5.737,0,10.0,1.02,309.825,-1.8475000000000001,38.61,35.536075592041016,4.98,0.0,0
47038,237.548,20.791,-0.5,0.0,449.803,0.0,0.0,0.0,5.737,0,11.0,1.02,309.825,2.3754,39.12,35.536075592041016,4.98,0.0,0
47038,237.37800000000001,20.781000000000002,0.0,0.0,449.682,0.0,0.0,0.0,5.737,0,12.0,1.02,309.915,1.3856000000000002,39.09,35.536075592041016,4.98,0.0,0
47038,237.548,20.781000000000002,-0.5,0.0,449.92400000000004,0.0,0.0,0.0,5.737,0,8.0,1.03,309.915,0.2474,39.12,35.536075592041016,4.98,0.0,0
47038,237.548,20.781000000000002,0.0,0.0,449.742,0.0,0.0,0.0,5.737,0,11.0,1.08,309.69,-2.4001,38.79,35.536075592041016,4.98,0.0,0
47038,237.207,20.771,-0.5,0.0,449.803,0.0,0.0,0.0,5.737,0,11.0,1.0,309.825,-2.8207,38.85,35.536075592041016,4.98,0.0,0
47038,237.548,20.771,-0.5,0.0,450.045,0.0,0.0,0.0,5.737,0,10.0,1.025,309.825,-2.9032,37.83,35.536075592041016,4.98,0.0,0
47038,237.37800000000001,20.771,0.0,0.0,450.045,0.0,0.0,0.0,5.737,0,8.0,1.01,309.825,1.9547,38.01,35.536075592041016,4.98,0.0,0
47038,237.37800000000001,20.762,-0.5,0.0,449.863,0.0,0.0,0.0,5.737,0,11.0,1.02,309.915,1.0392000000000001,37.71,35.536075592041016,4.98,0.0,0
47038,237.37800000000001,20.762,-0.5,0.0,449.92400000000004,0.0,0.0,0.0,5.737,0,11.0,1.03,309.915,-0.41240000000000004,37.47,35.536075592041016,4.98,0.0,0
47038,237.207,20.762,0.0,0.0,450.045,0.0,0.0,0.0,5.737,0,10.0,1.025,309.825,1.3196,37.53,35.536075592041016,4.98,0.0,0
47038,237.207,20.752000000000002,-0.5,0.0,449.62100000000004,0.0,0.0,0.0,5.737,0,11.0,1.055,309.915,-1.3856000000000002,37.68,35.536075592041016,4.98,0.0,0
47038,237.37800000000001,20.752000000000002,-0.5,0.0,449.803,0.0,0.0,0.0,5.737,0,12.0,1.025,309.69,-0.7258,38.4,35.536075592041016,4.98,0.0,0
47038,237.548,20.742,-0.5,0.0,450.166,0.0,0.0,0.0,5.737,0,11.0,1.07,309.915,-0.9402,39.39,35.536075592041016,4.98,0.0,0
47038,237.207,20.742,0.0,0.0,449.98400000000004,0.0,0.0,0.2,5.737,0,12.0,1.045,309.825,-1.8475000000000001,40.410000000000004,35.536075592041016,4.98,0.0,0
47038,237.37800000000001,20.742,-0.5,0.0,449.56100000000004,0.0,0.0,0.0,5.737,0,10.0,1.0,309.825,0.23920000000000002,39.87,35.536075592041016,4.98,0.0,0
47038,237.207,20.742,0.0,0.0,449.62100000000004,0.0,0.0,0.0,5.737,0,9.0,1.04,309.69,-1.6496000000000002,39.480000000000004,35.536075592041016,4.98,0.0,0
47038,237.037,20.732,0.0,0.0,449.5,0.0,0.0,-0.2,5.737,0,12.0,1.045,309.825,-3.4311000000000003,39.03,35.536075592041016,4.98,0.0,0
47038,237.037,20.732,-0.5,0.0,449.803,0.0,0.0,0.0,5.737,0,11.0,1.01,309.915,2.0949,38.22,35.536075592041016,4.98,0.0,0
47038,237.548,20.732,-0.5,0.0,449.62100000000004,0.0,0.0,0.0,5.737,0,9.0,1.025,309.825,1.7568000000000001,37.65,35.536075592041016,4.98,0.0,0
47038,237.207,20.723000000000003,0.0,0.0,449.44,0.0,0.0,0.0,5.737,0,11.0,1.06,309.825,-1.6743000000000001,36.99,35.536075592041016,4.98,0.0,0
47038,237.037,20.723000000000003,-0.5,0.0,449.62100000000004,0.0,0.0,0.0,5.737,0,8.0,1.03,309.825,4.0414,37.29,35.536075592041016,4.98,0.0,0
47038,237.207,20.723000000000003,0.0,0.0,449.98400000000004,0.0,0.0,0.0,5.737,0,10.0,1.01,309.825,0.899,38.04,35.536075592041016,4.98,0.0,0
47038,237.207,20.713,-0.5,0.0,449.803,0.0,0.0,0.0,5.737,0,13.0,1.0150000000000001,309.825,-0.9238000000000001,38.37,35.536075592041016,4.98,0.0,0
47038,237.37800000000001,20.713,0.0,0.0,449.803,0.0,0.0,0.2,5.737,0,11.0,1.0,309.825,-1.5836000000000001,38.4,35.536075592041016,4.98,0.0,0
47038,237.37800000000001,20.713,0.0,0.0,449.803,0.0,0.0,0.0,5.737,0,9.0,1.02,309.825,0.0,39.54,35.536075592041016,4.98,0.0,0
47038,237.207,20.703,-0.5,0.0,449.98400000000004,0.0,0.0,0.0,5.737,0,9.0,1.04,309.825,-5.0147,40.2,35.536075592041016,4.98,0.0,0
47038,237.207,20.703,0.0,0.0,449.92400000000004,0.0,0.0,0.0,5.737,0,11.0,1.035,309.825,2.2434000000000003,39.96,35.536075592041016,4.98,0.0,0
47038,237.207,20.703,-0.5,0.0,449.5,0.0,0.0,0.0,5.737,0,12.0,1.02,309.915,3.629,39.72,35.536075592041016,4.98,0.0,0
47038,237.207,20.693,-0.5,0.0,449.803,0.0,0.0,0.0,5.737,0,10.0,1.01,309.825,-2.1114,39.72,35.536075592041016,4.98,0.0,0
47038,237.207,20.693,0.0,0.0,450.045,0.0,0.0,0.0,5.737,0,10.0,1.02,309.915,-2.7053000000000003,39.45,35.536075592041016,4.98,0.0,0
47038,236.866,20.693,-0.5,0.0,449.803,0.0,0.0,0.0,5.737,0,12.0,1.025,309.825,-2.6393,38.79,35.536075592041016,4.98,0.0,0
47038,237.207,20.684,-1.0,0.0,449.62100000000004,0.0,0.0,0.0,5.737,0,10.0,1.035,309.915,4.4208,37.83,35.536075592041016,4.98,0.0,0
47038,237.207,20.684,0.0,0.0,449.742,0.0,0.0,0.0,5.737,0,11.0,1.02,309.915,4.3548,37.35,35.536075592041016,4.98,0.0,0
47038,237.37800000000001,20.684,0.0,0.0,449.56100000000004,0.0,0.0,0.0,5.737,0,11.0,1.0050000000000001,309.825,0.0,37.44,35.536075592041016,4.98,0.0,0
47038,237.207,20.674,-1.0,0.0,449.62100000000004,0.0,0.0,0.0,5.737,0,11.0,1.03,309.915,-2.3754,38.13,35.536075592041016,4.98,0.0,0
47038,237.207,20.674,-0.5,0.0,449.62100000000004,0.0,0.0,0.0,5.737,0,9.0,1.0050000000000001,309.825,-2.0455,39.12,35.536075592041016,4.98,0.0,0
47038,237.207,20.674,0.5,0.0,449.62100000000004,0.0,0.0,0.0,5.737,0,10.0,1.0,309.825,-1.8310000000000002,39.21,35.536075592041016,4.98,0.0,0
47038,237.037,20.674,0.0,0.0,449.803,0.0,0.0,0.0,5.737,0,12.0,1.0,309.915,-0.41240000000000004,39.87,35.536075592041016,4.98,0.0,0
47038,237.37800000000001,20.664,-0.5,0.0,449.803,0.0,0.0,0.0,5.737,0,13.0,1.025,309.915,-0.3299,40.2,35.536075592041016,4.98,0.0,0
47038,237.207,20.664,0.0,0.0,449.5,0.0,0.0,0.0,5.737,0,11.0,1.07,309.825,0.066,39.93,35.536075592041016,4.98,0.0,0
47038,237.037,20.654,0.0,0.0,449.62100000000004,0.0,0.0,0.0,5.737,0,11.0,1.04,309.915,-1.3361,40.32,35.536075592041016,4.98,0.0,0
47038,237.037,20.654,0.0,0.0,449.5,0.0,0.0,0.0,5.737,0,12.0,1.035,309.825,-1.0392000000000001,40.410000000000004,35.536075592041016,4.98,0.0,0
47038,237.037,20.654,-0.5,0.0,449.62100000000004,0.0,0.0,0.0,5.737,0,10.0,1.02,309.915,4.6023000000000005,39.57,35.536075592041016,4.98,0.0,0
47038,237.207,20.645,-0.5,0.0,449.803,0.0,0.0,0.0,5.737,0,11.0,1.025,309.825,0.6103000000000001,38.28,35.536075592041016,4.98,0.0,0
47038,236.696,20.645,-0.5,0.0,449.62100000000004,0.0,0.0,0.0,5.737,0,8.0,1.03,309.825,-2.3589,36.9,35.536075592041016,4.98,0.0,0
47038,237.37800000000001,20.645,-0.5,0.0,450.22700000000003,0.0,0.0,0.0,5.737,0,10.0,1.04,309.69,-2.2681,36.63,35.536075592041016,4.98,0.0,0
47038,237.207,20.635,-0.5,0.0,449.98400000000004,0.0,0.0,0.0,5.737,0,11.0,1.01,309.915,0.6433,37.47,35.536075592041016,4.98,0.0,0
47038,237.37800000000001,20.635,0.0,0.0,449.62100000000004,0.0,0.0,0.0,5.737,0,11.0,1.025,309.825,4.2229,38.82,35.536075592041016,4.98,0.0,0
47038,237.207,20.635,0.0,0.0,449.379,0.0,0.0,0.0,5.737,0,10.0,1.035,309.69,1.097,40.32,35.536075592041016,4.98,0.0,0
47038,237.207,20.625,-1.0,0.0,449.803,0.0,0.0,0.0,5.737,0,12.0,1.05,309.915,-0.9897,41.4,35.536075592041016,4.98,0.0,0
47038,237.207,20.625,-0.5,0.0,449.62100000000004,0.0,0.0,0.0,5.737,0,11.0,1.06,309.825,0.6103000000000001,40.65,35.536075592041016,4.98,0.0,0
47038,237.207,20.625,-0.5,0.0,449.56100000000004,0.0,0.0,0.0,5.737,0,9.0,1.045,309.825,2.0207,39.75,35.536075592041016,4.98,0.0,0
47038,237.207,20.615000000000002,-1.0,0.0,449.62100000000004,0.0,0.0,0.0,5.737,0,11.0,1.035,309.69,-3.0599000000000003,39.42,35.536075592041016,4.98,0.0,0
47038,237.207,20.615000000000002,-0.5,0.0,449.803,0.0,0.0,0.0,5.737,0,10.0,1.035,309.825,-1.1217000000000001,39.84,35.536075592041016,4.98,0.0,0
47038,237.548,20.615000000000002,-0.5,0.0,449.56100000000004,0.0,0.0,0.0,5.737,0,10.0,1.0150000000000001,309.69,-2.4826,40.050000000000004,35.536075592041016,4.98,0.0,0
47038,237.37800000000001,20.605,-0.5,0.0,449.92400000000004,0.0,0.0,0.0,5.737,0,9.0,1.02,309.825,2.0867,39.63,35.536075592041016,4.98,0.0,0
47038,237.207,20.605,-0.5,0.0,450.106,0.0,0.0,0.0,5.737,0,10.0,1.035,309.825,0.7258,37.95,35.536075592041016,4.98,0.0,0
47038,237.207,20.605,-1.0,0.0,449.742,0.0,0.0,-0.2,5.737,0,9.0,1.025,309.825,-0.7505000000000001,37.800000000000004,35.536075592041016,4.98,0.0,0
47038,237.207,20.596,0.0,0.0,449.803,0.0,0.0,0.0,5.737,0,9.0,1.035,309.69,-2.1527000000000003,37.89,35.536075592041016,4.98,0.0,0
47038,237.207,20.596,0.0,0.0,449.803,0.0,0.0,0.0,5.737,0,10.0,1.02,309.825,0.19790000000000002,39.12,35.536075592041016,4.98,0.0,0
47038,237.207,20.596,0.0,0.0,449.803,0.0,0.0,0.0,5.737,0,9.0,1.035,309.825,2.3094,40.71,35.536075592041016,4.98,0.0,0
47038,237.207,20.586000000000002,-0.5,0.0,449.98400000000004,0.0,0.0,0.0,5.737,0,9.0,1.0050000000000001,309.69,1.7815,42.0,35.536075592041016,4.98,0.0,0
47038,236.866,20.586000000000002,0.0,0.0,449.742,0.0,0.0,0.0,5.737,0,11.0,1.025,309.69,-4.3301,41.46,35.536075592041016,4.98,0.0,0
47038,237.37800000000001,20.586000000000002,0.0,0.0,449.803,0.0,0.0,0.0,5.737,0,9.0,1.025,309.69,-3.4723,40.38,35.536075592041016,4.98,0.0,0
47038,237.207,20.576,0.0,0.0,449.803,0.0,0.0,0.0,5.737,0,11.0,1.055,309.825,0.9402,39.81,35.536075592041016,4.98,0.0,0
47038,237.207,20.576,-0.5,0.0,449.5,0.0,0.0,0.0,5.737,0,9.0,1.035,309.69,3.629,39.45,35.536075592041016,4.98,0.0,0
47038,237.037,20.566000000000003,-0.5,0.0,449.92400000000004,0.0,0.0,0.0,5.737,0,11.0,1.025,309.825,2.3506,39.300000000000004,35.536075592041016,4.98,0.0,0
47038,237.719,20.566000000000003,0.0,0.0,449.92400000000004,0.0,0.0,0.0,5.737,0,11.0,1.04,309.825,1.8475000000000001,39.33,35.536075592041016,4.98,0.0,0
47038,237.37800000000001,20.566000000000003,0.0,0.0,449.742,0.0,0.0,0.0,5.737,0,12.0,1.045,309.915,-0.8578,38.730000000000004,35.536075592041016,4.98,0.0,0
47038,237.548,20.566000000000003,0.0,0.0,449.98400000000004,0.0,0.0,0.0,5.737,0,10.0,1.0050000000000001,309.825,1.9795,37.86,35.536075592041016,4.98,0.0,0
47038,237.207,20.557000000000002,-1.0,0.0,449.742,0.0,0.0,0.0,5.737,0,12.0,1.02,309.825,1.8475000000000001,37.800000000000004,35.536075592041016,4.98,0.0,0
47038,237.37800000000001,20.557000000000002,-1.0,0.0,449.803,0.0,0.0,0.0,5.737,0,9.0,1.035,309.69,-1.3196,37.89,35.536075592041016,4.98,0.0,0
47038,237.207,20.557000000000002,0.0,0.0,449.682,0.0,0.0,0.0,5.737,0,11.0,1.0150000000000001,309.825,0.2639,38.7,35.536075592041016,4.98,0.0,0
47038,237.37800000000001,20.547,0.0,0.0,449.803,0.0,0.0,0.0,5.737,0,11.0,1.035,309.825,-2.3754,40.68,35.536075592041016,4.98,0.0,0
47038,237.207,20.547,-0.5,0.0,449.803,0.0,0.0,0.0,5.737,0,13.0,1.02,309.915,2.4743,41.64,35.536075592041016,4.98,0.0,0
47038,237.37800000000001,20.547,0.0,0.0,449.803,0.0,0.0,0.2,5.737,0,11.0,1.035,309.69,0.2639,41.58,35.536075592041016,4.98,0.0,0
47038,237.37800000000001,20.537000000000003,-0.5,0.0,449.92400000000004,0.0,0.0,0.2,5.737,0,12.0,1.025,309.825,-2.3754,41.07,35.536075592041016,4.98,0.0,0
47038,237.37800000000001,20.537000000000003,0.0,0.0,449.62100000000004,0.0,0.0,0.0,5.737,0,11.0,1.01,309.825,-0.6598,39.63,35.536075592041016,4.98,0.0,0
47038,237.37800000000001,20.537000000000003,-0.5,0.0,449.62100000000004,0.0,0.0,0.0,5.737,0,10.0,1.03,309.825,2.5403000000000002,38.4,35.536075592041016,4.98,0.0,0
47038,237.548,20.527,0.0,0.0,449.92400000000004,0.0,0.0,0.0,5.737,0,8.0,1.02,309.915,-0.39590000000000003,38.13,35.536075592041016,4.98,0.0,0
47038,237.889,20.527,-0.5,0.0,449.803,0.0,0.0,0.0,5.737,0,10.0,1.035,309.69,-2.5403000000000002,37.980000000000004,35.536075592041016,4.98,0.0,0
47038,237.207,20.527,-0.5,0.0,449.863,0.0,0.0,0.0,5.737,0,9.0,1.02,309.825,1.3196,37.95,35.536075592041016,4.98,0.0,0
47038,237.37800000000001,20.518,0.0,0.0,449.803,0.0,0.0,0.0,5.737,0,11.0,1.02,309.915,1.8475000000000001,37.44,35.536075592041016,4.98,0.0,0
47038,237.37800000000001,20.518,-0.5,0.0,449.62100000000004,0.0,0.0,0.0,5.737,0,10.0,1.025,309.915,3.8270000000000004,38.22,35.536075592041016,4.98,0.0,0
47038,237.548,20.518,-1.0,0.0,449.319,0.0,0.0,0.2,5.737,0,9.0,1.025,309.915,-0.5938,39.660000000000004,35.536075592041016,4.98,0.0,0
47038,237.548,20.508000000000003,-1.0,0.0,449.319,0.0,0.0,0.0,5.737,0,12.0,1.0150000000000001,309.825,-1.8475000000000001,41.01,35.536075592041016,4.98,0.0,0
47038,237.37800000000001,20.508000000000003,0.0,0.0,449.803,0.0,0.0,0.0,5.737,0,11.0,1.02,309.69,-1.4186,41.01,35.536075592041016,4.98,0.0,0
47038,237.37800000000001,20.508000000000003,0.0,0.0,449.682,0.0,0.0,0.0,5.737,0,9.0,1.02,309.69,-4.2229,41.28,35.536075592041016,4.98,0.0,0
47038,237.719,20.498,-0.5,0.0,449.62100000000004,0.0,0.0,0.0,5.737,0,12.0,1.01,309.825,1.5836000000000001,40.38,35.536075592041016,4.98,0.0,0
47038,236.866,20.498,0.0,0.0,449.62100000000004,0.0,0.0,0.0,5.737,0,12.0,1.0150000000000001,309.825,1.4516,40.2,35.536075592041016,4.98,0.0,0
47038,237.37800000000001,20.498,-0.5,0.0,449.56100000000004,0.0,0.0,0.0,5.737,0,9.0,1.02,309.825,0.0412,39.660000000000004,35.536075592041016,4.98,0.0,0
47038,236.525,20.498,-0.5,0.0,449.742,0.0,0.0,0.0,5.737,0,11.0,1.025,309.825,-1.9382000000000001,38.58,35.536075592041016,4.98,0.0,0
47038,236.866,20.488,0.0,0.0,449.62100000000004,0.0,0.0,0.0,5.737,0,11.0,1.01,309.825,2.1774,38.01,35.536075592041016,4.98,0.0,0
47038,236.525,20.488,-0.5,0.0,449.98400000000004,0.0,0.0,0.0,5.737,0,11.0,1.02,309.825,1.4516,37.83,35.536075592041016,4.98,0.0,0
47038,237.548,20.488,0.0,0.0,449.62100000000004,0.0,0.0,0.2,5.737,0,12.0,1.05,309.69,-2.0207,38.01,35.536075592041016,4.98,0.0,0
47038,236.014,20.479000000000003,0.5,0.0,449.682,0.0,0.0,0.0,5.737,0,10.0,1.01,309.825,-3.2991,37.95,35.536075592041016,4.98,0.0,0
47038,237.207,20.479000000000003,-0.5,0.0,449.62100000000004,0.0,0.0,0.0,5.737,0,11.0,1.025,309.825,0.5279,39.0,35.536075592041016,4.98,0.0,0
47038,236.014,20.479000000000003,0.0,0.0,449.56100000000004,0.0,0.0,0.0,5.737,0,11.0,1.02,309.825,1.1629,40.11,35.536075592041016,4.98,0.0,0
47038,237.37800000000001,20.469,-0.5,0.0,449.5,0.0,0.0,0.0,5.737,0,11.0,1.035,309.825,1.5176,40.59,35.536075592041016,4.98,0.0,0
47038,235.673,20.469,-0.5,0.0,449.319,0.0,0.0,0.0,5.737,0,10.0,1.0150000000000001,309.915,1.4351,40.86,35.536075592041016,4.98,0.0,0
47038,237.037,20.469,-0.5,0.0,449.077,0.0,0.0,0.0,5.737,0,10.0,1.0150000000000001,309.825,1.2537,41.01,35.536075592041016,4.98,0.0,0
47038,236.35500000000002,20.459,0.0,0.0,449.19800000000004,0.0,0.0,0.0,5.737,0,11.0,1.025,309.915,0.2639,40.2,35.536075592041016,4.98,0.0,0
47038,237.548,20.459,0.0,0.0,449.62100000000004,0.0,0.0,0.0,5.737,0,11.0,1.03,309.825,-0.18150000000000002,38.88,35.536075592041016,4.98,0.0,0
47038,235.502,20.459,0.0,0.0,449.56100000000004,0.0,0.0,0.0,5.737,0,11.0,1.02,309.915,2.4413,38.28,35.536075592041016,4.98,0.0,0
47038,236.866,20.449,-0.5,0.0,449.56100000000004,0.0,0.0,0.0,5.737,0,11.0,1.03,309.825,-1.699,37.92,35.536075592041016,4.98,0.0,0
47038,236.014,20.449,0.0,0.0,449.62100000000004,0.0,0.0,0.0,5.737,0,13.0,1.0,309.915,-1.9135000000000002,37.89,35.536075592041016,4.98,0.0,0
47038,237.548,20.449,-1.0,0.0,449.19800000000004,0.0,0.0,0.0,5.737,0,11.0,1.04,309.915,-0.46190000000000003,37.68,35.536075592041016,4.98,0.0,0
47038,234.82,20.439,0.0,0.0,449.44,0.0,0.0,0.2,5.737,0,11.0,1.03,309.915,3.4806000000000004,37.59,35.536075592041016,4.98,0.0,0
47038,236.866,20.439,0.0,0.0,449.5,0.0,0.0,-0.2,5.737,0,9.0,1.04,309.69,-2.0042,38.31,35.536075592041016,4.98,0.0,0
47038,235.332,20.439,-0.5,0.0,449.319,0.0,0.0,0.0,5.737,0,9.0,1.0150000000000001,309.825,-3.1672000000000002,39.75,35.536075592041016,4.98,0.0,0
47038,237.37800000000001,20.43,-0.5,0.0,449.5,0.0,0.0,0.0,5.737,0,11.0,1.02,309.825,0.41240000000000004,39.9,35.536075592041016,4.98,0.0,0
47038,238.231,20.43,-0.5,0.0,449.5,0.0,0.0,0.2,5.737,0,11.0,1.045,309.825,1.1217000000000001,39.72,35.536075592041016,4.98,0.0,0
47038,238.572,20.43,-0.5,0.0,449.5,0.0,0.0,0.0,5.737,0,10.0,1.03,309.825,2.7713,38.85,35.536075592041016,4.98,0.0,0
47038,238.913,20.43,-0.5,0.0,449.44,0.0,0.0,-0.2,5.737,0,12.0,1.03,309.69,-0.4289,39.39,35.536075592041016,4.98,0.0,0
47038,238.231,20.42,0.0,0.0,449.56100000000004,0.0,0.0,-0.2,5.737,0,11.0,1.0150000000000001,309.825,-1.4516,39.18,35.536075592041016,4.98,0.0,0
47038,238.231,20.42,-0.5,0.0,449.62100000000004,0.0,0.0,0.0,5.737,0,10.0,1.0150000000000001,309.915,1.7815,39.24,35.536075592041016,4.98,0.0,0
47038,238.913,20.42,-0.5,0.0,449.742,0.0,0.0,0.0,5.737,0,11.0,1.035,309.915,5.6745,38.79,35.536075592041016,4.98,0.0,0
47038,239.424,20.41,-0.5,0.0,449.44,0.0,0.0,0.0,5.737,0,10.0,1.025,309.825,-1.0557,37.71,35.536075592041016,4.98,0.0,0
47038,238.06,20.41,-0.5,0.0,449.319,0.0,0.0,0.0,5.737,0,11.0,1.055,309.825,-1.9795,36.75,35.536075592041016,4.98,0.0,0
47038,238.401,20.41,-0.5,0.0,449.44,0.0,0.0,0.2,5.737,0,13.0,1.03,309.69,-1.1547,36.39,35.536075592041016,4.98,0.0,0
47038,239.595,20.400000000000002,-0.5,0.0,449.62100000000004,0.0,0.0,0.0,5.737,0,8.0,1.045,309.825,-3.1672000000000002,38.01,35.536075592041016,4.98,0.0,0
47038,239.595,20.400000000000002,0.0,0.0,449.5,0.0,0.0,0.2,5.737,0,10.0,1.03,309.915,1.7815,39.6,35.536075592041016,4.98,0.0,0
47038,238.231,20.391000000000002,-1.0,0.0,449.5,0.0,0.0,-0.2,5.737,0,8.0,1.0150000000000001,309.69,1.4516,40.11,35.536075592041016,4.98,0.0,0
47038,238.572,20.391000000000002,-0.5,0.0,449.5,0.0,0.0,0.0,5.737,0,12.0,1.03,309.825,1.0557,39.87,35.536075592041016,4.98,0.0,0
47038,239.424,20.391000000000002,-0.5,0.0,449.44,0.0,0.0,0.0,5.737,0,12.0,1.0150000000000001,309.825,1.0557,39.6,35.536075592041016,4.98,0.0,0
47038,239.595,20.381,-1.0,0.0,449.44,0.0,0.0,0.0,5.737,0,11.0,1.03,309.915,2.4743,39.36,35.536075592041016,4.98,0.0,0
47038,238.231,20.381,0.0,0.0,449.803,0.0,0.0,0.2,5.737,0,10.0,1.02,309.915,4.2229,38.34,35.536075592041016,4.98,0.0,0
47038,238.74200000000002,20.381,0.0,0.0,449.5,0.0,0.0,0.0,5.737,0,10.0,1.05,309.69,-2.5403000000000002,38.67,35.536075592041016,4.98,0.0,0
47038,239.595,20.371000000000002,-0.5,0.0,449.803,0.0,0.0,0.0,5.737,0,12.0,1.045,309.825,-5.1466,38.22,35.536075592041016,4.98,0.0,0
47038,239.76500000000001,20.371000000000002,-0.5,0.0,449.62100000000004,0.0,0.0,0.0,5.737,0,11.0,1.01,309.915,0.7918000000000001,37.68,35.536075592041016,4.98,0.0,0
47038,233.967,20.371000000000002,0.0,0.0,449.62100000000004,0.0,0.0,-0.2,5.737,0,11.0,1.02,309.915,1.9135000000000002,37.71,35.536075592041016,4.98,0.0,0
47038,237.889,20.371000000000002,-0.5,0.0,449.319,0.0,0.0,0.0,5.737,0,9.0,1.02,309.825,2.8125,37.47,35.536075592041016,4.98,0.0,0
47038,232.603,20.361,0.0,0.0,449.44,0.0,0.0,0.0,5.737,0,11.0,1.025,309.915,0.7753,37.14,35.536075592041016,4.98,0.0,0
47038,236.35500000000002,20.361,-0.5,0.0,449.44,0.0,0.0,0.0,5.737,0,10.0,1.035,309.915,-0.2639,38.550000000000004,35.536075592041016,4.98,0.0,0
47038,234.138,20.361,0.0,0.0,449.62100000000004,0.0,0.0,0.2,5.737,0,11.0,1.03,309.825,0.2639,40.89,35.536075592041016,4.98,0.0,0
47038,237.889,20.352,-1.0,0.0,449.863,0.0,0.0,0.0,5.737,0,11.0,1.03,309.825,2.7878000000000003,41.37,35.536075592041016,4.98,0.0,0
47038,233.45600000000002,20.352,0.0,0.0,449.803,0.0,0.0,0.0,5.737,0,11.0,1.045,309.825,0.39590000000000003,40.65,35.536075592041016,4.98,0.0,0
47038,236.35500000000002,20.352,-0.5,0.0,449.62100000000004,0.0,0.0,0.0,5.737,0,8.0,1.025,309.69,-3.9342,39.45,35.536075592041016,4.98,0.0,0
47038,235.84300000000002,20.352,-0.5,0.0,449.5,0.0,0.0,0.0,5.737,0,12.0,1.01,309.915,-2.1609000000000003,39.54,35.536075592041016,4.98,0.0,0
47038,237.719,20.342000000000002,-0.5,0.0,449.379,0.0,0.0,0.0,5.737,0,10.0,1.025,309.825,1.2537,39.45,35.536075592041016,4.98,0.0,0
47038,235.161,20.342000000000002,-0.5,0.0,449.13800000000003,0.0,0.0,0.0,5.737,0,12.0,1.02,309.825,1.9135000000000002,39.300000000000004,35.536075592041016,4.98,0.0,0
47038,236.866,20.342000000000002,-0.5,0.0,449.56100000000004,0.0,0.0,0.0,5.737,0,11.0,1.025,309.825,-1.4351,39.18,35.536075592041016,4.98,0.0,0
47038,236.696,20.332,-0.5,0.0,449.5,0.0,0.0,0.2,5.737,0,10.0,1.025,309.69,-2.1527000000000003,38.64,35.536075592041016,4.98,0.0,0
47038,237.207,20.332,-0.5,0.0,449.5,0.0,0.0,0.0,5.737,0,12.0,1.04,309.69,-2.7713,38.61,35.536075592041016,4.98,0.0,0
47038,237.207,20.332,-0.5,0.0,449.62100000000004,0.0,0.0,0.0,5.737,0,10.0,1.025,309.825,-0.7918000000000001,38.4,35.536075592041016,4.98,0.0,0
47038,237.548,20.332,-0.5,0.0,449.803,0.0,0.0,0.0,5.737,0,11.0,1.065,309.825,-0.7918000000000001,37.410000000000004,35.536075592041016,4.98,0.0,0
47038,237.37800000000001,20.322000000000003,0.0,0.0,449.5,0.0,0.0,0.0,5.737,0,10.0,1.0050000000000001,309.825,2.5403000000000002,38.7,35.536075592041016,4.98,0.0,0
47038,237.207,20.322000000000003,-0.5,0.0,449.5,0.0,0.0,0.0,5.737,0,10.0,1.03,309.915,3.563,40.44,35.536075592041016,4.98,0.0,0
47038,237.207,20.322000000000003,0.0,0.0,449.379,0.0,0.0,0.0,5.737,0,11.0,1.035,309.825,-1.0557,41.34,35.536075592041016,4.98,0.0,0
47038,237.37800000000001,20.313000000000002,-0.5,0.0,449.19800000000004,0.0,0.0,0.0,5.737,0,15.0,1.045,309.825,-2.7713,40.68,35.536075592041016,4.98,0.0,0
47038,237.37800000000001,20.313000000000002,-0.5,0.0,449.56100000000004,0.0,0.0,0.2,5.737,0,12.0,1.02,309.915,0.0,39.57,35.536075592041016,4.98,0.0,0
47038,237.37800000000001,20.313000000000002,0.0,0.0,449.5,0.0,0.0,0.0,5.737,0,10.0,1.055,309.69,0.0,39.300000000000004,35.536075592041016,4.98,0.0,0
47038,237.037,20.303,0.0,0.0,449.62100000000004,0.0,0.0,0.0,5.737,0,11.0,1.0150000000000001,309.915,1.2537,39.45,35.536075592041016,4.98,0.0,0
47038,237.207,20.303,-0.5,0.0,449.5,0.0,0.0,0.0,5.737,0,11.0,1.025,309.915,2.2434000000000003,39.18,35.536075592041016,4.98,0.0,0
47038,237.207,20.303,0.0,0.0,449.5,0.0,0.0,0.0,5.737,0,10.0,1.025,309.825,2.0125,38.64,35.536075592041016,4.98,0.0,0
47038,237.037,20.293,-1.0,0.0,449.379,0.0,0.0,0.0,5.737,0,11.0,1.0150000000000001,309.69,-3.8270000000000004,37.89,35.536075592041016,4.98,0.0,0
47038,237.207,20.293,0.0,0.0,449.5,0.0,0.0,0.0,5.737,0,10.0,1.03,309.915,-3.1672000000000002,37.410000000000004,35.536075592041016,4.98,0.0,0
47038,237.037,20.293,-0.5,0.0,449.803,0.0,0.0,0.0,5.737,0,13.0,1.01,309.915,1.8475000000000001,37.95,35.536075592041016,4.98,0.0,0
47038,237.207,20.283,-1.0,0.0,449.62100000000004,0.0,0.0,0.0,5.737,0,10.0,1.035,309.825,0.165,39.06,35.536075592041016,4.98,0.0,0
47038,237.037,20.283,-0.5,0.0,449.13800000000003,0.0,0.0,0.0,5.737,0,10.0,1.02,309.825,-1.9795,40.230000000000004,35.536075592041016,4.98,0.0,0
47038,237.37800000000001,20.283,0.0,0.0,449.19800000000004,0.0,0.0,0.0,5.737,0,9.0,1.01,309.825,-2.3094,40.980000000000004,35.536075592041016,4.98,0.0,0
47038,237.037,20.273,0.0,0.0,449.5,0.0,0.0,0.0,5.737,0,10.0,1.03,309.915,1.1877,40.83,35.536075592041016,4.98,0.0,0
47038,237.207,20.273,0.0,0.0,449.5,0.0,0.0,0.0,5.737,0,11.0,1.04,309.915,1.3691,40.800000000000004,35.536075592041016,4.98,0.0,0
47038,237.719,20.273,0.0,0.0,449.319,0.0,0.0,0.0,5.737,0,10.0,1.045,309.825,1.2537,40.68,35.536075592041016,4.98,0.0,0
47038,237.207,20.273,-0.5,0.0,449.13800000000003,0.0,0.0,0.0,5.737,0,11.0,1.01,309.915,-1.0722,39.45,35.536075592041016,4.98,0.0,0
47038,237.207,20.264,-0.5,0.0,449.258,0.0,0.0,0.0,5.737,0,11.0,1.04,309.825,-1.4351,39.39,35.536075592041016,4.98,0.0,0
47038,236.866,20.264,-0.5,0.0,449.13800000000003,0.0,0.0,0.0,5.737,0,10.0,1.035,309.825,-0.132,39.18,35.536075592041016,4.98,0.0,0
47038,237.548,20.264,0.0,0.0,449.13800000000003,0.0,0.0,0.0,5.737,0,10.0,1.03,309.825,-1.3196,38.88,35.536075592041016,4.98,0.0,0
47038,237.207,20.254,-0.5,0.0,449.017,0.0,0.0,0.2,5.737,0,13.0,1.04,309.825,-2.7053000000000003,38.01,35.536075592041016,4.98,0.0,0
47038,237.037,20.254,0.0,0.0,449.319,0.0,0.0,0.0,5.737,0,12.0,1.06,309.825,-2.4908,37.65,35.536075592041016,4.98,0.0,0
47038,237.207,20.254,-0.5,0.0,449.5,0.0,0.0,0.0,5.737,0,9.0,1.01,309.825,1.9795,38.79,35.536075592041016,4.98,0.0,0
47038,237.207,20.244,-0.5,0.0,449.5,0.0,0.0,0.0,5.737,0,10.0,1.01,309.69,-0.37120000000000003,39.660000000000004,35.536075592041016,4.98,0.0,0
47038,237.37800000000001,20.244,0.0,0.0,449.319,0.0,0.0,0.0,5.737,0,11.0,1.0150000000000001,309.825,-1.0557,40.11,35.536075592041016,4.98,0.0,0
47038,237.548,20.244,0.0,0.0,449.44,0.0,0.0,-0.2,5.737,0,9.0,1.04,309.915,3.0187,40.59,35.536075592041016,4.98,0.0,0
47038,237.207,20.234,0.0,0.0,449.44,0.0,0.0,0.0,5.737,0,10.0,1.0050000000000001,309.825,-0.2887,40.980000000000004,35.536075592041016,4.98,0.0,0
47038,237.37800000000001,20.234,-0.5,0.0,449.682,0.0,0.0,0.0,5.737,0,10.0,1.055,309.825,-1.5671000000000002,40.62,35.536075592041016,4.98,0.0,0
47038,237.37800000000001,20.234,0.0,0.0,449.319,0.0,0.0,0.0,5.737,0,13.0,1.0150000000000001,309.825,5.0312,40.26,35.536075592041016,4.98,0.0,0
47038,237.37800000000001,20.225,-1.0,0.0,449.319,0.0,0.0,0.0,5.737,0,12.0,1.025,309.825,-1.1464,39.12,35.536075592041016,4.98,0.0,0
47038,237.207,20.225,-0.5,0.0,449.5,0.0,0.0,0.0,5.737,0,11.0,1.0150000000000001,309.915,-3.4476,38.7,35.536075592041016,4.98,0.0,0
47038,237.548,20.225,-0.5,0.0,449.742,0.0,0.0,-0.2,5.737,0,11.0,1.02,309.825,2.9197,38.49,35.536075592041016,4.98,0.0,0
47038,237.207,20.215,0.5,0.0,449.319,0.0,0.0,-0.2,5.737,0,11.0,1.04,309.915,1.897,38.22,35.536075592041016,4.98,0.0,0
47038,237.207,20.215,-0.5,0.0,449.13800000000003,0.0,0.0,0.0,5.737,0,12.0,1.06,309.825,-0.8165,38.94,35.536075592041016,4.98,0.0,0
47038,237.207,20.215,-0.5,0.0,449.319,0.0,0.0,0.0,5.737,0,11.0,1.01,309.825,-1.3856000000000002,39.36,35.536075592041016,4.98,0.0,0
47038,237.207,20.215,0.0,0.0,449.44,0.0,0.0,0.0,5.737,0,11.0,1.0150000000000001,309.915,-0.19790000000000002,40.32,35.536075592041016,4.98,0.0,0
47038,237.207,20.205000000000002,-0.5,0.0,449.379,0.0,0.0,0.0,5.737,0,11.0,1.01,309.915,2.4249,40.68,35.536075592041016,4.98,0.0,0
47038,237.207,20.205000000000002,-1.0,0.0,449.44,0.0,0.0,0.0,5.737,0,12.0,1.02,309.825,1.2042000000000002,40.89,35.536075592041016,4.98,0.0,0
47038,237.037,20.205000000000002,0.0,0.0,449.5,0.0,0.0,0.0,5.737,0,9.0,1.02,309.69,-2.4661,40.53,35.536075592041016,4.98,0.0,0
47038,237.037,20.195,-0.5,0.0,449.319,0.0,0.0,0.0,5.737,0,11.0,1.035,309.825,-4.2889,39.96,35.536075592041016,4.98,0.0,0
47038,237.207,20.195,-1.0,0.0,449.5,0.0,0.0,0.0,5.737,0,11.0,1.025,309.825,2.3094,39.78,35.536075592041016,4.98,0.0,0
47038,237.037,20.195,0.0,0.0,449.682,0.0,0.0,0.0,5.737,0,10.0,1.04,310.005,5.8394,39.03,35.536075592041016,4.98,0.0,0
47038,237.037,20.186,-0.5,0.0,449.62100000000004,0.0,0.0,0.0,5.737,0,11.0,1.0150000000000001,309.825,2.1114,37.83,35.536075592041016,4.98,0.0,0
47038,237.207,20.186,0.0,0.0,449.319,0.0,0.0,0.0,5.737,0,11.0,1.04,309.825,0.0165,37.29,35.536075592041016,4.98,0.0,0
47038,237.207,20.186,-0.5,0.0,449.319,0.0,0.0,0.0,5.737,0,12.0,1.01,309.915,-3.1507,38.13,35.536075592041016,4.98,0.0,0
47038,237.207,20.176000000000002,-1.0,0.0,449.258,0.0,0.0,0.0,5.737,0,11.0,1.0150000000000001,309.825,-0.7753,38.7,35.536075592041016,4.98,0.0,0
47038,237.207,20.176000000000002,0.0,0.0,449.379,0.0,0.0,0.0,5.737,0,12.0,1.065,309.69,0.0247,39.72,35.536075592041016,4.98,0.0,0
47038,237.207,20.176000000000002,-0.5,0.0,449.258,0.0,0.0,0.0,5.737,0,9.0,1.03,309.825,-3.2331000000000003,40.5,35.536075592041016,4.98,0.0,0
47038,237.207,20.176000000000002,0.0,0.0,449.379,0.0,0.0,0.0,5.737,0,12.0,1.025,309.825,-3.2991,40.53,35.536075592041016,4.98,0.0,0
47038,237.207,20.166,0.0,0.0,449.5,0.0,0.0,-0.2,5.737,0,12.0,1.02,309.825,0.7918000000000001,40.26,35.536075592041016,4.98,0.0,0
47038,237.548,20.166,0.0,0.0,449.319,0.0,0.0,0.0,5.737,0,12.0,0.99,309.825,1.0557,39.15,35.536075592041016,4.98,0.0,0
47038,237.207,20.166,-0.5,0.0,449.13800000000003,0.0,0.0,0.2,5.737,0,12.0,1.0150000000000001,309.825,1.5836000000000001,39.72,35.536075592041016,4.98,0.0,0
47038,237.207,20.156000000000002,0.0,0.0,449.803,0.0,0.0,-0.2,5.737,0,9.0,1.03,309.69,0.5279,39.57,35.536075592041016,4.98,0.0,0
47038,237.207,20.156000000000002,0.0,0.0,449.62100000000004,0.0,0.0,-0.2,5.737,0,12.0,0.995,309.915,-0.8578,39.03,35.536075592041016,4.98,0.0,0
47038,237.37800000000001,20.156000000000002,0.0,0.0,449.5,0.0,0.0,0.0,5.737,0,11.0,1.06,309.825,2.2434000000000003,37.800000000000004,35.536075592041016,4.98,0.0,0
47038,237.207,20.146,0.0,0.0,449.56100000000004,0.0,0.0,0.0,5.737,0,10.0,1.025,309.825,-1.6826,36.84,35.536075592041016,4.98,0.0,0
47038,237.37800000000001,20.146,-0.5,0.0,449.319,0.0,0.0,0.0,5.737,0,11.0,1.0050000000000001,309.915,-2.9032,36.78,35.536075592041016,4.98,0.0,0
47038,237.548,20.146,-0.5,0.0,449.13800000000003,0.0,0.0,0.0,5.737,0,12.0,1.02,309.825,-1.0557,37.74,35.536075592041016,4.98,0.0,0
47038,237.207,20.137,0.0,0.0,449.5,0.0,0.0,0.0,5.737,0,11.0,1.035,309.825,1.1877,38.94,35.536075592041016,4.98,0.0,0
47038,237.207,20.137,-0.5,0.0,449.379,0.0,0.0,0.2,5.737,0,9.0,1.0050000000000001,309.825,4.024900000000001,40.29,35.536075592041016,4.98,0.0,0
47038,237.548,20.137,-0.5,0.0,449.077,0.0,0.0,0.0,5.737,0,10.0,0.99,309.825,-0.2639,40.95,35.536075592041016,4.98,0.0,0
47038,237.207,20.127000000000002,-0.5,0.0,449.19800000000004,0.0,0.0,0.0,5.737,0,12.0,1.01,309.825,0.0,40.68,35.536075592041016,4.98,0.0,0
47038,237.37800000000001,20.127000000000002,-0.5,0.0,449.319,0.0,0.0,0.0,5.737,0,12.0,1.02,309.69,-2.5073000000000003,39.51,35.536075592041016,4.98,0.0,0
47038,237.37800000000001,20.127000000000002,-0.5,0.0,449.44,0.0,0.0,0.0,5.737,0,11.0,1.035,309.69,-3.3321,38.730000000000004,35.536075592041016,4.98,0.0,0
47038,237.207,20.127000000000002,-0.5,0.0,449.44,0.0,0.0,0.0,5.737,0,8.0,1.03,309.69,-3.8682000000000003,38.7,35.536075592041016,4.98,0.0,0
47038,237.207,20.117,-0.5,0.0,449.62100000000004,0.0,0.0,0.0,5.737,0,11.0,1.025,309.915,0.2474,39.27,35.536075592041016,4.98,0.0,0
47038,237.37800000000001,20.117,-0.5,0.0,449.62100000000004,0.0,0.0,0.0,5.737,0,10.0,1.0150000000000001,309.915,4.7755,38.64,35.536075592041016,4.98,0.0,0
47038,237.207,20.117,-0.5,0.0,449.379,0.0,0.0,0.0,5.737,0,10.0,1.035,309.825,0.9650000000000001,38.37,35.536075592041016,4.98,0.0,0
47038,237.207,20.117,-0.5,0.0,449.258,0.0,0.0,0.0,5.737,0,10.0,1.0050000000000001,309.825,-2.3341000000000003,37.02,35.536075592041016,4.98,0.0,0
47038,237.207,20.107,0.0,0.0,449.319,0.0,0.0,0.0,5.737,0,12.0,1.035,309.825,-4.0744,36.33,35.536075592041016,4.98,0.0,0
47038,237.207,20.107,0.0,0.0,449.19800000000004,0.0,0.0,0.0,5.737,0,10.0,1.035,309.825,-2.0042,36.75,35.536075592041016,4.98,0.0,0
47038,237.37800000000001,20.107,-0.5,0.0,449.319,0.0,0.0,0.0,5.737,0,10.0,1.03,309.825,-0.5938,38.37,35.536075592041016,4.98,0.0,0
47038,237.207,20.098000000000003,0.0,0.0,449.017,0.0,0.0,0.0,5.737,0,10.0,1.025,309.825,4.1981,39.87,35.536075592041016,4.98,0.0,0
47038,237.37800000000001,20.098000000000003,-0.5,0.0,449.258,0.0,0.0,0.0,5.737,0,12.0,1.025,309.825,2.3094,40.44,35.536075592041016,4.98,0.0,0
47038,237.207,20.098000000000003,-0.5,0.0,449.13800000000003,0.0,0.0,0.0,5.737,0,9.0,1.03,309.825,-1.1877,39.99,35.536075592041016,4.98,0.0,0
47038,237.207,20.088,-1.0,0.0,449.319,0.0,0.0,0.2,5.737,0,11.0,1.035,309.825,0.0,39.6,35.536075592041016,4.98,0.0,0
47038,237.548,20.088,0.0,0.0,449.5,0.0,0.0,0.0,5.737,0,10.0,1.025,309.915,1.4351,39.06,35.536075592041016,4.98,0.0,0
47038,237.207,20.088,-0.5,0.0,449.319,0.0,0.0,0.0,5.737,0,11.0,1.0150000000000001,309.825,1.8475000000000001,38.85,35.536075592041016,4.98,0.0,0
47038,237.207,20.078,-0.5,0.0,449.19800000000004,0.0,0.0,0.0,5.737,0,11.0,1.01,309.69,-2.9445,37.980000000000004,35.536075592041016,4.98,0.0,0
47038,237.207,20.078,0.0,0.0,449.44,0.0,0.0,0.0,5.737,0,11.0,1.0050000000000001,309.825,-3.8765,37.65,35.536075592041016,4.98,0.0,0
47038,237.37800000000001,20.078,-0.5,0.0,449.682,0.0,0.0,-0.2,5.737,0,12.0,1.0150000000000001,309.825,-1.1877,37.2,35.536075592041016,4.98,0.0,0
47038,237.207,20.068,0.0,0.0,449.5,0.0,0.0,0.0,5.737,0,9.0,1.025,309.825,1.9547,36.72,35.536075592041016,4.98,0.0,0
47038,237.37800000000001,20.068,-0.5,0.0,449.803,0.0,0.0,0.0,5.737,0,10.0,1.025,309.915,3.2166,36.96,35.536075592041016,4.98,0.0,0
47038,237.037,20.068,0.0,0.0,449.62100000000004,0.0,0.0,0.0,5.737,0,10.0,1.025,309.915,1.1712,37.59,35.536075592041016,4.98,0.0,0
47038,237.207,20.059,0.0,0.0,449.44,0.0,0.0,0.0,5.737,0,10.0,1.0050000000000001,309.825,0.2639,38.52,35.536075592041016,4.98,0.0,0
47038,237.37800000000001,20.059,0.0,0.0,449.379,0.0,0.0,0.0,5.737,0,10.0,1.025,309.825,-0.6433,39.6,35.536075592041016,4.98,0.0,0
47038,237.207,20.059,0.0,0.0,449.379,0.0,0.0,0.0,5.737,0,11.0,1.03,309.915,-0.41240000000000004,39.84,35.536075592041016,4.98,0.0,0
47038,237.37800000000001,20.059,-0.5,0.0,449.319,0.0,0.0,0.0,5.737,0,11.0,1.045,309.915,-0.28040000000000004,39.0,35.536075592041016,4.98,0.0,0
47038,237.207,20.049,-0.5,0.0,449.44,0.0,0.0,0.0,5.737,0,10.0,1.03,309.915,-0.47840000000000005,37.68,35.536075592041016,4.98,0.0,0
47038,237.207,20.049,0.0,0.0,449.5,0.0,0.0,0.2,5.737,0,10.0,1.04,309.825,-1.3691,37.11,35.536075592041016,4.98,0.0,0
47038,237.207,20.049,0.0,0.0,449.5,0.0,0.0,-0.2,5.737,0,10.0,1.03,309.69,-2.7465,37.11,35.536075592041016,4.98,0.0,0
47038,237.037,20.039,-0.5,0.0,449.258,0.0,0.0,0.0,5.737,0,10.0,1.03,309.915,-1.9135000000000002,38.25,35.536075592041016,4.98,0.0,0
47038,237.37800000000001,20.039,-0.5,0.0,449.258,0.0,0.0,0.2,5.737,0,13.0,1.0150000000000001,309.915,-0.7918000000000001,38.28,35.536075592041016,4.98,0.0,0
47038,237.207,20.039,0.0,0.0,449.19800000000004,0.0,0.0,0.0,5.737,0,10.0,1.02,309.825,1.9795,37.800000000000004,35.536075592041016,4.98,0.0,0
47038,237.37800000000001,20.039,-0.5,0.0,449.379,0.0,0.0,0.0,5.737,0,13.0,1.02,309.915,3.0022,36.87,35.536075592041016,4.98,0.0,0
47038,237.207,20.029,-0.5,0.0,449.62100000000004,0.0,0.0,0.0,5.737,0,9.0,1.0150000000000001,309.915,0.5279,36.39,35.536075592041016,4.98,0.0,0
47038,237.207,20.029,-0.5,0.0,449.803,0.0,0.0,0.0,5.737,0,12.0,1.03,309.825,-0.5279,37.26,35.536075592041016,4.98,0.0,0
47038,237.719,20.029,0.0,0.0,449.742,0.0,0.0,0.0,5.737,0,11.0,1.0050000000000001,309.825,-2.9032,38.160000000000004,35.536075592041016,4.98,0.0,0
47038,237.207,20.02,-0.5,0.0,449.379,0.0,0.0,0.0,5.737,0,10.0,1.035,309.69,-2.4743,39.18,35.536075592041016,4.98,0.0,0
47038,237.207,20.02,0.0,0.0,449.319,0.0,0.0,0.0,5.737,0,11.0,1.035,309.825,-0.9238000000000001,39.57,35.536075592041016,4.98,0.0,0
47038,237.37800000000001,20.02,-0.5,0.0,449.258,0.0,0.0,0.0,5.737,0,9.0,1.01,309.825,1.3196,39.09,35.536075592041016,4.98,0.0,0
47038,237.37800000000001,20.01,-0.5,0.0,449.319,0.0,0.0,0.0,5.737,0,10.0,1.03,309.69,0.2639,38.64,35.536075592041016,4.98,0.0,0
47038,237.37800000000001,20.01,0.0,0.0,449.5,0.0,0.0,0.0,5.737,0,11.0,1.045,309.69,-3.3321,38.61,35.536075592041016,4.98,0.0,0
47038,237.37800000000001,20.01,-0.5,0.0,449.742,0.0,0.0,0.0,5.737,0,10.0,1.03,309.915,3.1672000000000002,38.07,35.536075592041016,4.98,0.0,0
47038,237.37800000000001,20.01,-0.5,0.0,449.62100000000004,0.0,0.0,0.0,5.737,0,9.0,1.03,309.825,2.8043,37.92,35.536075592041016,4.98,0.0,0
47038,237.037,20.0,0.0,0.0,449.44,0.0,0.0,0.0,5.737,0,11.0,1.02,309.825,0.6598,37.71,35.536075592041016,4.98,0.0,0
47038,237.207,20.0,-0.5,0.0,449.62100000000004,0.0,0.0,0.0,5.737,0,10.0,1.0050000000000001,309.915,-1.3196,37.32,35.536075592041016,4.98,0.0,0
47038,237.548,20.0,0.0,0.0,449.742,0.0,0.0,0.2,5.737,0,9.0,0.995,309.825,1.4516,37.65,35.536075592041016,4.98,0.0,0
47038,237.207,19.990000000000002,0.0,0.0,449.803,0.0,0.0,0.0,5.737,0,10.0,1.01,309.915,-1.1217000000000001,38.43,35.536075592041016,4.98,0.0,0
47038,237.37800000000001,19.990000000000002,0.0,0.0,449.56100000000004,0.0,0.0,0.0,5.737,0,9.0,1.0050000000000001,309.915,-0.132,38.730000000000004,35.536075592041016,4.98,0.0,0
47038,237.548,19.990000000000002,-0.5,0.0,449.319,0.0,0.0,0.0,5.737,0,10.0,1.0050000000000001,309.825,0.0,39.09,35.536075592041016,4.98,0.0,0
47038,237.207,19.98,-0.5,0.0,449.258,0.0,0.0,0.0,5.737,0,9.0,1.0150000000000001,309.825,-3.0352,39.87,35.536075592041016,4.98,0.0,0
47038,237.207,19.98,-0.5,0.0,449.319,0.0,0.0,0.0,5.737,0,10.0,1.01,309.825,0.5938,39.54,35.536075592041016,4.98,0.0,0
47038,237.207,19.98,0.0,0.0,449.319,0.0,0.0,0.0,5.737,0,9.0,1.03,309.825,0.6598,39.18,35.536075592041016,4.98,0.0,0
47038,237.207,19.971,0.0,0.0,449.5,0.0,0.0,0.0,5.737,0,10.0,1.0050000000000001,309.825,1.3196,39.15,35.536075592041016,4.98,0.0,0
47038,237.37800000000001,19.971,-0.5,0.0,449.379,0.0,0.0,0.0,5.737,0,9.0,1.01,309.825,0.0,38.34,35.536075592041016,4.98,0.0,0
47038,237.207,19.971,0.0,0.0,449.319,0.0,0.0,0.0,5.737,0,8.0,1.025,309.825,-1.5836000000000001,38.22,35.536075592041016,4.98,0.0,0
47038,237.207,19.971,-1.0,0.0,449.319,0.0,0.0,0.2,5.737,0,11.0,1.035,309.825,-1.3856000000000002,38.22,35.536075592041016,4.98,0.0,0
47038,237.37800000000001,19.961000000000002,0.0,0.0,449.258,0.0,0.0,0.0,5.737,0,10.0,1.05,309.825,-0.7918000000000001,37.980000000000004,35.536075592041016,4.98,0.0,0
47038,237.037,19.961000000000002,0.0,0.0,449.379,0.0,0.0,0.0,5.737,0,11.0,1.04,309.825,3.2991,36.96,35.536075592041016,4.98,0.0,0
47038,237.548,19.961000000000002,-0.5,0.0,449.13800000000003,0.0,0.0,0.0,5.737,0,10.0,1.03,309.915,0.5773,37.53,35.536075592041016,4.98,0.0,0
47038,237.207,19.961000000000002,0.0,0.0,449.319,0.0,0.0,0.0,5.737,0,13.0,1.045,309.825,0.5031,38.4,35.536075592041016,4.98,0.0,0
47038,237.37800000000001,19.951,0.0,0.0,449.5,0.0,0.0,0.0,5.737,0,10.0,1.045,309.915,0.1155,38.97,35.536075592041016,4.98,0.0,0
47038,237.037,19.951,-0.5,0.0,449.44,0.0,0.0,0.0,5.737,0,11.0,1.035,309.825,-2.9692000000000003,39.87,35.536075592041016,4.98,0.0,0
47038,237.37800000000001,19.951,-0.5,0.0,449.13800000000003,0.0,0.0,0.0,5.737,0,11.0,1.01,309.915,3.3486000000000002,39.99,35.536075592041016,4.98,0.0,0
47038,237.207,19.941000000000003,0.0,0.0,449.5,0.0,0.0,0.0,5.737,0,10.0,1.02,309.915,4.6683,39.300000000000004,35.536075592041016,4.98,0.0,0
47038,237.548,19.941000000000003,-0.5,0.0,449.13800000000003,0.0,0.0,0.0,5.737,0,10.0,1.03,309.915,-0.9402,39.06,35.536075592041016,4.98,0.0,0
47038,237.37800000000001,19.941000000000003,-0.5,0.0,449.319,0.0,0.0,0.0,5.737,0,9.0,1.03,309.915,-4.4043,38.46,35.536075592041016,4.98,0.0,0
47038,237.207,19.932000000000002,-0.5,0.0,449.077,0.0,0.0,0.0,5.737,0,10.0,1.025,309.825,-3.9424,38.58,35.536075592041016,4.98,0.0,0
47038,237.207,19.932000000000002,-0.5,0.0,449.13800000000003,0.0,0.0,0.0,5.737,0,10.0,1.04,309.825,-1.1877,37.83,35.536075592041016,4.98,0.0,0
47038,237.207,19.932000000000002,-0.5,0.0,449.379,0.0,0.0,0.0,5.737,0,9.0,1.0150000000000001,309.825,1.1382,37.410000000000004,35.536075592041016,4.98,0.0,0
47038,237.37800000000001,19.922,-0.5,0.0,449.379,0.0,0.0,-0.2,5.737,0,11.0,1.0150000000000001,309.825,0.6351,37.74,35.536075592041016,4.98,0.0,0
47038,237.037,19.922,0.0,0.0,449.5,0.0,0.0,0.0,5.737,0,8.0,1.05,309.825,-3.2331000000000003,37.89,35.536075592041016,4.98,0.0,0
47038,237.207,19.922,-0.5,0.0,449.92400000000004,0.0,0.0,0.0,5.737,0,11.0,1.03,309.825,0.19790000000000002,39.36,35.536075592041016,4.98,0.0,0
47038,236.866,19.922,0.0,0.0,449.803,0.0,0.0,0.0,5.737,0,9.0,1.0150000000000001,309.69,0.0247,40.11,35.536075592041016,4.98,0.0,0
47038,237.207,19.912000000000003,-0.5,0.0,449.5,0.0,0.0,0.0,5.737,0,11.0,1.05,309.915,0.7753,40.65,35.536075592041016,4.98,0.0,0
47038,237.37800000000001,19.912000000000003,-1.0,0.0,449.56100000000004,0.0,0.0,0.0,5.737,0,8.0,1.01,309.825,-0.46190000000000003,40.17,35.536075592041016,4.98,0.0,0
47038,237.207,19.912000000000003,0.0,0.0,449.44,0.0,0.0,0.0,5.737,0,10.0,1.0150000000000001,309.825,3.1424000000000003,39.93,35.536075592041016,4.98,0.0,0
47038,237.207,19.902,-0.5,0.0,449.258,0.0,0.0,0.0,5.737,0,10.0,1.025,309.915,1.3856000000000002,39.75,35.536075592041016,4.98,0.0,0
47038,237.037,19.902,-0.5,0.0,449.319,0.0,0.0,0.0,5.737,0,11.0,1.04,309.915,1.1712,39.660000000000004,35.536075592041016,4.98,0.0,0
47038,237.207,19.902,0.0,0.0,449.13800000000003,0.0,0.0,0.0,5.737,0,10.0,1.03,309.825,0.2639,39.15,35.536075592041016,4.98,0.0,0
47038,237.207,19.893,0.5,0.0,449.13800000000003,0.0,0.0,0.0,5.737,0,11.0,0.995,309.825,-0.9238000000000001,38.61,35.536075592041016,4.98,0.0,0
47038,237.207,19.893,-0.5,0.0,449.13800000000003,0.0,0.0,-0.2,5.737,0,11.0,1.03,309.825,-1.3196,38.49,35.536075592041016,4.98,0.0,0
47038,237.548,19.893,0.0,0.0,449.13800000000003,0.0,0.0,0.0,5.737,0,11.0,1.035,309.915,-1.5836000000000001,37.410000000000004,35.536075592041016,4.98,0.0,0
47038,237.37800000000001,19.893,0.0,0.0,449.56100000000004,0.0,0.0,0.0,5.737,0,10.0,1.03,309.69,-2.9032,37.17,35.536075592041016,4.98,0.0,0
47038,237.037,19.883000000000003,-0.5,0.0,449.5,0.0,0.0,0.0,5.737,0,10.0,1.01,309.825,-1.3196,38.61,35.536075592041016,4.98,0.0,0
47038,237.037,19.883000000000003,0.0,0.0,449.19800000000004,0.0,0.0,0.0,5.737,0,9.0,1.01,309.825,-1.0557,40.59,35.536075592041016,4.98,0.0,0
47038,237.207,19.883000000000003,0.0,0.0,449.44,0.0,0.0,0.0,5.737,0,10.0,1.0150000000000001,309.825,3.0682,41.28,35.536075592041016,4.98,0.0,0
47038,237.037,19.873,0.0,0.0,449.682,0.0,0.0,0.0,5.737,0,10.0,1.055,309.69,-2.7713,41.4,35.536075592041016,4.98,0.0,0
47038,237.037,19.873,0.0,0.0,449.62100000000004,0.0,0.0,0.0,5.737,0,10.0,1.0150000000000001,309.825,0.7918000000000001,40.65,35.536075592041016,4.98,0.0,0
47038,237.37800000000001,19.873,0.0,0.0,449.13800000000003,0.0,0.0,0.0,5.737,0,8.0,1.05,309.825,-0.5279,39.9,35.536075592041016,4.98,0.0,0
47038,237.207,19.873,0.0,0.0,449.44,0.0,0.0,0.0,5.737,0,10.0,1.035,309.915,1.4186,40.38,35.536075592041016,4.98,0.0,0
47038,237.719,19.863,0.0,0.0,449.742,0.0,0.0,0.0,5.737,0,11.0,1.02,309.825,3.4311000000000003,40.08,35.536075592041016,4.98,0.0,0
47038,237.37800000000001,19.863,-0.5,0.0,449.62100000000004,0.0,0.0,0.0,5.737,0,11.0,1.035,309.825,0.7918000000000001,38.85,35.536075592041016,4.98,0.0,0
47038,237.207,19.863,-0.5,0.0,449.13800000000003,0.0,0.0,0.0,5.737,0,11.0,1.06,309.69,-5.938400000000001,38.04,35.536075592041016,4.98,0.0,0
47038,237.207,19.854,-0.5,0.0,449.44,0.0,0.0,0.0,5.737,0,11.0,1.05,309.69,-4.9157,37.89,35.536075592041016,4.98,0.0,0
47038,237.207,19.854,-1.0,0.0,449.258,0.0,0.0,0.0,5.737,0,11.0,1.01,309.69,-0.7918000000000001,37.44,35.536075592041016,4.98,0.0,0
47038,237.207,19.854,-1.0,0.0,449.19800000000004,0.0,0.0,0.0,5.737,0,11.0,1.0150000000000001,309.825,1.4846000000000001,38.64,35.536075592041016,4.98,0.0,0
47038,237.207,19.844,-0.5,0.0,449.62100000000004,0.0,0.0,0.0,5.737,0,13.0,1.045,309.825,5.2786,40.53,35.536075592041016,4.98,0.0,0
47038,237.207,19.844,-0.5,0.0,449.62100000000004,0.0,0.0,0.0,5.737,0,11.0,1.01,309.915,4.0579,41.28,35.536075592041016,4.98,0.0,0
47038,237.037,19.844,-0.5,0.0,449.44,0.0,0.0,0.0,5.737,0,11.0,0.99,309.825,0.39590000000000003,41.04,35.536075592041016,4.98,0.0,0
47038,237.207,19.844,-0.5,0.0,449.44,0.0,0.0,0.0,5.737,0,10.0,1.025,309.915,3.1012,40.71,35.536075592041016,4.98,0.0,0
47038,237.207,19.834,0.5,0.0,449.742,0.0,0.0,0.0,5.737,0,12.0,1.03,309.825,-1.3196,40.11,35.536075592041016,4.98,0.0,0
47038,237.548,19.834,-0.5,0.0,449.62100000000004,0.0,0.0,0.0,5.737,0,10.0,1.025,309.825,-1.0557,39.24,35.536075592041016,4.98,0.0,0
47038,237.207,19.834,-0.5,0.0,449.5,0.0,0.0,0.0,5.737,0,12.0,1.025,309.825,-3.4311000000000003,39.300000000000004,35.536075592041016,4.98,0.0,0
47038,237.207,19.824,-0.5,0.0,449.5,0.0,0.0,0.0,5.737,0,10.0,1.03,309.825,-3.9589000000000003,38.7,35.536075592041016,4.98,0.0,0
47038,237.548,19.824,-0.5,0.0,449.319,0.0,0.0,0.0,5.737,0,12.0,1.025,309.825,-0.39590000000000003,38.01,35.536075592041016,4.98,0.0,0
47038,237.207,19.824,0.0,0.0,449.319,0.0,0.0,0.0,5.737,0,12.0,1.01,309.825,1.5836000000000001,37.38,35.536075592041016,4.98,0.0,0
47038,237.207,19.814,0.0,0.0,449.319,0.0,0.0,0.0,5.737,0,11.0,1.05,309.825,0.6598,37.71,35.536075592041016,4.98,0.0,0
47038,237.37800000000001,19.814,0.0,0.0,449.5,0.0,0.0,0.0,5.737,0,9.0,1.035,309.825,1.3196,38.76,35.536075592041016,4.98,0.0,0
47038,237.207,19.814,-0.5,0.0,449.5,0.0,0.0,0.0,5.737,0,10.0,1.0,309.825,1.3856000000000002,38.85,35.536075592041016,4.98,0.0,0
47038,237.37800000000001,19.814,0.0,0.0,449.5,0.0,0.0,0.0,5.737,0,9.0,1.02,309.825,-4.3548,40.56,35.536075592041016,4.98,0.0,0
47038,237.207,19.805,0.0,0.0,449.44,0.0,0.0,0.0,5.737,0,9.0,1.02,309.915,2.4908,41.04,35.536075592041016,4.98,0.0,0
47038,237.037,19.805,-0.5,0.0,449.379,0.0,0.0,0.0,5.737,0,11.0,1.03,309.825,6.7302,40.65,35.536075592041016,4.98,0.0,0
47038,237.37800000000001,19.805,0.0,0.0,449.19800000000004,0.0,0.0,0.0,5.737,0,9.0,1.04,309.825,-3.5218000000000003,40.08,35.536075592041016,4.98,0.0,0
47038,237.37800000000001,19.805,-0.5,0.0,449.017,0.0,0.0,0.0,5.737,0,12.0,1.0050000000000001,309.915,-6.5982,39.84,35.536075592041016,4.98,0.0,0
47038,237.207,19.795,-1.0,0.0,448.956,0.0,0.0,0.0,5.737,0,13.0,0.99,309.825,2.1114,39.33,35.536075592041016,4.98,0.0,0
47038,237.207,19.795,0.0,0.0,448.956,0.0,0.0,0.0,5.737,0,12.0,1.01,309.915,2.6888,39.12,35.536075592041016,4.98,0.0,0
47038,237.548,19.795,-0.5,0.0,448.956,0.0,0.0,0.0,5.737,0,9.0,1.0150000000000001,309.915,-0.899,39.12,35.536075592041016,4.98,0.0,0
47038,237.207,19.785,-0.5,0.0,448.83500000000004,0.0,0.0,0.0,5.737,0,12.0,1.03,309.915,-0.8743000000000001,38.82,35.536075592041016,4.98,0.0,0
47038,237.37800000000001,19.785,0.0,0.0,449.13800000000003,0.0,0.0,0.0,5.737,0,10.0,1.025,309.825,0.3299,38.7,35.536075592041016,4.98,0.0,0
47038,237.037,19.785,-0.5,0.0,449.017,0.0,0.0,0.0,5.737,0,12.0,1.025,309.825,-0.1155,38.61,35.536075592041016,4.98,0.0,0
47038,237.207,19.775000000000002,-0.5,0.0,449.017,0.0,0.0,0.0,5.737,0,9.0,1.035,309.825,0.132,39.45,35.536075592041016,4.98,0.0,0
47038,237.37800000000001,19.775000000000002,-0.5,0.0,448.956,0.0,0.0,0.0,5.737,0,10.0,1.01,309.915,0.9073,40.26,35.536075592041016,4.98,0.0,0
47038,237.207,19.775000000000002,0.0,0.0,449.13800000000003,0.0,0.0,0.0,5.737,0,13.0,1.0,309.915,0.5279,40.92,35.536075592041016,4.98,0.0,0
47038,237.037,19.775000000000002,0.0,0.0,448.956,0.0,0.0,0.0,5.737,0,9.0,1.0,309.69,-2.0207,41.13,35.536075592041016,4.98,0.0,0
47038,237.548,19.766000000000002,0.0,0.0,449.13800000000003,0.0,0.0,0.0,5.737,0,12.0,1.0150000000000001,309.825,-1.7155,40.92,35.536075592041016,4.98,0.0,0
47038,237.207,19.766000000000002,-0.5,0.0,449.379,0.0,0.0,-0.2,5.737,0,9.0,1.0050000000000001,309.825,1.732,40.230000000000004,35.536075592041016,4.98,0.0,0
47038,237.37800000000001,19.766000000000002,-0.5,0.0,449.319,0.0,0.0,0.0,5.737,0,12.0,1.025,309.825,0.7423000000000001,39.12,35.536075592041016,4.98,0.0,0
47038,237.207,19.756,0.0,0.0,449.13800000000003,0.0,0.0,0.0,5.737,0,12.0,1.04,309.915,0.7753,37.62,35.536075592041016,4.98,0.0,0
47038,237.207,19.756,0.0,0.0,449.017,0.0,0.0,0.0,5.737,0,12.0,1.02,309.825,2.7713,37.38,35.536075592041016,4.98,0.0,0
47038,237.037,19.756,0.0,0.0,448.896,0.0,0.0,0.0,5.737,0,10.0,1.02,309.915,-2.0620000000000003,37.38,35.536075592041016,4.98,0.0,0
47038,237.207,19.746000000000002,-0.5,0.0,448.593,0.0,0.0,0.0,5.737,0,11.0,1.025,309.825,-3.2166,38.49,35.536075592041016,4.98,0.0,0
47038,237.37800000000001,19.746000000000002,-0.5,0.0,448.956,0.0,0.0,0.0,5.737,0,10.0,1.01,309.69,-1.2289,39.6,35.536075592041016,4.98,0.0,0
47038,237.207,19.746000000000002,-0.5,0.0,449.56100000000004,0.0,0.0,0.0,5.737,0,10.0,1.06,309.915,0.5526,40.65,35.536075592041016,4.98,0.0,0
47038,237.37800000000001,19.746000000000002,-0.5,0.0,449.5,0.0,0.0,0.0,5.737,0,10.0,1.06,309.915,0.132,40.68,35.536075592041016,4.98,0.0,0
47038,237.37800000000001,19.746000000000002,-0.5,0.0,449.258,0.0,0.0,0.0,5.737,0,8.0,1.06,309.69,-0.165,39.81,35.536075592041016,4.98,0.0,0
47038,237.37800000000001,19.736,-0.5,0.0,449.017,0.0,0.0,0.0,5.737,0,9.0,1.02,309.915,2.6393,39.93,35.536075592041016,4.98,0.0,0
47038,237.207,19.736,0.0,0.0,448.956,0.0,0.0,0.0,5.737,0,10.0,1.05,309.825,-2.0455,39.75,35.536075592041016,4.98,0.0,0
47038,237.37800000000001,19.736,0.0,0.0,449.319,0.0,0.0,0.0,5.737,0,10.0,1.05,309.825,0.2639,39.78,35.536075592041016,4.98,0.0,0
47038,237.207,19.727,-0.5,0.0,449.319,0.0,0.0,0.0,5.737,0,11.0,1.02,309.825,2.1774,39.54,35.536075592041016,4.98,0.0,0
47038,237.207,19.727,-0.5,0.0,449.19800000000004,0.0,0.0,0.0,5.737,0,11.0,1.04,309.915,2.1114,38.13,35.536075592041016,4.98,0.0,0
47038,237.37800000000001,19.727,0.0,0.0,449.258,0.0,0.0,0.0,5.737,0,10.0,1.02,309.69,0.6268,37.230000000000004,35.536075592041016,4.98,0.0,0
47038,237.207,19.717000000000002,-0.5,0.0,449.5,0.0,0.0,0.0,5.737,0,11.0,1.0150000000000001,309.825,-1.9795,36.57,35.536075592041016,4.98,0.0,0
47038,237.37800000000001,19.717000000000002,0.0,0.0,449.13800000000003,0.0,0.0,0.0,5.737,0,11.0,1.03,309.825,-2.8372,37.14,35.536075592041016,4.98,0.0,0
47038,237.207,19.717000000000002,-0.5,0.0,448.956,0.0,0.0,0.0,5.737,0,11.0,1.025,309.69,0.0,37.980000000000004,35.536075592041016,4.98,0.0,0
47038,237.37800000000001,19.717000000000002,-0.5,0.0,449.319,0.0,0.0,0.0,5.737,0,12.0,1.0050000000000001,309.69,-2.2764,39.480000000000004,35.536075592041016,4.98,0.0,0
47038,237.548,19.707,0.0,0.0,449.13800000000003,0.0,0.0,0.0,5.737,0,12.0,1.0150000000000001,309.825,1.3196,40.44,35.536075592041016,4.98,0.0,0
47038,237.37800000000001,19.707,-0.5,0.0,449.319,0.0,0.0,0.0,5.737,0,10.0,1.03,309.915,4.3218000000000005,40.29,35.536075592041016,4.98,0.0,0
47038,237.207,19.707,-0.5,0.0,449.017,0.0,0.0,0.0,5.737,0,10.0,1.035,309.69,-2.7713,39.45,35.536075592041016,4.98,0.0,0
47038,237.207,19.697,0.5,0.0,449.077,0.0,0.0,0.2,5.737,0,11.0,1.0150000000000001,309.825,-2.9032,39.09,35.536075592041016,4.98,0.0,0
47038,237.207,19.697,-0.5,0.0,449.379,0.0,0.0,0.0,5.737,0,11.0,1.0050000000000001,309.69,-1.4516,38.910000000000004,35.536075592041016,4.98,0.0,0
47038,237.37800000000001,19.697,0.0,0.0,449.258,0.0,0.0,0.0,5.737,0,13.0,1.035,309.915,1.6826,39.42,35.536075592041016,4.98,0.0,0
47038,237.207,19.688000000000002,-0.5,0.0,449.13800000000003,0.0,0.0,0.0,5.737,0,10.0,1.02,309.825,1.9795,39.15,35.536075592041016,4.98,0.0,0
47038,237.207,19.688000000000002,0.0,0.0,449.13800000000003,0.0,0.0,0.0,5.737,0,13.0,1.01,309.69,1.0557,38.31,35.536075592041016,4.98,0.0,0
47038,237.719,19.688000000000002,0.0,0.0,449.19800000000004,0.0,0.0,0.0,5.737,0,10.0,1.02,309.6,-6.0704,36.6,35.536075592041016,4.98,0.0,0
47038,237.37800000000001,19.688000000000002,0.0,0.0,449.13800000000003,0.0,0.0,0.0,5.737,0,10.0,1.0150000000000001,309.915,-2.9692000000000003,36.18,35.536075592041016,4.98,0.0,0
47038,237.719,19.688000000000002,-0.5,0.0,449.13800000000003,0.0,0.0,0.0,5.737,0,10.0,1.0150000000000001,309.915,-2.0620000000000003,36.27,35.536075592041016,4.98,0.0,0
47038,237.37800000000001,19.678,-1.0,0.0,449.379,0.0,0.0,0.0,5.737,0,11.0,1.0150000000000001,309.915,5.1714,37.68,35.536075592041016,4.98,0.0,0
47038,237.037,19.678,-0.5,0.0,449.258,0.0,0.0,0.0,5.737,0,9.0,1.025,309.915,4.627,39.72,35.536075592041016,4.98,0.0,0
47038,237.37800000000001,19.678,0.0,0.0,449.077,0.0,0.0,-0.2,5.737,0,10.0,1.02,309.825,-4.4043,41.04,35.536075592041016,4.98,0.0,0
47038,237.207,19.668,0.0,0.0,449.5,0.0,0.0,0.2,5.737,0,11.0,1.035,309.915,-0.7423000000000001,40.68,35.536075592041016,4.98,0.0,0
47038,237.207,19.668,-0.5,0.0,449.44,0.0,0.0,-0.2,5.737,0,11.0,1.0150000000000001,310.005,4.1404000000000005,40.02,35.536075592041016,4.98,0.0,0
47038,237.37800000000001,19.668,-0.5,0.0,449.5,0.0,0.0,0.0,5.737,0,11.0,1.025,309.915,0.8413,38.97,35.536075592041016,4.98,0.0,0
47038,237.207,19.658,0.0,0.0,449.44,0.0,0.0,0.0,5.737,0,10.0,1.035,309.825,-5.2621,38.82,35.536075592041016,4.98,0.0,0
47038,237.207,19.658,-0.5,0.0,449.13800000000003,0.0,0.0,0.2,5.737,0,10.0,1.0150000000000001,309.825,-1.963,38.07,35.536075592041016,4.98,0.0,0
47038,237.207,19.658,0.0,0.0,449.13800000000003,0.0,0.0,0.0,5.737,0,12.0,1.0150000000000001,309.825,1.2702,37.71,35.536075592041016,4.98,0.0,0
47038,237.37800000000001,19.658,0.0,0.0,449.5,0.0,0.0,0.0,5.737,0,11.0,1.02,309.915,0.8825000000000001,37.71,35.536075592041016,4.98,0.0,0
47038,237.207,19.648,-1.0,0.0,449.62100000000004,0.0,0.0,0.0,5.737,0,10.0,1.025,309.825,-0.7918000000000001,37.35,35.536075592041016,4.98,0.0,0
47038,237.207,19.648,0.0,0.0,449.258,0.0,0.0,0.0,5.737,0,11.0,1.02,309.915,0.7753,37.35,35.536075592041016,4.98,0.0,0
47038,237.37800000000001,19.648,0.0,0.0,449.319,0.0,0.0,0.2,5.737,0,12.0,1.01,309.69,0.17320000000000002,38.730000000000004,35.536075592041016,4.98,0.0,0
47038,237.548,19.639,0.0,0.0,449.319,0.0,0.0,0.0,5.737,0,12.0,1.0150000000000001,309.915,-2.3919,39.78,35.536075592041016,4.98,0.0,0
47038,237.037,19.639,-0.5,0.0,449.258,0.0,0.0,0.0,5.737,0,8.0,1.025,309.825,-0.1155,41.13,35.536075592041016,4.98,0.0,0
47038,237.207,19.639,0.0,0.0,449.319,0.0,0.0,0.0,5.737,0,11.0,1.025,309.915,5.938400000000001,41.43,35.536075592041016,4.98,0.0,0
47038,237.37800000000001,19.639,0.0,0.0,449.379,0.0,0.0,0.0,5.737,0,12.0,1.025,309.825,-0.9073,39.9,35.536075592041016,4.98,0.0,0
47038,237.207,19.629,0.0,0.0,449.319,0.0,0.0,0.0,5.737,0,13.0,1.05,309.915,-2.7218,39.12,35.536075592041016,4.98,0.0,0
47038,237.037,19.629,-0.5,0.0,449.258,0.0,0.0,0.0,5.737,0,10.0,1.03,309.69,-4.9734,39.12,35.536075592041016,4.98,0.0,0
47038,237.37800000000001,19.629,0.0,0.0,449.13800000000003,0.0,0.0,0.0,5.737,0,11.0,1.01,309.69,-0.767,39.06,35.536075592041016,4.98,0.0,0
47038,237.207,19.619,-0.5,0.0,449.44,0.0,0.0,0.0,5.737,0,9.0,1.035,309.915,0.9238000000000001,38.52,35.536075592041016,4.98,0.0,0
47038,237.037,19.619,-0.5,0.0,449.077,0.0,0.0,0.0,5.737,0,10.0,1.02,309.915,5.3281,37.71,35.536075592041016,4.98,0.0,0
47038,237.37800000000001,19.619,-0.5,0.0,449.5,0.0,0.0,0.2,5.737,0,13.0,1.03,309.825,4.8580000000000005,36.9,35.536075592041016,4.98,0.0,0
47038,237.37800000000001,19.609,0.0,0.0,449.742,0.0,0.0,0.0,5.737,0,11.0,1.0150000000000001,309.825,-3.0187,37.56,35.536075592041016,4.98,0.0,0
47038,237.207,19.609,0.0,0.0,449.5,0.0,0.0,0.0,5.737,0,9.0,1.035,309.825,-1.699,38.01,35.536075592041016,4.98,0.0,0
47038,237.207,19.609,0.0,0.0,449.19800000000004,0.0,0.0,0.2,5.737,0,12.0,1.035,309.825,1.3196,39.6,35.536075592041016,4.98,0.0,0
47038,237.548,19.609,-0.5,0.0,449.258,0.0,0.0,0.0,5.737,0,12.0,1.02,310.005,1.4186,40.47,35.536075592041016,4.98,0.0,0
47038,237.207,19.609,-0.5,0.0,449.258,0.0,0.0,0.0,5.737,0,10.0,1.02,310.005,1.9795,40.68,35.536075592041016,4.98,0.0,0
47038,237.207,19.6,-1.0,0.0,449.258,0.0,0.0,0.0,5.737,0,10.0,1.0,309.825,0.5279,41.25,35.536075592041016,4.98,0.0,0
47038,237.37800000000001,19.6,0.0,0.0,449.258,0.0,0.0,0.0,5.737,0,9.0,1.025,309.825,-2.1114,41.1,35.536075592041016,4.98,0.0,0
47038,237.548,19.6,-0.5,0.0,449.13800000000003,0.0,0.0,-0.2,5.737,0,9.0,1.035,309.825,-3.6950000000000003,40.14,35.536075592041016,4.98,0.0,0
47038,237.37800000000001,19.59,-1.0,0.0,449.13800000000003,0.0,0.0,0.0,5.737,0,10.0,1.03,309.825,2.6393,38.58,35.536075592041016,4.98,0.0,0
47038,237.207,19.59,-0.5,0.0,449.258,0.0,0.0,0.0,5.737,0,10.0,1.02,309.825,1.3196,37.83,35.536075592041016,4.98,0.0,0
47038,237.207,19.59,-0.5,0.0,449.19800000000004,0.0,0.0,0.0,5.737,0,11.0,1.0150000000000001,309.69,-1.4846000000000001,38.13,35.536075592041016,4.98,0.0,0
47038,237.37800000000001,19.580000000000002,-1.0,0.0,448.896,0.0,0.0,0.0,5.737,0,10.0,1.03,309.69,-7.258100000000001,38.01,35.536075592041016,4.98,0.0,0
47038,237.207,19.580000000000002,0.0,0.0,449.13800000000003,0.0,0.0,0.0,5.737,0,11.0,1.0150000000000001,309.915,-1.6496000000000002,37.92,35.536075592041016,4.98,0.0,0
47038,237.037,19.580000000000002,-0.5,0.0,449.319,0.0,0.0,0.0,5.737,0,11.0,1.01,309.69,5.2786,38.64,35.536075592041016,4.98,0.0,0
47038,237.37800000000001,19.580000000000002,-0.5,0.0,449.319,0.0,0.0,0.0,5.737,0,11.0,1.0150000000000001,309.825,-2.2104,39.27,35.536075592041016,4.98,0.0,0
47038,237.207,19.57,0.0,0.0,449.44,0.0,0.0,0.0,5.737,0,11.0,1.02,309.825,-2.3754,39.63,35.536075592041016,4.98,0.0,0
47038,237.207,19.57,-0.5,0.0,449.258,0.0,0.0,0.0,5.737,0,9.0,1.045,309.915,2.4743,40.410000000000004,35.536075592041016,4.98,0.0,0
47038,237.37800000000001,19.57,-0.5,0.0,449.258,0.0,0.0,0.0,5.737,0,11.0,1.02,309.825,-0.7918000000000001,40.410000000000004,35.536075592041016,4.98,0.0,0
47038,237.207,19.561,0.0,0.0,449.379,0.0,0.0,0.0,5.737,0,10.0,1.02,309.825,-0.5279,40.68,35.536075592041016,4.98,0.0,0
47038,237.548,19.561,0.0,0.0,449.017,0.0,0.0,0.0,5.737,0,10.0,1.025,309.825,1.0557,40.83,35.536075592041016,4.98,0.0,0
47038,237.207,19.561,-0.5,0.0,449.017,0.0,0.0,0.0,5.737,0,10.0,1.02,309.825,1.732,40.71,35.536075592041016,4.98,0.0,0
47038,237.207,19.561,-1.0,0.0,449.379,0.0,0.0,0.0,5.737,0,13.0,1.0150000000000001,309.825,1.6496000000000002,39.93,35.536075592041016,4.98,0.0,0
47038,237.207,19.561,0.0,0.0,449.682,0.0,0.0,0.0,5.737,0,10.0,1.0150000000000001,309.915,-0.9402,38.7,35.536075592041016,4.98,0.0,0
47038,237.207,19.551000000000002,-0.5,0.0,449.62100000000004,0.0,0.0,0.0,5.737,0,11.0,1.03,309.69,-3.4063000000000003,38.25,35.536075592041016,4.98,0.0,0
47038,237.548,19.551000000000002,-0.5,0.0,449.56100000000004,0.0,0.0,0.0,5.737,0,12.0,1.0050000000000001,309.825,-1.5836000000000001,37.95,35.536075592041016,4.98,0.0,0
47038,237.207,19.551000000000002,-0.5,0.0,449.44,0.0,0.0,0.0,5.737,0,11.0,1.04,309.825,1.0557,38.04,35.536075592041016,4.98,0.0,0
47038,237.207,19.541,-0.5,0.0,449.44,0.0,0.0,0.0,5.737,0,10.0,1.03,309.915,4.3796,38.34,35.536075592041016,4.98,0.0,0
47038,237.207,19.541,-0.5,0.0,449.319,0.0,0.0,0.0,5.737,0,13.0,1.035,309.825,2.7713,39.6,35.536075592041016,4.98,0.0,0
47038,237.37800000000001,19.541,-0.5,0.0,449.319,0.0,0.0,0.0,5.737,0,11.0,1.01,309.825,-2.9692000000000003,40.11,35.536075592041016,4.98,0.0,0
47038,237.207,19.531000000000002,0.0,0.0,449.319,0.0,0.0,0.0,5.737,0,10.0,1.0150000000000001,309.69,-3.9177000000000004,40.89,35.536075592041016,4.98,0.0,0
47038,237.207,19.531000000000002,0.0,0.0,449.319,0.0,0.0,0.0,5.737,0,12.0,1.03,309.69,0.48660000000000003,40.89,35.536075592041016,4.98,0.0,0
47038,237.207,19.531000000000002,-0.5,0.0,449.13800000000003,0.0,0.0,0.0,5.737,0,11.0,1.03,309.69,-3.1424000000000003,40.65,35.536075592041016,4.98,0.0,0
47038,237.207,19.531000000000002,0.0,0.0,448.77500000000003,0.0,0.0,0.0,5.737,0,12.0,1.045,309.825,4.1981,39.99,35.536075592041016,4.98,0.0,0
47038,237.207,19.521,0.0,0.0,448.956,0.0,0.0,0.0,5.737,0,8.0,1.035,309.825,2.9197,38.94,35.536075592041016,4.98,0.0,0
47038,237.37800000000001,19.521,0.0,0.0,448.77500000000003,0.0,0.0,0.0,5.737,0,10.0,1.01,309.825,3.6043000000000003,38.46,35.536075592041016,4.98,0.0,0
47038,237.207,19.521,0.0,0.0,448.83500000000004,0.0,0.0,0.0,5.737,0,10.0,1.01,309.825,0.2639,38.43,35.536075592041016,4.98,0.0,0
47038,237.207,19.512,0.0,0.0,449.258,0.0,0.0,0.2,5.737,0,12.0,1.025,309.825,-1.1877,38.160000000000004,35.536075592041016,4.98,0.0,0
47038,237.207,19.512,0.0,0.0,448.896,0.0,0.0,0.0,5.737,0,12.0,1.0150000000000001,309.825,0.8083,38.28,35.536075592041016,4.98,0.0,0
47038,237.37800000000001,19.512,-0.5,0.0,448.896,0.0,0.0,0.0,5.737,0,9.0,1.05,309.825,-1.3196,39.660000000000004,35.536075592041016,4.98,0.0,0
47038,237.207,19.512,0.0,0.0,449.13800000000003,0.0,0.0,0.0,5.737,0,10.0,1.0,309.825,-1.1877,39.84,35.536075592041016,4.98,0.0,0
47038,237.207,19.502000000000002,0.0,0.0,448.956,0.0,0.0,0.0,5.737,0,10.0,1.02,309.69,-2.5486,39.87,35.536075592041016,4.98,0.0,0
47038,237.207,19.502000000000002,0.0,0.0,448.77500000000003,0.0,0.0,0.0,5.737,0,12.0,1.035,309.825,0.2639,39.84,35.536075592041016,4.98,0.0,0
47038,237.37800000000001,19.502000000000002,0.0,0.0,448.956,0.0,0.0,0.0,5.737,0,9.0,1.025,309.825,0.5279,39.78,35.536075592041016,4.98,0.0,0
47038,237.207,19.502000000000002,-1.0,0.0,449.13800000000003,0.0,0.0,0.0,5.737,0,10.0,1.03,309.825,4.7507,39.36,35.536075592041016,4.98,0.0,0
47038,237.37800000000001,19.492,0.0,0.0,448.956,0.0,0.0,0.0,5.737,0,9.0,1.035,309.915,3.563,39.660000000000004,35.536075592041016,4.98,0.0,0
47038,237.207,19.492,0.0,0.0,448.956,0.0,0.0,0.0,5.737,0,10.0,1.04,309.69,-3.596,40.11,35.536075592041016,4.98,0.0,0
47038,237.37800000000001,19.492,-0.5,0.0,449.44,0.0,0.0,0.0,5.737,0,10.0,1.03,309.825,-1.5836000000000001,39.660000000000004,35.536075592041016,4.98,0.0,0
47038,237.207,19.492,-0.5,0.0,449.5,0.0,0.0,0.0,5.737,0,10.0,1.01,309.69,2.2764,38.01,35.536075592041016,4.98,0.0,0
47038,237.37800000000001,19.482,-0.5,0.0,449.077,0.0,0.0,0.0,5.737,0,10.0,1.025,309.69,-0.9238000000000001,37.410000000000004,35.536075592041016,4.98,0.0,0
47038,237.548,19.482,-0.5,0.0,449.13800000000003,0.0,0.0,0.0,5.737,0,12.0,1.055,309.825,-5.0147,37.47,35.536075592041016,4.98,0.0,0
47038,237.207,19.482,0.0,0.0,449.319,0.0,0.0,0.0,5.737,0,11.0,1.045,309.69,2.5073000000000003,38.25,35.536075592041016,4.98,0.0,0
47038,237.207,19.473000000000003,0.0,0.0,449.077,0.0,0.0,0.0,5.737,0,10.0,1.045,309.825,6.7632,39.51,35.536075592041016,4.98,0.0,0
47038,237.37800000000001,19.473000000000003,0.5,0.0,449.5,0.0,0.0,0.0,5.737,0,12.0,1.02,309.825,-0.6598,40.35,35.536075592041016,4.98,0.0,0
47038,237.207,19.473000000000003,-0.5,0.0,449.379,0.0,0.0,0.0,5.737,0,11.0,1.02,309.825,-3.0022,40.17,35.536075592041016,4.98,0.0,0
47038,237.37800000000001,19.473000000000003,0.0,0.0,449.258,0.0,0.0,0.0,5.737,0,10.0,1.025,309.825,-3.9589000000000003,39.75,35.536075592041016,4.98,0.0,0
47038,237.37800000000001,19.463,-0.5,0.0,449.319,0.0,0.0,-0.2,5.737,0,9.0,1.0150000000000001,309.915,-1.3856000000000002,39.45,35.536075592041016,4.98,0.0,0
47038,237.37800000000001,19.463,-0.5,0.0,449.319,0.0,0.0,0.0,5.737,0,10.0,1.035,309.825,3.6950000000000003,39.84,35.536075592041016,4.98,0.0,0
47038,237.37800000000001,19.463,-0.5,0.0,449.319,0.0,0.0,0.0,5.737,0,11.0,1.045,309.825,-0.2639,39.480000000000004,35.536075592041016,4.98,0.0,0
47038,237.37800000000001,19.453,0.0,0.0,449.319,0.0,0.0,0.0,5.737,0,11.0,1.03,309.825,-2.5073000000000003,38.67,35.536075592041016,4.98,0.0,0
47038,237.207,19.453,-0.5,0.0,449.13800000000003,0.0,0.0,0.0,5.737,0,9.0,1.02,309.825,0.0,37.77,35.536075592041016,4.98,0.0,0
47038,237.207,19.453,-0.5,0.0,449.19800000000004,0.0,0.0,0.0,5.737,0,14.0,1.04,309.915,-0.132,37.65,35.536075592041016,4.98,0.0,0
47038,237.207,19.443,0.0,0.0,449.19800000000004,0.0,0.0,0.0,5.737,0,11.0,1.035,309.825,2.1114,37.68,35.536075592041016,4.98,0.0,0
47038,237.37800000000001,19.443,-0.5,0.0,449.19800000000004,0.0,0.0,0.0,5.737,0,12.0,1.035,309.825,1.4516,38.22,35.536075592041016,4.98,0.0,0
47038,237.37800000000001,19.443,0.0,0.0,449.379,0.0,0.0,0.0,5.737,0,10.0,1.035,309.69,-3.5301,39.42,35.536075592041016,4.98,0.0,0
47038,237.37800000000001,19.443,-0.5,0.0,449.56100000000004,0.0,0.0,0.0,5.737,0,11.0,1.05,309.915,0.6598,40.800000000000004,35.536075592041016,4.98,0.0,0
47038,237.207,19.434,0.0,0.0,449.19800000000004,0.0,0.0,0.0,5.737,0,10.0,1.02,309.825,1.3196,41.31,35.536075592041016,4.98,0.0,0
47038,237.207,19.434,-0.5,0.0,449.44,0.0,0.0,0.0,5.737,0,13.0,1.025,309.825,1.9795,40.02,35.536075592041016,4.98,0.0,0
47038,237.207,19.434,-0.5,0.0,449.19800000000004,0.0,0.0,0.0,5.737,0,10.0,1.0150000000000001,309.825,-0.9897,39.12,35.536075592041016,4.98,0.0,0
47038,237.37800000000001,19.424,-0.5,0.0,449.13800000000003,0.0,0.0,0.0,5.737,0,9.0,1.045,309.69,-2.7713,39.03,35.536075592041016,4.98,0.0,0
47038,237.719,19.424,-0.5,0.0,449.5,0.0,0.0,0.0,5.737,0,11.0,1.035,309.915,0.19790000000000002,39.0,35.536075592041016,4.98,0.0,0
47038,237.37800000000001,19.424,-0.5,0.0,449.62100000000004,0.0,0.0,0.0,5.737,0,12.0,1.02,309.915,3.8270000000000004,38.64,35.536075592041016,4.98,0.0,0
47038,237.207,19.424,-0.5,0.0,449.62100000000004,0.0,0.0,0.0,5.737,0,10.0,1.035,309.825,1.4846000000000001,37.95,35.536075592041016,4.98,0.0,0
47038,237.207,19.414,0.0,0.0,449.19800000000004,0.0,0.0,0.0,5.737,0,9.0,1.04,310.005,1.0557,37.59,35.536075592041016,4.98,0.0,0
47038,237.37800000000001,19.414,0.0,0.0,449.19800000000004,0.0,0.0,0.0,5.737,0,10.0,1.0150000000000001,309.825,1.0722,37.5,35.536075592041016,4.98,0.0,0
47038,237.719,19.414,0.0,0.0,448.956,0.0,0.0,0.0,5.737,0,8.0,1.0,309.825,0.28040000000000004,36.93,35.536075592041016,4.98,0.0,0
47038,237.207,19.414,0.0,0.0,449.13800000000003,0.0,0.0,0.0,5.737,0,10.0,1.0150000000000001,309.69,-1.4269,37.44,35.536075592041016,4.98,0.0,0
47038,237.207,19.404,0.0,0.0,449.319,0.0,0.0,0.0,5.737,0,12.0,1.045,309.915,-1.1052,38.160000000000004,35.536075592041016,4.98,0.0,0
47038,237.37800000000001,19.404,0.0,0.0,449.379,0.0,0.0,0.0,5.737,0,10.0,1.04,309.825,-0.19790000000000002,39.42,35.536075592041016,4.98,0.0,0
47038,237.719,19.404,0.0,0.0,449.62100000000004,0.0,0.0,-0.2,5.737,0,10.0,1.0150000000000001,309.825,-0.2639,40.11,35.536075592041016,4.98,0.0,0
47038,237.37800000000001,19.404,-0.5,0.0,449.258,0.0,0.0,0.0,5.737,0,11.0,1.0050000000000001,309.825,-1.8310000000000002,39.9,35.536075592041016,4.98,0.0,0
47038,237.207,19.395,0.0,0.0,449.017,0.0,0.0,0.0,5.737,0,10.0,1.04,309.915,0.18150000000000002,39.480000000000004,35.536075592041016,4.98,0.0,0
47038,237.207,19.395,0.0,0.0,449.379,0.0,0.0,0.0,5.737,0,10.0,1.04,309.825,-2.8372,38.7,35.536075592041016,4.98,0.0,0
47038,237.37800000000001,19.395,-0.5,0.0,449.319,0.0,0.0,0.0,5.737,0,11.0,1.0050000000000001,309.69,-0.066,38.43,35.536075592041016,4.98,0.0,0
47038,237.548,19.385,0.0,0.0,449.19800000000004,0.0,0.0,0.0,5.737,0,8.0,1.0150000000000001,309.915,1.9795,37.77,35.536075592041016,4.98,0.0,0
47038,237.207,19.385,0.0,0.0,449.017,0.0,0.0,0.0,5.737,0,10.0,1.04,309.825,2.3094,37.14,35.536075592041016,4.98,0.0,0
47038,237.37800000000001,19.385,0.0,0.0,449.077,0.0,0.0,0.0,5.737,0,12.0,1.025,309.915,1.3444,36.78,35.536075592041016,4.98,0.0,0
47038,237.207,19.385,0.0,0.0,449.19800000000004,0.0,0.0,-0.2,5.737,0,9.0,1.03,309.825,0.14850000000000002,36.27,35.536075592041016,4.98,0.0,0
47038,237.37800000000001,19.375,-0.5,0.0,449.319,0.0,0.0,0.0,5.737,0,10.0,1.025,309.825,1.4516,37.410000000000004,35.536075592041016,4.98,0.0,0
47038,237.207,19.375,0.0,0.0,449.379,0.0,0.0,0.0,5.737,0,9.0,1.02,309.915,-3.2496,38.64,35.536075592041016,4.98,0.0,0
47038,237.207,19.375,0.0,0.0,449.258,0.0,0.0,0.0,5.737,0,9.0,1.025,309.825,-0.5279,39.06,35.536075592041016,4.98,0.0,0
47038,237.207,19.365000000000002,-1.0,0.0,449.13800000000003,0.0,0.0,0.0,5.737,0,10.0,1.03,309.825,1.2042000000000002,39.480000000000004,35.536075592041016,4.98,0.0,0
47038,237.037,19.365000000000002,-0.5,0.0,449.258,0.0,0.0,0.0,5.737,0,12.0,1.035,309.825,-0.18150000000000002,39.12,35.536075592041016,4.98,0.0,0
47038,237.37800000000001,19.365000000000002,0.0,0.0,449.44,0.0,0.0,0.0,5.737,0,9.0,1.035,309.825,-0.5114000000000001,39.0,35.536075592041016,4.98,0.0,0
47038,237.37800000000001,19.365000000000002,-0.5,0.0,449.44,0.0,0.0,0.0,5.737,0,11.0,1.0050000000000001,309.69,2.1362,38.67,35.536075592041016,4.98,0.0,0
47038,237.37800000000001,19.355,-0.5,0.0,449.379,0.0,0.0,0.0,5.737,0,8.0,1.03,309.825,-1.1217000000000001,38.04,35.536075592041016,4.98,0.0,0
47038,237.37800000000001,19.355,-0.5,0.0,449.258,0.0,0.0,0.0,5.737,0,10.0,1.02,309.825,-0.066,37.230000000000004,35.536075592041016,4.98,0.0,0
47038,237.207,19.355,-0.5,0.0,449.44,0.0,0.0,0.0,5.737,0,9.0,1.03,309.825,3.9095,36.75,35.536075592041016,4.98,0.0,0
47038,237.207,19.346,0.0,0.0,449.742,0.0,0.0,0.0,5.737,0,10.0,1.0150000000000001,309.825,-2.5733,36.57,35.536075592041016,4.98,0.0,0
47038,237.548,19.346,0.0,0.0,449.13800000000003,0.0,0.0,0.0,5.737,0,12.0,1.035,309.69,-2.2022,36.81,35.536075592041016,4.98,0.0,0
47038,237.207,19.346,0.0,0.0,448.956,0.0,0.0,0.0,5.737,0,9.0,1.0,309.915,3.0187,37.47,35.536075592041016,4.98,0.0,0
47038,237.207,19.346,0.0,0.0,449.319,0.0,0.0,0.0,5.737,0,10.0,1.04,309.915,2.029,38.58,35.536075592041016,4.98,0.0,0
47038,237.207,19.346,-0.5,0.0,449.258,0.0,0.0,0.0,5.737,0,12.0,1.04,309.915,2.2434000000000003,38.76,35.536075592041016,4.98,0.0,0
47038,237.207,19.336000000000002,0.0,0.0,449.19800000000004,0.0,0.0,0.0,5.737,0,13.0,1.04,309.825,-0.099,39.75,35.536075592041016,4.98,0.0,0
47038,237.207,19.336000000000002,0.5,0.0,449.319,0.0,0.0,0.0,5.737,0,10.0,1.045,309.825,-2.6393,40.83,35.536075592041016,4.98,0.0,0
47038,237.207,19.336000000000002,0.0,0.0,449.319,0.0,0.0,0.0,5.737,0,12.0,1.04,309.825,-0.9897,40.29,35.536075592041016,4.98,0.0,0
47038,237.207,19.326,-0.5,0.0,449.258,0.0,0.0,0.0,5.737,0,11.0,1.0,309.825,-1.9795,39.24,35.536075592041016,4.98,0.0,0
47038,237.719,19.326,-0.5,0.0,449.19800000000004,0.0,0.0,0.0,5.737,0,11.0,1.03,309.825,1.0557,38.52,35.536075592041016,4.98,0.0,0
47038,237.719,19.326,-0.5,0.0,449.13800000000003,0.0,0.0,0.0,5.737,0,10.0,1.025,309.825,1.7155,37.800000000000004,35.536075592041016,4.98,0.0,0
47038,237.37800000000001,19.326,-0.5,0.0,449.319,0.0,0.0,0.0,5.737,0,12.0,1.01,309.825,-1.5836000000000001,37.17,35.536075592041016,4.98,0.0,0
47038,237.207,19.316000000000003,-0.5,0.0,449.258,0.0,0.0,0.0,5.737,0,10.0,1.0150000000000001,309.825,1.9795,36.84,35.536075592041016,4.98,0.0,0
47038,237.37800000000001,19.316000000000003,0.0,0.0,449.44,0.0,0.0,0.0,5.737,0,9.0,1.025,309.825,1.3196,37.2,35.536075592041016,4.98,0.0,0
47038,237.207,19.316000000000003,0.0,0.0,449.13800000000003,0.0,0.0,0.0,5.737,0,12.0,1.02,309.915,-1.4516,37.38,35.536075592041016,4.98,0.0,0
47038,237.548,19.307000000000002,0.0,0.0,449.017,0.0,0.0,0.0,5.737,0,10.0,1.0150000000000001,309.825,2.6393,38.43,35.536075592041016,4.98,0.0,0
47038,237.207,19.307000000000002,0.0,0.0,449.077,0.0,0.0,0.0,5.737,0,10.0,1.01,309.825,-1.3196,38.82,35.536075592041016,4.98,0.0,0
47038,237.37800000000001,19.307000000000002,-1.0,0.0,449.13800000000003,0.0,0.0,0.2,5.737,0,10.0,0.985,309.69,-4.5858,39.54,35.536075592041016,4.98,0.0,0
47038,237.207,19.307000000000002,0.0,0.0,448.956,0.0,0.0,0.2,5.737,0,8.0,1.035,310.005,4.2229,39.39,35.536075592041016,4.98,0.0,0
47038,237.207,19.297,0.0,0.0,448.896,0.0,0.0,0.0,5.737,0,10.0,1.03,309.69,-0.165,39.36,35.536075592041016,4.98,0.0,0
47038,237.37800000000001,19.297,0.0,0.0,449.13800000000003,0.0,0.0,0.0,5.737,0,10.0,1.03,309.825,-0.2639,39.96,35.536075592041016,4.98,0.0,0
47038,237.37800000000001,19.297,0.0,0.0,449.319,0.0,0.0,0.0,5.737,0,9.0,1.0050000000000001,309.69,-5.8394,39.96,35.536075592041016,4.98,0.0,0
47038,237.37800000000001,19.287000000000003,-0.5,0.0,449.13800000000003,0.0,0.0,0.0,5.737,0,11.0,1.02,309.69,-2.7713,38.52,35.536075592041016,4.98,0.0,0
47038,237.37800000000001,19.287000000000003,0.0,0.0,449.319,0.0,0.0,0.0,5.737,0,8.0,1.0,309.825,2.3754,37.08,35.536075592041016,4.98,0.0,0
47038,237.548,19.287000000000003,0.0,0.0,449.077,0.0,0.0,0.0,5.737,0,8.0,1.055,309.825,3.9589000000000003,36.09,35.536075592041016,4.98,0.0,0
47038,237.37800000000001,19.287000000000003,0.0,0.0,449.13800000000003,0.0,0.0,0.0,5.737,0,9.0,0.985,309.825,-0.099,36.99,35.536075592041016,4.98,0.0,0
47038,237.548,19.287000000000003,0.0,0.0,449.13800000000003,0.0,0.0,0.0,5.737,0,10.0,1.01,309.825,-0.42060000000000003,37.02,35.536075592041016,4.98,0.0,0
47038,236.866,19.277,0.0,0.0,449.077,0.0,0.0,0.0,5.737,0,13.0,1.0150000000000001,309.825,3.9589000000000003,37.410000000000004,35.536075592041016,4.98,0.0,0
47038,237.207,19.277,-0.5,0.0,449.13800000000003,0.0,0.0,0.0,5.737,0,9.0,1.01,309.915,5.3281,38.67,35.536075592041016,4.98,0.0,0
47038,237.037,19.277,0.0,0.0,449.44,0.0,0.0,0.0,5.737,0,11.0,1.055,309.69,0.2887,39.51,35.536075592041016,4.98,0.0,0
47038,237.207,19.268,-0.5,0.0,449.319,0.0,0.0,0.0,5.737,0,11.0,1.02,309.825,-2.8372,39.9,35.536075592041016,4.98,0.0,0
47038,237.207,19.268,0.0,0.0,449.319,0.0,0.0,0.0,5.737,0,11.0,1.025,309.825,-0.0495,39.51,35.536075592041016,4.98,0.0,0
47038,237.207,19.268,-0.5,0.0,449.077,0.0,0.0,0.0,5.737,0,12.0,1.025,309.825,3.9095,39.6,35.536075592041016,4.98,0.0,0
47038,237.37800000000001,19.268,0.0,0.0,448.956,0.0,0.0,0.0,5.737,0,11.0,1.05,309.915,0.9073,39.15,35.536075592041016,4.98,0.0,0
47038,237.548,19.258000000000003,0.0,0.0,448.956,0.0,0.0,0.0,5.737,0,12.0,1.05,309.825,-0.9073,38.85,35.536075592041016,4.98,0.0,0
47038,237.207,19.258000000000003,0.0,0.0,449.19800000000004,0.0,0.0,0.0,5.737,0,10.0,1.0150000000000001,309.825,-1.8475000000000001,38.910000000000004,35.536075592041016,4.98,0.0,0
47038,237.207,19.258000000000003,-0.5,0.0,449.319,0.0,0.0,0.0,5.737,0,12.0,1.03,309.69,-2.4166000000000003,38.64,35.536075592041016,4.98,0.0,0
47038,237.37800000000001,19.248,0.0,0.0,449.44,0.0,0.0,0.0,5.737,0,10.0,1.05,309.915,2.5568,37.65,35.536075592041016,4.98,0.0,0
47038,237.207,19.248,0.0,0.0,449.19800000000004,0.0,0.0,0.0,5.737,0,14.0,1.0050000000000001,309.915,3.8765,37.74,35.536075592041016,4.98,0.0,0
47038,237.719,19.248,0.0,0.0,449.077,0.0,0.0,0.0,5.737,0,10.0,1.0150000000000001,309.69,-3.1672000000000002,38.7,35.536075592041016,4.98,0.0,0
47038,237.207,19.248,-0.5,0.0,449.077,0.0,0.0,0.0,5.737,0,10.0,1.065,309.69,-8.2066,39.6,35.536075592041016,4.98,0.0,0
47038,237.37800000000001,19.238,-0.5,0.0,449.379,0.0,0.0,0.0,5.737,0,9.0,1.03,309.825,-0.4454,40.38,35.536075592041016,4.98,0.0,0
47038,237.207,19.238,-0.5,0.0,449.379,0.0,0.0,0.0,5.737,0,11.0,1.025,309.825,4.3301,39.9,35.536075592041016,4.98,0.0,0
47038,237.207,19.238,0.0,0.0,449.319,0.0,0.0,0.0,5.737,0,11.0,1.02,309.825,3.3404000000000003,39.84,35.536075592041016,4.98,0.0,0
47038,237.207,19.229,-0.5,0.0,449.742,0.0,0.0,0.0,5.737,0,10.0,1.04,309.825,1.3196,39.57,35.536075592041016,4.98,0.0,0
47038,237.37800000000001,19.229,-0.5,0.0,449.5,0.0,0.0,0.0,5.737,0,11.0,1.03,309.915,-0.8743000000000001,39.99,35.536075592041016,4.98,0.0,0
47038,237.37800000000001,19.229,0.0,0.0,449.258,0.0,0.0,0.0,5.737,0,12.0,1.0150000000000001,309.825,1.7815,39.54,35.536075592041016,4.98,0.0,0
47038,237.548,19.229,-0.5,0.0,448.956,0.0,0.0,0.0,5.737,0,9.0,1.045,309.825,-0.7918000000000001,39.06,35.536075592041016,4.98,0.0,0
47038,237.207,19.219,0.0,0.0,448.896,0.0,0.0,0.0,5.737,0,10.0,1.0150000000000001,309.69,-5.3693,38.4,35.536075592041016,4.98,0.0,0
47038,237.207,19.219,-0.5,0.0,449.077,0.0,0.0,0.0,5.737,0,11.0,1.035,309.69,0.42060000000000003,38.19,35.536075592041016,4.98,0.0,0
47038,237.207,19.219,0.0,0.0,449.13800000000003,0.0,0.0,0.0,5.737,0,8.0,1.035,309.825,-2.5733,37.410000000000004,35.536075592041016,4.98,0.0,0
47038,237.37800000000001,19.219,-0.5,0.0,449.13800000000003,0.0,0.0,0.0,5.737,0,10.0,1.05,309.825,-1.9795,37.38,35.536075592041016,4.98,0.0,0
47038,237.889,19.209,-1.0,0.0,449.44,0.0,0.0,0.0,5.737,0,10.0,1.045,310.005,5.8394,38.4,35.536075592041016,4.98,0.0,0
47038,237.207,19.209,-0.5,0.0,449.379,0.0,0.0,0.0,5.737,0,12.0,1.0150000000000001,309.6,3.2991,40.02,35.536075592041016,4.98,0.0,0
47038,237.37800000000001,19.209,-0.5,0.0,449.077,0.0,0.0,0.0,5.737,0,11.0,1.04,309.825,-5.806500000000001,41.22,35.536075592041016,4.98,0.0,0
47038,237.37800000000001,19.209,0.0,0.0,448.956,0.0,0.0,0.0,5.737,0,9.0,1.01,309.915,-1.5836000000000001,41.730000000000004,35.536075592041016,4.98,0.0,0
47038,237.548,19.199,0.0,0.0,449.017,0.0,0.0,0.0,5.737,0,11.0,1.035,309.915,5.5755,40.410000000000004,35.536075592041016,4.98,0.0,0
47038,237.207,19.199,-0.5,0.0,449.19800000000004,0.0,0.0,0.0,5.737,0,10.0,1.025,309.825,0.0,39.69,35.536075592041016,4.98,0.0,0
47038,237.037,19.199,0.0,0.0,449.13800000000003,0.0,0.0,0.0,5.737,0,11.0,1.0150000000000001,309.915,-0.5279,39.24,35.536075592041016,4.98,0.0,0
47038,237.37800000000001,19.199,0.0,0.0,449.379,0.0,0.0,0.0,5.737,0,11.0,1.03,309.825,-1.0557,39.03,35.536075592041016,4.98,0.0,0
47038,237.37800000000001,19.189,-1.0,0.0,449.319,0.0,0.0,0.0,5.737,0,11.0,1.03,309.915,0.46190000000000003,39.33,35.536075592041016,4.98,0.0,0
47038,237.207,19.189,0.0,0.0,449.19800000000004,0.0,0.0,0.0,5.737,0,12.0,1.025,309.69,-2.5073000000000003,38.43,35.536075592041016,4.98,0.0,0
47038,237.037,19.189,-0.5,0.0,449.077,0.0,0.0,0.0,5.737,0,12.0,1.045,309.825,0.2639,37.5,35.536075592041016,4.98,0.0,0
47038,237.548,19.18,-0.5,0.0,449.258,0.0,0.0,0.0,5.737,0,12.0,1.03,309.915,-1.8475000000000001,37.74,35.536075592041016,4.98,0.0,0
47038,237.207,19.18,-0.5,0.0,449.5,0.0,0.0,0.0,5.737,0,10.0,1.06,309.915,-0.4289,38.52,35.536075592041016,4.98,0.0,0
47038,237.37800000000001,19.18,-0.5,0.0,449.13800000000003,0.0,0.0,0.0,5.737,0,11.0,1.025,309.825,2.9032,40.2,35.536075592041016,4.98,0.0,0
47038,237.37800000000001,19.18,-0.5,0.0,449.13800000000003,0.0,0.0,0.0,5.737,0,12.0,1.025,309.825,1.1217000000000001,42.0,35.536075592041016,4.98,0.0,0
47038,237.37800000000001,19.18,0.0,0.0,449.13800000000003,0.0,0.0,0.0,5.737,0,10.0,1.01,309.825,1.4021000000000001,42.09,35.536075592041016,4.98,0.0,0
47038,237.548,19.17,-1.0,0.0,449.077,0.0,0.0,0.0,5.737,0,10.0,1.0150000000000001,309.825,-5.0641,41.82,35.536075592041016,4.98,0.0,0
47038,237.207,19.17,0.0,0.0,448.77500000000003,0.0,0.0,0.0,5.737,0,12.0,1.04,309.915,-0.0825,40.59,35.536075592041016,4.98,0.0,0
47038,237.548,19.17,0.0,0.0,448.896,0.0,0.0,0.0,5.737,0,11.0,1.11,309.915,1.5671000000000002,39.27,35.536075592041016,4.98,0.0,0
47038,237.207,19.16,0.0,0.0,449.13800000000003,0.0,0.0,0.2,5.737,0,9.0,1.055,309.825,-1.7155,38.07,35.536075592041016,4.98,0.0,0
47038,237.207,19.16,0.0,0.0,449.077,0.0,0.0,0.0,5.737,0,12.0,1.02,309.69,1.097,37.62,35.536075592041016,4.98,0.0,0
47038,237.037,19.16,-1.0,0.0,448.77500000000003,0.0,0.0,0.0,5.737,0,11.0,1.045,309.825,-0.9238000000000001,38.4,35.536075592041016,4.98,0.0,0
47038,237.37800000000001,19.16,0.0,0.0,448.956,0.0,0.0,0.0,5.737,0,10.0,1.025,309.69,-1.097,38.43,35.536075592041016,4.98,0.0,0
47038,237.37800000000001,19.150000000000002,-0.5,0.0,449.13800000000003,0.0,0.0,0.0,5.737,0,12.0,1.01,309.825,0.6763,39.24,35.536075592041016,4.98,0.0,0
47038,237.207,19.150000000000002,-0.5,0.0,449.13800000000003,0.0,0.0,0.0,5.737,0,11.0,1.03,309.825,-1.1877,39.33,35.536075592041016,4.98,0.0,0
47038,237.548,19.150000000000002,0.0,0.0,448.83500000000004,0.0,0.0,0.0,5.737,0,10.0,1.03,309.69,-1.5588000000000002,39.06,35.536075592041016,4.98,0.0,0
47038,237.548,19.141000000000002,0.0,0.0,449.077,0.0,0.0,0.0,5.737,0,9.0,1.03,309.825,2.7053000000000003,39.69,35.536075592041016,4.98,0.0,0
47038,237.207,19.141000000000002,-0.5,0.0,448.956,0.0,0.0,0.0,5.737,0,13.0,1.03,309.915,6.0539000000000005,40.5,35.536075592041016,4.98,0.0,0
47038,237.37800000000001,19.141000000000002,0.0,0.0,449.13800000000003,0.0,0.0,0.0,5.737,0,9.0,1.0150000000000001,309.825,2.0207,41.04,35.536075592041016,4.98,0.0,0
47038,237.719,19.141000000000002,0.0,0.0,449.017,0.0,0.0,0.0,5.737,0,9.0,1.03,309.69,-3.0599000000000003,40.08,35.536075592041016,4.98,0.0,0
47038,237.719,19.131,-0.5,0.0,448.956,0.0,0.0,0.2,5.737,0,12.0,1.01,309.915,-0.066,39.51,35.536075592041016,4.98,0.0,0
47038,237.207,19.131,0.0,0.0,448.956,0.0,0.0,0.0,5.737,0,12.0,1.0050000000000001,309.915,0.7918000000000001,39.39,35.536075592041016,4.98,0.0,0
47038,237.207,19.131,-0.5,0.0,448.83500000000004,0.0,0.0,0.0,5.737,0,13.0,1.03,309.825,0.9238000000000001,39.09,35.536075592041016,4.98,0.0,0
47038,237.889,19.131,0.0,0.0,449.13800000000003,0.0,0.0,0.0,5.737,0,11.0,1.02,309.825,0.9567,39.15,35.536075592041016,4.98,0.0,0
47038,237.548,19.121000000000002,-0.5,0.0,449.19800000000004,0.0,0.0,0.0,5.737,0,11.0,1.02,309.825,-2.1114,38.76,35.536075592041016,4.98,0.0,0
47038,237.548,19.121000000000002,-0.5,0.0,449.13800000000003,0.0,0.0,0.0,5.737,0,11.0,1.0150000000000001,309.825,-3.9589000000000003,38.43,35.536075592041016,4.98,0.0,0
47038,237.37800000000001,19.121000000000002,0.0,0.0,449.319,0.0,0.0,0.0,5.737,0,12.0,1.02,309.69,-3.1672000000000002,38.61,35.536075592041016,4.98,0.0,0
47038,237.37800000000001,19.121000000000002,-0.5,0.0,448.956,0.0,0.0,0.0,5.737,0,10.0,1.025,309.825,-1.5836000000000001,39.06,35.536075592041016,4.98,0.0,0
47038,237.37800000000001,19.111,-1.0,0.0,449.56100000000004,0.0,0.0,0.0,5.737,0,9.0,1.05,309.825,2.1114,39.57,35.536075592041016,4.98,0.0,0
47038,237.207,19.111,0.0,0.0,449.379,0.0,0.0,0.0,5.737,0,10.0,1.025,309.69,1.5836000000000001,40.02,35.536075592041016,4.98,0.0,0
47038,237.37800000000001,19.111,-1.0,0.0,448.956,0.0,0.0,0.0,5.737,0,10.0,1.0150000000000001,309.825,-2.5073000000000003,41.04,35.536075592041016,4.98,0.0,0
47038,237.37800000000001,19.111,0.0,0.0,448.77500000000003,0.0,0.0,0.0,5.737,0,10.0,1.045,309.69,-0.6928000000000001,41.64,35.536075592041016,4.98,0.0,0
47038,237.207,19.102,0.0,0.0,449.13800000000003,0.0,0.0,0.0,5.737,0,11.0,0.985,309.915,4.7507,40.89,35.536075592041016,4.98,0.0,0
47038,237.548,19.102,0.0,0.0,448.896,0.0,0.0,0.0,5.737,0,10.0,1.0150000000000001,309.915,-0.066,39.96,35.536075592041016,4.98,0.0,0
47038,237.37800000000001,19.102,-0.5,0.0,448.83500000000004,0.0,0.0,0.0,5.737,0,10.0,1.01,309.825,1.0557,38.07,35.536075592041016,4.98,0.0,0
47038,237.207,19.092000000000002,0.0,0.0,449.19800000000004,0.0,0.0,0.0,5.737,0,10.0,1.065,309.915,-0.5279,37.5,35.536075592041016,4.98,0.0,0
47038,237.207,19.092000000000002,-0.5,0.0,449.13800000000003,0.0,0.0,0.0,5.737,0,9.0,1.06,309.69,-3.4311000000000003,37.56,35.536075592041016,4.98,0.0,0
47038,237.548,19.092000000000002,0.0,0.0,449.13800000000003,0.0,0.0,0.0,5.737,0,10.0,1.05,309.825,-2.7548,37.68,35.536075592041016,4.98,0.0,0
47038,237.548,19.092000000000002,-0.5,0.0,449.13800000000003,0.0,0.0,0.0,5.737,0,11.0,1.025,309.825,-0.8578,38.25,35.536075592041016,4.98,0.0,0
47038,237.37800000000001,19.092000000000002,0.0,0.0,449.258,0.0,0.0,0.0,5.737,0,12.0,1.025,309.825,-0.2474,38.730000000000004,35.536075592041016,4.98,0.0,0
47038,237.37800000000001,19.082,0.0,0.0,449.13800000000003,0.0,0.0,0.0,5.737,0,11.0,1.065,309.915,5.435300000000001,39.03,35.536075592041016,4.98,0.0,0
47038,237.548,19.082,-0.5,0.0,448.896,0.0,0.0,0.0,5.737,0,10.0,1.01,309.69,-2.5486,40.050000000000004,35.536075592041016,4.98,0.0,0
47038,237.207,19.082,0.0,0.0,448.714,0.0,0.0,0.0,5.737,0,11.0,1.035,309.915,-0.9402,40.38,35.536075592041016,4.98,0.0,0
47038,237.207,19.072,0.0,0.0,448.77500000000003,0.0,0.0,0.0,5.737,0,12.0,1.045,309.825,2.5238,39.96,35.536075592041016,4.98,0.0,0
47038,237.548,19.072,-0.5,0.0,449.13800000000003,0.0,0.0,0.0,5.737,0,10.0,1.035,309.69,-0.7918000000000001,39.18,35.536075592041016,4.98,0.0,0
47038,237.207,19.072,0.0,0.0,448.896,0.0,0.0,0.0,5.737,0,11.0,1.025,309.825,-3.9424,39.03,35.536075592041016,4.98,0.0,0
47038,237.207,19.072,-0.5,0.0,448.714,0.0,0.0,0.0,5.737,0,11.0,1.02,309.915,3.0187,39.54,35.536075592041016,4.98,0.0,0
47038,237.37800000000001,19.063000000000002,0.0,0.0,449.017,0.0,0.0,0.0,5.737,0,11.0,1.06,309.825,2.2846,38.76,35.536075592041016,4.98,0.0,0
47038,237.207,19.063000000000002,0.0,0.0,449.319,0.0,0.0,0.0,5.737,0,11.0,1.01,309.825,0.47840000000000005,37.62,35.536075592041016,4.98,0.0,0
47038,237.37800000000001,19.063000000000002,0.0,0.0,449.19800000000004,0.0,0.0,0.0,5.737,0,11.0,1.0,309.69,-1.6743000000000001,36.27,35.536075592041016,4.98,0.0,0
47038,237.548,19.063000000000002,0.0,0.0,448.83500000000004,0.0,0.0,0.0,5.737,0,11.0,1.035,309.825,-2.3754,36.96,35.536075592041016,4.98,0.0,0
47038,237.548,19.053,0.0,0.0,449.077,0.0,0.0,0.0,5.737,0,9.0,1.01,309.915,3.2826,37.980000000000004,35.536075592041016,4.98,0.0,0
47038,237.207,19.053,-0.5,0.0,449.19800000000004,0.0,0.0,0.0,5.737,0,10.0,1.0,309.915,6.3838,39.6,35.536075592041016,4.98,0.0,0
47038,237.207,19.053,-0.5,0.0,449.017,0.0,0.0,0.0,5.737,0,11.0,1.02,309.825,0.39590000000000003,40.29,35.536075592041016,4.98,0.0,0
47038,237.548,19.043,0.0,0.0,448.896,0.0,0.0,0.0,5.737,0,9.0,1.03,309.825,-3.563,39.81,35.536075592041016,4.98,0.0,0
47038,237.548,19.043,-0.5,0.0,448.956,0.0,0.0,0.0,5.737,0,9.0,1.02,309.69,-4.7755,39.36,35.536075592041016,4.98,0.0,0
47038,237.207,19.043,0.0,0.0,448.77500000000003,0.0,0.0,0.0,5.737,0,10.0,1.03,309.915,-0.5444,39.09,35.536075592041016,4.98,0.0,0
47038,237.548,19.043,0.0,0.0,449.017,0.0,0.0,0.0,5.737,0,8.0,1.02,309.825,2.6393,39.24,35.536075592041016,4.98,0.0,0
47038,237.37800000000001,19.033,0.0,0.0,448.956,0.0,0.0,0.0,5.737,0,10.0,1.04,309.69,0.5279,39.69,35.536075592041016,4.98,0.0,0
47038,237.548,19.033,0.0,0.0,448.83500000000004,0.0,0.0,0.0,5.737,0,12.0,1.04,309.69,-0.7918000000000001,39.78,35.536075592041016,4.98,0.0,0
47038,237.548,19.033,0.0,0.0,448.654,0.0,0.0,0.0,5.737,0,14.0,1.0150000000000001,309.915,-3.1672000000000002,39.42,35.536075592041016,4.98,0.0,0
47038,237.719,19.033,-0.5,0.0,448.896,0.0,0.0,0.0,5.737,0,11.0,1.035,309.825,1.5836000000000001,39.06,35.536075592041016,4.98,0.0,0
47038,237.207,19.023,0.0,0.0,449.077,0.0,0.0,0.0,5.737,0,12.0,1.02,309.69,2.6393,37.32,35.536075592041016,4.98,0.0,0
47038,237.548,19.023,-0.5,0.0,448.77500000000003,0.0,0.0,0.0,5.737,0,11.0,1.0150000000000001,309.825,-1.4516,36.18,35.536075592041016,4.98,0.0,0
47038,237.548,19.023,0.0,0.0,448.714,0.0,0.0,0.0,5.737,0,11.0,1.04,309.825,-1.8475000000000001,37.89,35.536075592041016,4.98,0.0,0
47038,237.37800000000001,19.023,-0.5,0.0,448.956,0.0,0.0,-0.2,5.737,0,12.0,1.01,309.915,3.6950000000000003,39.33,35.536075592041016,4.98,0.0,0
47038,237.37800000000001,19.014,0.0,0.0,448.77500000000003,0.0,0.0,0.0,5.737,0,10.0,1.02,309.825,2.9032,40.44,35.536075592041016,4.98,0.0,0
47038,237.207,19.014,-0.5,0.0,448.956,0.0,0.0,0.0,5.737,0,10.0,1.02,309.915,1.0557,40.44,35.536075592041016,4.98,0.0,0
47038,237.548,19.014,0.0,0.0,448.77500000000003,0.0,0.0,0.0,5.737,0,10.0,1.0150000000000001,309.825,2.1774,39.84,35.536075592041016,4.98,0.0,0
47038,237.37800000000001,19.014,0.0,0.0,448.77500000000003,0.0,0.0,0.0,5.737,0,9.0,1.025,309.825,2.2599,39.87,35.536075592041016,4.98,0.0,0
47038,237.548,19.014,-0.5,0.0,448.896,0.0,0.0,0.0,5.737,0,11.0,1.04,309.825,0.0,39.09,35.536075592041016,4.98,0.0,0
47038,237.548,19.004,0.0,0.0,449.017,0.0,0.0,0.0,5.737,0,9.0,1.025,309.915,-2.1114,38.7,35.536075592041016,4.98,0.0,0
47038,237.207,19.004,0.0,0.0,449.017,0.0,0.0,0.0,5.737,0,12.0,1.025,309.825,0.9238000000000001,38.64,35.536075592041016,4.98,0.0,0
47038,237.37800000000001,19.004,0.0,0.0,449.319,0.0,0.0,0.0,5.737,0,12.0,1.01,309.915,-1.0062,38.730000000000004,35.536075592041016,4.98,0.0,0
47038,237.207,18.994,0.0,0.0,449.077,0.0,0.0,0.0,5.737,0,10.0,1.035,309.69,-0.9485,38.19,35.536075592041016,4.98,0.0,0
47038,237.548,18.994,-0.5,0.0,449.258,0.0,0.0,0.0,5.737,0,11.0,1.025,309.825,-0.3794,37.29,35.536075592041016,4.98,0.0,0
47038,237.548,18.994,-0.5,0.0,448.956,0.0,0.0,0.0,5.737,0,10.0,1.04,309.825,-1.7650000000000001,37.02,35.536075592041016,4.98,0.0,0
47038,237.37800000000001,18.994,0.0,0.0,448.83500000000004,0.0,0.0,0.0,5.737,0,10.0,1.01,309.825,3.5136000000000003,38.13,35.536075592041016,4.98,0.0,0
47038,237.37800000000001,18.984,-0.5,0.0,448.956,0.0,0.0,0.0,5.737,0,10.0,1.02,309.825,0.132,39.12,35.536075592041016,4.98,0.0,0
47038,237.719,18.984,0.0,0.0,449.13800000000003,0.0,0.0,0.0,5.737,0,10.0,1.03,309.915,0.2474,41.4,35.536075592041016,4.98,0.0,0
47038,237.37800000000001,18.984,-1.0,0.0,449.077,0.0,0.0,0.0,5.737,0,11.0,1.01,309.825,0.6598,41.160000000000004,35.536075592041016,4.98,0.0,0
47038,237.37800000000001,18.984,-0.5,0.0,449.44,0.0,0.0,0.0,5.737,0,9.0,1.025,309.825,-0.6598,40.56,35.536075592041016,4.98,0.0,0
47038,237.548,18.975,0.0,0.0,449.13800000000003,0.0,0.0,0.0,5.737,0,9.0,1.025,309.825,0.28040000000000004,39.300000000000004,35.536075592041016,4.98,0.0,0
47038,237.548,18.975,0.0,0.0,449.13800000000003,0.0,0.0,0.2,5.737,0,10.0,1.02,309.825,-1.7815,38.730000000000004,35.536075592041016,4.98,0.0,0
47038,237.37800000000001,18.975,0.0,0.0,449.319,0.0,0.0,0.0,5.737,0,13.0,1.0150000000000001,309.825,-1.1217000000000001,38.25,35.536075592041016,4.98,0.0,0
47038,237.37800000000001,18.965,-0.5,0.0,449.319,0.0,0.0,0.0,5.737,0,10.0,1.025,309.825,2.7218,38.01,35.536075592041016,4.98,0.0,0
47038,237.207,18.965,-0.5,0.0,448.956,0.0,0.0,0.0,5.737,0,10.0,1.02,309.825,0.132,38.13,35.536075592041016,4.98,0.0,0
47038,237.207,18.965,-0.5,0.0,448.896,0.0,0.0,0.0,5.737,0,9.0,1.01,309.915,-1.9300000000000002,37.95,35.536075592041016,4.98,0.0,0
47038,237.37800000000001,18.965,-0.5,0.0,449.56100000000004,0.0,0.0,0.0,5.737,0,10.0,1.02,309.825,-0.9238000000000001,37.980000000000004,35.536075592041016,4.98,0.0,0
47038,237.207,18.955000000000002,-0.5,0.0,449.44,0.0,0.0,0.0,5.737,0,11.0,1.025,309.825,1.8475000000000001,38.730000000000004,35.536075592041016,4.98,0.0,0
47038,237.207,18.955000000000002,0.0,0.0,449.44,0.0,0.0,0.0,5.737,0,10.0,1.0150000000000001,309.825,-3.1507,40.08,35.536075592041016,4.98,0.0,0
47038,237.548,18.955000000000002,0.0,0.0,449.44,0.0,0.0,0.0,5.737,0,10.0,1.02,309.825,-0.2227,40.53,35.536075592041016,4.98,0.0,0
47038,237.548,18.955000000000002,-0.5,0.0,449.017,0.0,0.0,0.0,5.737,0,11.0,1.04,309.825,2.1774,40.86,35.536075592041016,4.98,0.0,0
47038,237.37800000000001,18.945,-0.5,0.0,448.956,0.0,0.0,0.0,5.737,0,11.0,1.01,309.825,1.4516,40.08,35.536075592041016,4.98,0.0,0
47038,237.37800000000001,18.945,0.0,0.0,449.13800000000003,0.0,0.0,0.0,5.737,0,12.0,1.03,309.915,2.3589,39.78,35.536075592041016,4.98,0.0,0
47038,237.207,18.945,0.0,0.0,449.19800000000004,0.0,0.0,0.0,5.737,0,11.0,1.02,309.825,1.5836000000000001,39.21,35.536075592041016,4.98,0.0,0
47038,237.889,18.936,0.0,0.0,449.319,0.0,0.0,0.0,5.737,0,10.0,1.02,309.825,-2.9692000000000003,38.910000000000004,35.536075592041016,4.98,0.0,0
47038,237.37800000000001,18.936,0.0,0.0,449.319,0.0,0.0,0.0,5.737,0,12.0,1.045,309.825,-3.1672000000000002,38.85,35.536075592041016,4.98,0.0,0
47038,237.207,18.936,-1.0,0.0,449.258,0.0,0.0,0.0,5.737,0,10.0,1.03,309.825,-1.4516,38.46,35.536075592041016,4.98,0.0,0
47038,237.207,18.936,0.0,0.0,449.13800000000003,0.0,0.0,0.0,5.737,0,9.0,1.0150000000000001,309.825,3.4311000000000003,38.4,35.536075592041016,4.98,0.0,0
47038,237.037,18.936,0.0,0.0,449.13800000000003,0.0,0.0,0.0,5.737,0,10.0,1.025,309.825,-0.2639,37.800000000000004,35.536075592041016,4.98,0.0,0
47038,237.207,18.926000000000002,0.0,0.0,449.319,0.0,0.0,0.0,5.737,0,10.0,1.04,309.69,-4.651800000000001,38.76,35.536075592041016,4.98,0.0,0
47038,237.207,18.926000000000002,0.0,0.0,449.19800000000004,0.0,0.0,0.0,5.737,0,10.0,1.0150000000000001,309.825,-4.0909,40.050000000000004,35.536075592041016,4.98,0.0,0
47038,237.37800000000001,18.926000000000002,0.0,0.0,449.13800000000003,0.0,0.0,0.0,5.737,0,10.0,1.025,309.915,5.2126,40.410000000000004,35.536075592041016,4.98,0.0,0
47038,237.37800000000001,18.926000000000002,0.0,0.0,449.5,0.0,0.0,0.0,5.737,0,10.0,1.01,309.825,5.2786,40.800000000000004,35.536075592041016,4.98,0.0,0
47038,237.207,18.916,0.0,0.0,449.62100000000004,0.0,0.0,0.0,5.737,0,10.0,1.035,309.915,0.46190000000000003,40.77,35.536075592041016,4.98,0.0,0
47038,237.37800000000001,18.916,-1.0,0.0,449.379,0.0,0.0,0.0,5.737,0,9.0,1.045,309.915,1.0557,40.68,35.536075592041016,4.98,0.0,0
47038,237.207,18.916,0.0,0.0,449.13800000000003,0.0,0.0,0.0,5.737,0,10.0,1.03,309.825,0.5279,40.26,35.536075592041016,4.98,0.0,0
47038,237.548,18.906000000000002,-0.5,0.0,449.319,0.0,0.0,0.0,5.737,0,10.0,1.04,309.825,-1.0557,39.81,35.536075592041016,4.98,0.0,0
47038,237.37800000000001,18.906000000000002,-0.5,0.0,449.319,0.0,0.0,0.0,5.737,0,10.0,1.0050000000000001,309.825,-0.46190000000000003,38.94,35.536075592041016,4.98,0.0,0
47038,237.548,18.906000000000002,-0.5,0.0,449.19800000000004,0.0,0.0,0.0,5.737,0,11.0,1.0150000000000001,309.825,-1.0557,37.83,35.536075592041016,4.98,0.0,0
47038,237.207,18.906000000000002,-0.5,0.0,449.319,0.0,0.0,0.0,5.737,0,9.0,1.035,309.825,1.5836000000000001,37.68,35.536075592041016,4.98,0.0,0
47038,237.719,18.896,0.0,0.0,449.13800000000003,0.0,0.0,0.0,5.737,0,8.0,1.05,309.825,1.3196,38.22,35.536075592041016,4.98,0.0,0
47038,237.37800000000001,18.896,0.0,0.0,449.13800000000003,0.0,0.0,0.0,5.737,0,9.0,1.0150000000000001,309.825,-2.6393,39.81,35.536075592041016,4.98,0.0,0
47038,237.37800000000001,18.896,-0.5,0.0,449.319,0.0,0.0,0.0,5.737,0,9.0,1.03,309.825,0.0,40.62,35.536075592041016,4.98,0.0,0
47038,237.207,18.896,0.0,0.0,449.258,0.0,0.0,0.2,5.737,0,10.0,1.025,309.825,1.0557,40.59,35.536075592041016,4.98,0.0,0
47038,237.37800000000001,18.887,-0.5,0.0,448.956,0.0,0.0,0.0,5.737,0,10.0,1.02,309.915,0.2639,39.93,35.536075592041016,4.98,0.0,0
47038,237.548,18.887,0.0,0.0,449.13800000000003,0.0,0.0,0.0,5.737,0,8.0,1.02,309.825,-3.4311000000000003,40.38,35.536075592041016,4.98,0.0,0
47038,237.207,18.887,0.0,0.0,449.319,0.0,0.0,0.0,5.737,0,9.0,1.04,309.825,-1.1877,39.93,35.536075592041016,4.98,0.0,0
47038,237.207,18.877000000000002,0.0,0.0,449.319,0.0,0.0,0.0,5.737,0,9.0,1.0,309.825,0.5938,39.6,35.536075592041016,4.98,0.0,0
47038,237.548,18.877000000000002,0.0,0.0,449.077,0.0,0.0,0.0,5.737,0,9.0,1.03,309.825,0.0,39.03,35.536075592041016,4.98,0.0,0
47038,237.719,18.877000000000002,0.0,0.0,449.017,0.0,0.0,0.0,5.737,0,12.0,1.0050000000000001,309.915,-0.5938,38.1,35.536075592041016,4.98,0.0,0
47038,237.207,18.877000000000002,0.0,0.0,449.017,0.0,0.0,0.0,5.737,0,9.0,1.035,309.825,1.1877,37.5,35.536075592041016,4.98,0.0,0
47038,237.548,18.867,-0.5,0.0,448.896,0.0,0.0,0.0,5.737,0,10.0,0.995,309.69,0.3629,37.980000000000004,35.536075592041016,4.98,0.0,0
47038,237.548,18.867,-0.5,0.0,449.13800000000003,0.0,0.0,0.0,5.737,0,11.0,1.025,309.825,-3.0352,38.61,35.536075592041016,4.98,0.0,0
47038,237.719,18.867,0.0,0.0,449.319,0.0,0.0,0.0,5.737,0,10.0,1.02,309.915,-1.9135000000000002,38.7,35.536075592041016,4.98,0.0,0
47038,237.207,18.867,0.0,0.0,449.5,0.0,0.0,0.0,5.737,0,8.0,1.025,309.825,1.9135000000000002,39.96,35.536075592041016,4.98,0.0,0
47038,237.207,18.867,0.0,0.0,448.956,0.0,0.0,0.0,5.737,0,9.0,1.035,309.825,-2.5981,39.99,35.536075592041016,4.98,0.0,0
47038,237.548,18.857,0.0,0.0,448.714,0.0,0.0,0.0,5.737,0,12.0,1.045,309.915,-2.8537000000000003,40.35,35.536075592041016,4.98,0.0,0
47038,237.207,18.857,0.0,0.0,449.13800000000003,0.0,0.0,0.0,5.737,0,13.0,1.0150000000000001,309.69,6.1611,40.230000000000004,35.536075592041016,4.98,0.0,0
47038,237.207,18.857,0.0,0.0,449.319,0.0,0.0,0.0,5.737,0,11.0,1.0150000000000001,309.69,0.066,40.14,35.536075592041016,4.98,0.0,0
47038,237.548,18.848000000000003,-0.5,0.0,449.258,0.0,0.0,0.2,5.737,0,9.0,1.04,309.915,-3.563,39.87,35.536075592041016,4.98,0.0,0
47038,237.548,18.848000000000003,-0.5,0.0,449.379,0.0,0.0,-0.2,5.737,0,10.0,1.025,309.69,0.6351,40.02,35.536075592041016,4.98,0.0,0
47038,237.207,18.848000000000003,-0.5,0.0,449.13800000000003,0.0,0.0,0.0,5.737,0,11.0,1.025,309.825,0.767,38.7,35.536075592041016,4.98,0.0,0
47038,237.207,18.848000000000003,-0.5,0.0,449.258,0.0,0.0,0.0,5.737,0,11.0,0.985,309.915,-2.9197,37.5,35.536075592041016,4.98,0.0,0
47038,237.207,18.838,0.0,0.0,449.13800000000003,0.0,0.0,0.0,5.737,0,10.0,1.0150000000000001,310.005,3.5053,37.11,35.536075592041016,4.98,0.0,0
47038,237.207,18.838,-0.5,0.0,449.44,0.0,0.0,0.2,5.737,0,12.0,1.0050000000000001,309.825,7.0601,37.050000000000004,35.536075592041016,4.98,0.0,0
47038,237.719,18.838,-0.5,0.0,449.13800000000003,0.0,0.0,0.0,5.737,0,9.0,1.0150000000000001,309.825,-0.2474,38.550000000000004,35.536075592041016,4.98,0.0,0
47038,237.37800000000001,18.838,0.0,0.0,449.13800000000003,0.0,0.0,0.0,5.737,0,10.0,1.0,309.825,-0.46190000000000003,38.7,35.536075592041016,4.98,0.0,0
47038,237.207,18.838,-0.5,0.0,449.258,0.0,0.0,0.0,5.737,0,11.0,1.03,309.825,-4.7507,40.59,35.536075592041016,4.98,0.0,0
47038,237.719,18.828,0.0,0.0,448.956,0.0,0.0,0.0,5.737,0,10.0,1.0150000000000001,309.825,0.0,41.85,35.536075592041016,4.98,0.0,0
47038,237.37800000000001,18.828,0.0,0.0,448.956,0.0,0.0,0.0,5.737,0,10.0,1.055,309.69,-3.0352,41.07,35.536075592041016,4.98,0.0,0
47038,237.548,18.828,-0.5,0.0,448.896,0.0,0.0,0.0,5.737,0,11.0,1.0050000000000001,309.915,-0.3299,39.72,35.536075592041016,4.98,0.0,0
47038,237.37800000000001,18.818,-1.0,0.0,449.319,0.0,0.0,0.0,5.737,0,9.0,1.06,309.69,-2.3754,39.09,35.536075592041016,4.98,0.0,0
47038,237.37800000000001,18.818,0.0,0.0,449.319,0.0,0.0,0.0,5.737,0,11.0,1.01,309.825,-2.7383,39.09,35.536075592041016,4.98,0.0,0
47038,231.58,18.828,5.5,0.0,449.13800000000003,0.0,0.0,0.0,5.737,0,7.0,0.995,309.915,0.5279,39.03,35.536075592041016,4.98,0.0,0
47038,213.333,18.975,22.900000000000002,1.0,448.956,0.0,0.0,0.0,5.737,0,-3.0,1.0150000000000001,309.69,0.5279,39.06,35.536075592041016,4.98,0.0,0
47038,184.172,19.268,33.5,1.0,448.77500000000003,0.0,0.0,0.0,5.737,0,-35.0,1.025,309.825,-1.9795,38.43,35.536075592041016,4.98,0.0,0
47038,149.043,19.609,38.6,1.0,448.47200000000004,0.0,0.0,0.0,5.737,0,-29.0,1.0150000000000001,309.69,-0.099,37.050000000000004,35.536075592041016,4.98,0.0,0
47038,94.474,20.244,85.9,0.0,448.896,0.0,0.0,0.0,5.737,0,-18.0,1.025,309.915,3.6950000000000003,37.14,35.536075592041016,4.98,0.0,0
47038,14.325000000000001,21.328,118.5,-1.0,448.956,0.0,0.0,0.0,5.737,0,-9.0,1.02,309.825,0.2639,38.550000000000004,35.536075592041016,4.98,0.0,0
47038,-18.588,22.246000000000002,65.10000000000001,0.0,448.77500000000003,0.0,0.0,0.0,5.737,0,-6.0,1.025,309.825,-0.6598,39.480000000000004,35.536075592041016,4.98,0.0,0
47038,-12.449,22.656000000000002,19.8,0.0,449.077,0.0,0.0,0.0,5.737,0,-16.0,1.035,309.825,-0.9897,40.410000000000004,35.536075592041016,4.98,0.0,0
47038,-5.2860000000000005,22.666,-8.6,0.0,449.258,0.0,0.0,0.0,5.737,0,-16.0,1.025,309.915,4.486800000000001,40.2,35.536075592041016,4.98,0.0,0
47038,-5.627,22.637,1.0,-1.0,449.319,0.0,0.0,0.0,5.737,0,-10.0,1.025,309.825,2.1114,40.71,35.536075592041016,4.98,0.0,0
47038,-4.945,22.646,0.0,-1.0,448.654,0.0,0.0,0.0,5.737,0,3.0,1.045,309.915,-0.6598,39.75,35.536075592041016,4.98,0.0,0
47038,-4.434,22.637,0.0,0.0,448.714,0.0,0.0,0.0,5.737,0,8.0,1.045,309.825,-3.1012,38.910000000000004,35.536075592041016,4.98,0.0,0
47038,-4.263,22.637,0.0,0.0,448.714,0.0,0.0,0.0,5.737,0,8.0,1.04,309.825,-2.4908,38.730000000000004,35.536075592041016,4.98,0.0,0
47038,-3.581,22.637,0.0,0.0,449.13800000000003,0.0,0.0,0.0,5.737,0,3.0,1.055,309.915,3.5466,38.07,35.536075592041016,4.98,0.0,0
47038,-2.728,22.637,-0.5,0.0,449.258,0.0,0.0,0.0,5.737,0,-2.0,1.0150000000000001,309.825,4.305400000000001,37.35,35.536075592041016,4.98,0.0,0
47038,-2.899,22.637,0.0,0.0,449.44,0.0,0.0,0.0,5.737,0,-1.0,1.0150000000000001,309.915,-1.2042000000000002,37.410000000000004,35.536075592041016,4.98,0.0,0
47038,-2.217,22.637,0.0,0.0,448.956,0.0,0.0,0.0,5.737,0,56.0,1.03,309.825,-1.9795,37.050000000000004,35.536075592041016,4.98,0.0,0
47038,-2.0460000000000003,22.637,-0.5,5.0,448.593,0.0,0.0,0.0,5.737,0,199.0,1.04,309.915,0.0495,36.84,35.536075592041016,4.98,0.0,0
47038,-1.0230000000000001,22.637,0.0,15.0,448.41200000000003,0.0,0.0,0.0,5.737,0,302.0,1.0150000000000001,309.915,1.2372,38.19,35.536075592041016,4.98,0.0,0
47038,0.341,22.646,0.0,30.0,448.77500000000003,0.0,0.0,0.0,5.737,0,375.0,1.025,309.825,1.5176,39.15,35.536075592041016,4.98,0.0,0
47038,1.8760000000000001,22.646,0.0,48.0,449.017,0.0,0.0,0.0,5.737,0,433.0,1.025,309.915,-1.4516,39.57,35.536075592041016,4.98,0.0,0
47038,3.7520000000000002,22.646,0.0,68.0,449.017,0.0,0.0,0.0,5.737,0,461.0,1.035,309.825,0.9402,39.72,35.536075592041016,4.98,0.0,0
47038,5.2860000000000005,22.646,0.5,90.0,448.956,0.0,0.0,0.0,5.737,0,508.0,1.105,309.825,-2.4413,38.64,35.536075592041016,4.98,0.0,0
47038,7.333,22.646,0.0,112.0,449.319,0.0,0.0,0.0,5.737,0,490.0,1.04,309.825,-0.8413,38.25,35.536075592041016,4.98,0.0,0
47038,8.697000000000001,22.646,0.0,134.0,449.13800000000003,0.0,0.0,0.0,5.737,0,480.0,1.035,309.825,1.6661000000000001,37.92,35.536075592041016,4.98,0.0,0
47038,9.209,22.646,0.0,154.0,448.654,0.0,0.0,0.0,5.737,0,431.0,1.07,309.825,-0.9897,37.53,35.536075592041016,4.98,0.0,0
47038,9.891,22.646,0.0,173.0,448.47200000000004,0.0,0.0,0.0,5.737,0,382.0,1.06,309.825,1.5341,37.74,35.536075592041016,4.98,0.0,0
47038,10.743,22.646,0.0,186.0,448.654,0.0,0.0,0.0,5.737,0,312.0,1.045,309.825,0.0,37.26,35.536075592041016,4.98,0.0,0
47038,10.914,22.646,0.0,197.0,448.654,0.0,0.0,0.0,5.737,0,242.0,1.03,309.825,-2.4249,36.96,35.536075592041016,4.98,0.0,0
47038,12.278,22.646,0.0,204.0,449.077,0.0,0.0,0.0,5.737,0,144.0,1.025,309.69,0.3547,36.54,35.536075592041016,4.98,0.0,0
47038,15.348,22.646,0.0,206.0,448.956,0.0,0.0,0.0,5.737,0,60.0,1.02,309.825,2.1527000000000003,38.04,35.536075592041016,4.98,0.0,0
47038,21.828,22.646,0.0,204.0,448.956,0.0,0.0,0.0,5.737,0,57.0,1.025,309.825,-2.3754,39.18,35.536075592041016,4.98,0.0,0
47038,27.455000000000002,22.656000000000002,2.5,201.0,449.379,0.0,0.0,0.0,5.737,0,81.0,1.035,309.825,0.39590000000000003,39.84,35.536075592041016,4.98,0.0,0
47038,31.036,22.695,6.1000000000000005,200.0,449.319,0.0,0.0,0.0,5.737,0,86.0,1.02,309.825,2.1774,39.57,35.536075592041016,4.98,0.0,0
47038,33.253,22.773,8.1,199.0,448.956,0.0,0.0,0.0,5.737,0,104.0,1.03,309.825,1.4516,39.72,35.536075592041016,4.98,0.0,0
47038,34.447,22.871000000000002,11.700000000000001,200.0,448.77500000000003,0.0,0.0,0.0,5.737,0,110.0,1.02,309.825,-2.4413,38.4,35.536075592041016,4.98,0.0,0
47038,33.935,22.998,13.200000000000001,200.0,448.896,0.0,0.0,0.0,5.737,0,105.0,1.02,309.69,-3.9342,37.980000000000004,35.536075592041016,4.98,0.0,0
47038,33.594,23.008000000000003,13.200000000000001,200.0,448.77500000000003,0.0,0.0,0.0,5.737,0,110.0,1.025,309.69,-4.486800000000001,37.89,35.536075592041016,4.98,0.0,0
47038,31.889,23.154,15.200000000000001,200.0,448.714,0.0,0.0,0.0,5.737,0,97.0,1.035,309.69,-3.0682,37.050000000000004,35.536075592041016,4.98,0.0,0
47038,29.672,23.301000000000002,15.200000000000001,200.0,448.77500000000003,0.0,0.0,0.0,5.737,0,104.0,1.0150000000000001,309.825,0.9238000000000001,36.87,35.536075592041016,4.98,0.0,0
47038,26.944,23.457,16.3,200.0,448.77500000000003,0.0,0.0,0.0,5.737,0,105.0,1.025,309.915,-0.6928000000000001,37.29,35.536075592041016,4.98,0.0,0
47038,24.556,23.613,15.700000000000001,200.0,448.83500000000004,0.0,0.0,0.0,5.737,0,101.0,1.05,309.915,5.1466,37.29,35.536075592041016,4.98,0.0,0
47038,22.339000000000002,23.77,15.200000000000001,200.0,448.956,0.0,0.0,0.0,5.737,0,112.0,1.065,309.69,3.5301,37.47,35.536075592041016,4.98,0.0,0
47038,21.146,23.916,13.700000000000001,200.0,448.47200000000004,0.0,0.0,0.0,5.737,0,101.0,1.04,309.69,-7.9179,37.71,35.536075592041016,4.98,0.0,0
47038,20.123,24.063000000000002,14.200000000000001,200.0,448.654,0.0,0.0,0.0,5.737,0,101.0,1.035,309.825,0.066,38.43,35.536075592041016,4.98,0.0,0
47038,19.952,24.199,13.700000000000001,200.0,448.533,0.0,0.0,0.0,5.737,0,101.0,1.04,309.825,0.39590000000000003,39.06,35.536075592041016,4.98,0.0,0
47038,19.611,24.336000000000002,13.700000000000001,200.0,448.593,0.0,0.0,0.0,5.737,0,107.0,1.03,309.825,-0.099,39.660000000000004,35.536075592041016,4.98,0.0,0
47038,19.099,24.473000000000003,13.200000000000001,200.0,448.714,0.0,0.0,0.0,5.737,0,99.0,1.0150000000000001,309.825,3.2991,39.51,35.536075592041016,4.98,0.0,0
47038,19.44,24.6,13.200000000000001,200.0,449.017,0.0,0.0,0.0,5.737,0,102.0,1.045,309.915,0.9897,39.33,35.536075592041016,4.98,0.0,0
47038,19.781,24.727,12.700000000000001,200.0,449.13800000000003,0.0,0.0,0.0,5.737,0,106.0,1.025,309.825,2.1114,38.67,35.536075592041016,4.98,0.0,0
47038,20.293,24.844,12.200000000000001,200.0,449.19800000000004,0.0,0.0,0.0,5.737,0,100.0,1.035,309.825,0.5279,37.86,35.536075592041016,4.98,0.0,0
47038,21.146,24.971,12.200000000000001,200.0,449.258,0.0,0.0,0.0,5.737,0,107.0,1.0150000000000001,309.825,-5.4106000000000005,37.47,35.536075592041016,4.98,0.0,0
47038,21.146,25.098000000000003,12.700000000000001,200.0,448.83500000000004,0.0,0.0,0.0,5.737,0,105.0,1.04,309.825,-3.9589000000000003,37.5,35.536075592041016,4.98,0.0,0
47038,21.828,25.225,12.700000000000001,200.0,448.654,0.0,0.0,0.0,5.737,0,100.0,1.025,309.825,1.5836000000000001,37.2,35.536075592041016,4.98,0.0,0
47038,21.828,25.352,12.700000000000001,200.0,448.654,0.0,0.0,0.0,5.737,0,100.0,1.02,309.825,3.1672000000000002,37.5,35.536075592041016,4.98,0.0,0
47038,21.998,25.479000000000003,12.700000000000001,200.0,448.77500000000003,0.0,0.0,0.0,5.737,0,115.0,1.025,309.825,0.2639,38.1,35.536075592041016,4.98,0.0,0
47038,21.828,25.615000000000002,13.700000000000001,200.0,448.654,0.0,0.0,0.0,5.737,0,104.0,1.0150000000000001,309.915,-0.066,38.88,35.536075592041016,4.98,0.0,0
47038,21.828,25.742,13.700000000000001,200.0,448.77500000000003,0.0,0.0,0.0,5.737,0,107.0,1.04,309.825,1.4516,38.82,35.536075592041016,4.98,0.0,0
47038,22.339000000000002,25.879,13.200000000000001,200.0,448.956,0.0,0.0,0.0,5.737,0,107.0,1.0050000000000001,309.825,1.8475000000000001,38.82,35.536075592041016,4.98,0.0,0
47038,22.339000000000002,25.889000000000003,13.200000000000001,200.0,448.956,0.0,0.0,0.0,5.737,0,106.0,1.0150000000000001,309.825,1.6496000000000002,38.76,35.536075592041016,4.98,0.0,0
47038,22.169,26.025000000000002,13.200000000000001,200.0,449.017,0.0,0.0,0.0,5.737,0,102.0,1.035,309.915,0.39590000000000003,38.64,35.536075592041016,4.98,0.0,0
47038,22.169,26.162000000000003,14.200000000000001,200.0,449.13800000000003,0.0,0.0,0.0,5.737,0,103.0,1.0150000000000001,309.825,1.0557,38.88,35.536075592041016,4.98,0.0,0
47038,21.998,26.299,13.200000000000001,200.0,448.896,0.0,0.0,0.0,5.737,0,110.0,1.035,309.69,-4.5280000000000005,39.06,35.536075592041016,4.98,0.0,0
47038,21.657,26.436,13.700000000000001,200.0,449.13800000000003,0.0,0.0,0.0,5.737,0,107.0,1.035,309.915,-2.5073000000000003,38.46,35.536075592041016,4.98,0.0,0
47038,21.657,26.563000000000002,13.200000000000001,200.0,449.017,0.0,0.0,0.0,5.737,0,104.0,1.045,309.915,3.2826,37.62,35.536075592041016,4.98,0.0,0
47038,21.657,26.699,13.700000000000001,200.0,449.017,0.0,0.0,0.0,5.737,0,111.0,1.035,309.825,2.4166000000000003,37.11,35.536075592041016,4.98,0.0,0
47038,21.316,26.836000000000002,13.200000000000001,200.0,449.017,0.0,0.0,0.0,5.737,0,107.0,1.035,309.69,-4.3796,36.72,35.536075592041016,4.98,0.0,0
47038,21.487000000000002,26.973000000000003,13.700000000000001,200.0,448.896,0.0,0.0,0.0,5.737,0,112.0,1.035,309.825,-2.9032,37.26,35.536075592041016,4.98,0.0,0
47038,21.487000000000002,27.109,13.700000000000001,200.0,449.319,0.0,0.0,0.0,5.737,0,105.0,1.025,309.825,0.9897,38.67,35.536075592041016,4.98,0.0,0
47038,21.146,27.246000000000002,13.700000000000001,200.0,449.319,0.0,0.0,0.0,5.737,0,114.0,1.025,309.915,4.2064,39.84,35.536075592041016,4.98,0.0,0
47038,21.487000000000002,27.383000000000003,13.200000000000001,200.0,449.017,0.0,0.0,0.0,5.737,0,108.0,1.08,309.825,2.7713,40.230000000000004,35.536075592041016,4.98,0.0,0
47038,21.487000000000002,27.52,13.700000000000001,200.0,449.5,0.0,0.0,0.0,5.737,0,115.0,1.045,309.825,-0.066,39.42,35.536075592041016,4.98,0.0,0
47038,21.487000000000002,27.656000000000002,13.700000000000001,200.0,449.44,0.0,0.0,0.0,5.737,0,109.0,1.03,309.825,-2.7548,39.0,35.536075592041016,4.98,0.0,0
47038,21.657,27.783,13.200000000000001,200.0,449.44,0.0,0.0,0.0,5.737,0,105.0,1.035,309.825,0.34640000000000004,38.61,35.536075592041016,4.98,0.0,0
47038,21.146,27.92,13.200000000000001,200.0,449.319,0.0,0.0,0.0,5.737,0,109.0,1.02,309.915,2.029,39.09,35.536075592041016,4.98,0.0,0
47038,21.657,28.057000000000002,13.700000000000001,200.0,448.956,0.0,0.0,0.0,5.737,0,114.0,1.03,309.915,-0.23920000000000002,39.15,35.536075592041016,4.98,0.0,0
47038,21.487000000000002,28.193,13.700000000000001,200.0,449.077,0.0,0.0,0.0,5.737,0,108.0,1.035,309.915,0.5773,39.27,35.536075592041016,4.98,0.0,0
47038,21.657,28.32,12.700000000000001,200.0,449.19800000000004,0.0,0.0,0.0,5.737,0,114.0,1.03,309.6,-3.2579000000000002,38.52,35.536075592041016,4.98,0.0,0
47038,21.657,28.457,13.700000000000001,200.0,449.017,0.0,0.0,0.0,5.737,0,112.0,1.03,309.825,-3.4806000000000004,38.22,35.536075592041016,4.98,0.0,0
47038,21.998,28.594,13.200000000000001,200.0,449.319,0.0,0.0,0.0,5.737,0,110.0,1.03,309.69,-2.2187,38.13,35.536075592041016,4.98,0.0,0
47038,21.998,28.73,13.700000000000001,200.0,449.017,0.0,0.0,-0.2,5.737,0,118.0,1.025,309.825,1.2124000000000001,39.03,35.536075592041016,4.98,0.0,0
47038,21.657,28.877000000000002,13.700000000000001,200.0,448.956,0.0,0.0,0.0,5.737,0,116.0,1.0150000000000001,309.825,-1.9135000000000002,40.47,35.536075592041016,4.98,0.0,0
47038,22.169,29.014000000000003,14.200000000000001,200.0,449.379,0.0,0.0,-0.2,5.737,0,108.0,1.035,309.825,-2.4661,40.89,35.536075592041016,4.98,0.0,0
47038,22.169,29.150000000000002,13.700000000000001,200.0,449.017,0.0,0.0,0.0,5.737,0,107.0,1.04,309.825,2.1527000000000003,40.2,35.536075592041016,4.98,0.0,0
47038,21.657,29.17,14.200000000000001,200.0,449.017,0.0,0.0,0.0,5.737,0,110.0,1.02,309.825,1.9795,40.11,35.536075592041016,4.98,0.0,0
47038,21.657,29.307000000000002,13.700000000000001,200.0,448.956,0.0,0.0,0.0,5.737,0,126.0,1.0150000000000001,309.915,4.9487000000000005,39.6,35.536075592041016,4.98,0.0,0
47038,21.657,29.453000000000003,13.200000000000001,200.0,449.13800000000003,0.0,0.0,0.0,5.737,0,121.0,1.025,309.915,0.6598,39.12,35.536075592041016,4.98,0.0,0
47038,21.657,29.59,14.200000000000001,200.0,449.13800000000003,0.0,0.0,0.0,5.737,0,115.0,1.0150000000000001,309.915,-1.3856000000000002,39.300000000000004,35.536075592041016,4.98,0.0,0
47038,21.487000000000002,29.727,13.200000000000001,200.0,449.13800000000003,0.0,0.0,-0.2,5.737,0,119.0,1.03,309.825,-0.2639,39.03,35.536075592041016,4.98,0.0,0
47038,21.657,29.873,14.200000000000001,200.0,449.319,0.0,0.0,0.0,5.737,0,123.0,1.03,309.69,1.2207000000000001,38.82,35.536075592041016,4.98,0.0,0
47038,21.316,30.01,13.200000000000001,200.0,449.319,0.0,0.0,0.0,5.737,0,109.0,1.0050000000000001,309.915,-1.1877,38.04,35.536075592041016,4.98,0.0,0
47038,21.487000000000002,30.156000000000002,14.200000000000001,200.0,449.379,0.0,0.0,0.0,5.737,0,124.0,1.03,309.69,-1.2207000000000001,38.37,35.536075592041016,4.98,0.0,0
47038,21.657,30.293000000000003,13.700000000000001,200.0,449.017,0.0,0.0,0.0,5.737,0,122.0,1.025,309.825,-0.9238000000000001,38.52,35.536075592041016,4.98,0.0,0
47038,21.316,30.439,13.700000000000001,200.0,449.13800000000003,0.0,0.0,0.0,5.737,0,117.0,1.0050000000000001,309.825,-1.2537,39.63,35.536075592041016,4.98,0.0,0
47038,21.316,30.576,14.200000000000001,200.0,449.379,0.0,0.0,0.2,5.737,0,122.0,1.03,309.825,4.7507,41.1,35.536075592041016,4.98,0.0,0
47038,21.657,30.713,13.700000000000001,200.0,449.13800000000003,0.0,0.0,0.0,5.737,0,123.0,1.01,309.69,-1.4846000000000001,41.07,35.536075592041016,4.98,0.0,0
47038,21.316,30.859,14.200000000000001,200.0,448.896,0.0,0.0,0.0,5.737,0,118.0,1.03,309.69,-3.9589000000000003,40.29,35.536075592041016,4.98,0.0,0
47038,21.146,30.996000000000002,14.200000000000001,200.0,449.13800000000003,0.0,0.0,0.0,5.737,0,129.0,1.02,309.69,-3.0682,39.15,35.536075592041016,4.98,0.0,0
47038,21.487000000000002,31.133000000000003,13.700000000000001,200.0,448.956,0.0,0.0,0.0,5.737,0,126.0,1.06,309.915,5.0147,38.730000000000004,35.536075592041016,4.98,0.0,0
47038,21.487000000000002,31.279,14.200000000000001,200.0,449.017,0.0,0.0,0.0,5.737,0,121.0,1.05,309.825,3.8600000000000003,38.550000000000004,35.536075592041016,4.98,0.0,0
47038,21.487000000000002,31.416,13.700000000000001,200.0,449.19800000000004,0.0,0.0,0.0,5.737,0,125.0,1.01,309.825,2.6393,38.28,35.536075592041016,4.98,0.0,0
47038,21.316,31.553,13.700000000000001,200.0,448.956,0.0,0.0,0.0,5.737,0,126.0,1.045,309.825,-0.9897,38.31,35.536075592041016,4.98,0.0,0
47038,21.487000000000002,31.699,14.200000000000001,200.0,449.19800000000004,0.0,0.0,0.0,5.737,0,121.0,1.0150000000000001,309.825,-1.3196,38.31,35.536075592041016,4.98,0.0,0
47038,21.316,31.836000000000002,14.200000000000001,201.0,449.258,0.0,0.0,0.0,5.737,0,120.0,1.0150000000000001,309.825,0.0,38.550000000000004,35.536075592041016,4.98,0.0,0
47038,21.657,31.973000000000003,13.700000000000001,200.0,448.956,0.0,0.0,0.0,5.737,0,126.0,1.05,309.825,-1.9795,38.94,35.536075592041016,4.98,0.0,0
47038,21.657,32.109,13.200000000000001,200.0,448.896,0.0,0.0,0.0,5.737,0,117.0,1.03,309.825,-1.3196,38.94,35.536075592041016,4.98,0.0,0
47038,21.316,32.129000000000005,13.200000000000001,200.0,448.896,0.0,0.0,0.0,5.737,0,117.0,1.025,309.825,-1.0557,39.06,35.536075592041016,4.98,0.0,0
47038,21.828,32.266,13.700000000000001,200.0,449.13800000000003,0.0,0.0,0.0,5.737,0,126.0,1.02,309.825,1.5836000000000001,40.230000000000004,35.536075592041016,4.98,0.0,0
47038,21.657,32.402,14.200000000000001,200.0,449.017,0.0,0.0,-0.2,5.737,0,129.0,1.02,309.825,0.066,40.38,35.536075592041016,4.98,0.0,0
47038,21.657,32.539,13.700000000000001,200.0,449.13800000000003,0.0,0.0,0.0,5.737,0,126.0,1.04,309.69,0.42060000000000003,40.5,35.536075592041016,4.98,0.0,0
47038,21.828,32.686,13.700000000000001,200.0,449.44,0.0,0.0,0.0,5.737,0,121.0,1.025,309.825,-3.6950000000000003,40.29,35.536075592041016,4.98,0.0,0
47038,21.828,32.822,14.200000000000001,200.0,449.44,0.0,0.0,0.0,5.737,0,131.0,1.02,309.69,-3.6043000000000003,39.42,35.536075592041016,4.98,0.0,0
47038,21.998,32.969,14.200000000000001,200.0,449.13800000000003,0.0,0.0,0.0,5.737,0,129.0,1.04,309.825,3.1672000000000002,38.85,35.536075592041016,4.98,0.0,0
47038,21.998,33.115,15.200000000000001,200.0,449.077,0.0,0.0,0.0,5.737,0,122.0,1.02,309.825,-1.5836000000000001,38.28,35.536075592041016,4.98,0.0,0
47038,21.828,33.262,14.700000000000001,200.0,448.956,0.0,0.0,0.0,5.737,0,131.0,1.03,309.69,0.0247,38.19,35.536075592041016,4.98,0.0,0
47038,21.657,33.398,13.700000000000001,200.0,449.19800000000004,0.0,0.0,0.0,5.737,0,140.0,1.02,309.69,1.8063,38.37,35.536075592041016,4.98,0.0,0
47038,21.828,33.545,13.700000000000001,200.0,448.956,0.0,0.0,0.0,5.737,0,121.0,1.035,309.69,-3.9589000000000003,39.18,35.536075592041016,4.98,0.0,0
47038,21.146,33.691,14.700000000000001,200.0,449.19800000000004,0.0,0.0,0.0,5.737,0,124.0,1.025,309.69,-0.9897,39.78,35.536075592041016,4.98,0.0,0
47038,21.657,33.828,14.200000000000001,200.0,449.379,0.0,0.0,0.0,5.737,0,137.0,1.025,309.69,2.0042,40.17,35.536075592041016,4.98,0.0,0
47038,21.657,33.975,13.700000000000001,200.0,449.077,0.0,0.0,0.0,5.737,0,131.0,1.0050000000000001,309.825,5.6497,40.53,35.536075592041016,4.98,0.0,0
47038,21.487000000000002,34.121,14.200000000000001,200.0,449.13800000000003,0.0,0.0,0.0,5.737,0,134.0,1.0150000000000001,309.69,-0.37120000000000003,41.1,35.536075592041016,4.98,0.0,0
47038,21.657,34.258,13.700000000000001,200.0,449.319,0.0,0.0,0.0,5.737,0,127.0,1.02,309.825,-2.5321000000000002,41.22,35.536075592041016,4.98,0.0,0
47038,21.487000000000002,34.404,14.200000000000001,200.0,449.258,0.0,0.0,0.0,5.737,0,128.0,1.03,309.915,3.1012,40.410000000000004,35.536075592041016,4.98,0.0,0
47038,21.487000000000002,34.551,14.200000000000001,200.0,449.319,0.0,0.0,0.0,5.737,0,131.0,1.055,309.825,5.9137,39.27,35.536075592041016,4.98,0.0,0
47038,21.316,34.697,14.200000000000001,200.0,449.13800000000003,0.0,0.0,0.0,5.737,0,125.0,1.035,309.915,1.9382000000000001,38.19,35.536075592041016,4.98,0.0,0
47038,21.657,34.707,14.700000000000001,200.0,449.258,0.0,0.0,0.0,5.737,0,135.0,1.03,309.915,1.3196,38.160000000000004,35.536075592041016,4.98,0.0,0
47038,21.316,34.854,14.700000000000001,200.0,449.44,0.0,0.0,0.0,5.737,0,131.0,1.01,309.825,-1.5176,38.22,35.536075592041016,4.98,0.0,0
47038,21.316,34.99,13.200000000000001,201.0,449.19800000000004,0.0,0.0,0.0,5.737,0,124.0,1.06,309.825,-0.7918000000000001,37.95,35.536075592041016,4.98,0.0,0
47038,21.828,35.137,14.200000000000001,200.0,449.077,0.0,0.0,0.0,5.737,0,139.0,1.03,309.915,-2.3754,38.37,35.536075592041016,4.98,0.0,0
47038,21.487000000000002,35.273,14.200000000000001,200.0,448.896,0.0,0.0,0.0,5.737,0,135.0,1.025,309.825,-1.5836000000000001,39.84,35.536075592041016,4.98,0.0,0
47038,21.657,35.42,15.200000000000001,200.0,449.13800000000003,0.0,0.0,0.0,5.737,0,126.0,1.03,309.69,-2.8043,40.56,35.536075592041016,4.98,0.0,0
47038,21.657,35.557,13.200000000000001,200.0,449.13800000000003,0.0,0.0,0.0,5.737,0,136.0,1.01,309.825,-1.4516,40.410000000000004,35.536075592041016,4.98,0.0,0
47038,21.316,35.703,14.200000000000001,200.0,449.13800000000003,0.0,0.0,0.0,5.737,0,135.0,1.01,309.69,-3.0682,40.08,35.536075592041016,4.98,0.0,0
47038,21.146,35.84,13.700000000000001,200.0,449.13800000000003,0.0,0.0,0.0,5.737,0,131.0,1.0150000000000001,309.825,-0.39590000000000003,40.2,35.536075592041016,4.98,0.0,0
47038,20.975,35.986000000000004,14.200000000000001,200.0,449.017,0.0,0.0,0.0,5.737,0,135.0,1.025,309.825,3.6950000000000003,39.96,35.536075592041016,4.98,0.0,0
47038,20.975,36.123000000000005,13.200000000000001,200.0,449.19800000000004,0.0,0.0,0.0,5.737,0,130.0,1.04,309.825,5.6745,39.93,35.536075592041016,4.98,0.0,0
47038,21.316,36.260000000000005,13.200000000000001,200.0,449.13800000000003,0.0,0.0,0.0,5.737,0,133.0,1.045,309.915,3.8930000000000002,39.09,35.536075592041016,4.98,0.0,0
47038,21.316,36.406,14.200000000000001,200.0,449.077,0.0,0.0,0.0,5.737,0,135.0,1.02,309.69,-1.9795,38.07,35.536075592041016,4.98,0.0,0
47038,21.316,36.543,14.200000000000001,200.0,449.13800000000003,0.0,0.0,0.0,5.737,0,138.0,1.02,309.825,0.2639,36.75,35.536075592041016,4.98,0.0,0
47038,21.828,36.68,13.700000000000001,200.0,449.319,0.0,0.0,0.0,5.737,0,126.0,1.03,309.825,-0.39590000000000003,36.72,35.536075592041016,4.98,0.0,0
47038,21.657,36.826,14.700000000000001,200.0,449.5,0.0,0.0,0.0,5.737,0,134.0,1.0150000000000001,309.69,-1.0557,38.19,35.536075592041016,4.98,0.0,0
47038,22.339000000000002,36.963,14.700000000000001,200.0,449.13800000000003,0.0,0.0,0.0,5.737,0,138.0,1.03,309.825,-1.1877,39.99,35.536075592041016,4.98,0.0,0
47038,21.828,37.109,13.700000000000001,200.0,449.13800000000003,0.0,0.0,0.0,5.737,0,129.0,0.99,309.69,-0.6928000000000001,39.99,35.536075592041016,4.98,0.0,0
47038,21.998,37.256,14.200000000000001,200.0,448.83500000000004,0.0,0.0,0.0,5.737,0,139.0,1.04,309.825,0.2639,40.74,35.536075592041016,4.98,0.0,0
47038,23.192,37.402,14.700000000000001,200.0,449.017,0.0,0.0,0.0,5.737,0,135.0,1.04,309.915,3.1012,40.44,35.536075592041016,4.98,0.0,0
47038,22.169,37.559000000000005,15.200000000000001,200.0,449.077,0.0,0.0,0.2,5.737,0,131.0,1.025,309.825,5.5425,39.81,35.536075592041016,4.98,0.0,0
47038,21.316,37.705,14.200000000000001,200.0,449.19800000000004,0.0,0.0,0.0,5.737,0,143.0,0.96,309.69,-2.0125,39.300000000000004,35.536075592041016,4.98,0.0,0
47038,21.316,37.852000000000004,14.700000000000001,200.0,449.13800000000003,0.0,0.0,0.0,5.737,0,136.0,1.045,309.69,-5.806500000000001,38.79,35.536075592041016,4.98,0.0,0
47038,20.975,37.998000000000005,14.200000000000001,200.0,449.19800000000004,0.0,0.0,0.0,5.737,0,129.0,1.05,309.825,0.0,37.800000000000004,35.536075592041016,4.98,0.0,0
47038,21.657,38.145,14.700000000000001,200.0,449.13800000000003,0.0,0.0,0.0,5.737,0,141.0,1.0150000000000001,309.915,5.806500000000001,38.01,35.536075592041016,4.98,0.0,0
47038,21.146,38.154,14.200000000000001,200.0,449.13800000000003,0.0,0.0,0.0,5.737,0,137.0,1.025,309.825,5.2538,37.95,35.536075592041016,4.98,0.0,0
47038,21.657,38.301,15.200000000000001,200.0,448.83500000000004,0.0,0.0,0.0,5.737,0,141.0,1.025,309.825,2.6146000000000003,37.59,35.536075592041016,4.98,0.0,0
47038,21.316,38.447,14.700000000000001,200.0,448.533,0.0,0.0,0.0,5.737,0,139.0,0.965,309.825,-0.7918000000000001,36.81,35.536075592041016,4.98,0.0,0
47038,21.487000000000002,38.594,15.200000000000001,200.0,448.593,0.0,0.0,0.0,5.737,0,136.0,1.0,309.69,-6.029100000000001,37.95,35.536075592041016,4.98,0.0,0
47038,21.146,38.74,13.700000000000001,200.0,448.956,0.0,0.0,0.0,5.737,0,143.0,1.02,309.825,-5.5425,39.27,35.536075592041016,4.98,0.0,0
47038,21.487000000000002,38.887,13.700000000000001,200.0,448.896,0.0,0.0,0.0,5.737,0,133.0,1.0,309.69,0.2227,40.050000000000004,35.536075592041016,4.98,0.0,0
47038,21.487000000000002,39.033,14.200000000000001,200.0,448.77500000000003,0.0,0.0,0.0,5.737,0,143.0,1.055,309.915,3.4558,39.9,35.536075592041016,4.98,0.0,0
47038,21.316,39.18,15.200000000000001,200.0,449.13800000000003,0.0,0.0,0.0,5.737,0,142.0,1.02,309.69,-1.4516,39.84,35.536075592041016,4.98,0.0,0
47038,20.975,39.326,14.700000000000001,200.0,449.319,0.0,0.0,0.0,5.737,0,146.0,1.025,309.69,1.9795,39.42,35.536075592041016,4.98,0.0,0
47038,21.316,39.463,14.700000000000001,200.0,449.258,0.0,0.0,0.0,5.737,0,139.0,1.04,309.825,-2.5073000000000003,39.87,35.536075592041016,4.98,0.0,0
47038,21.146,39.609,13.700000000000001,200.0,448.896,0.0,0.0,0.0,5.737,0,150.0,1.0050000000000001,309.69,-0.7918000000000001,39.9,35.536075592041016,4.98,0.0,0
47038,21.146,39.756,13.200000000000001,200.0,448.956,0.0,0.0,0.0,5.737,0,144.0,0.98,309.69,0.2227,38.82,35.536075592041016,4.98,0.0,0
47038,21.316,39.902,14.700000000000001,200.0,448.956,0.0,0.0,0.0,5.737,0,134.0,1.025,309.915,-0.28040000000000004,38.4,35.536075592041016,4.98,0.0,0
47038,21.487000000000002,40.039,14.200000000000001,200.0,449.13800000000003,0.0,0.0,0.0,5.737,0,142.0,1.0050000000000001,309.825,5.4518,37.14,35.536075592041016,4.98,0.0,0
47038,21.487000000000002,40.186,14.200000000000001,200.0,449.077,0.0,0.0,0.0,5.737,0,137.0,1.0050000000000001,309.825,5.6497,36.75,35.536075592041016,4.98,0.0,0
47038,21.146,40.322,14.700000000000001,200.0,449.077,0.0,0.0,0.0,5.737,0,140.0,1.03,309.69,-5.6497,38.52,35.536075592041016,4.98,0.0,0
47038,21.487000000000002,40.469,14.700000000000001,200.0,448.714,0.0,0.0,0.0,5.737,0,140.0,1.0,309.825,-4.6848,39.81,35.536075592041016,4.98,0.0,0
47038,21.316,40.615,14.700000000000001,200.0,448.896,0.0,0.0,0.0,5.737,0,140.0,1.04,309.69,-0.48660000000000003,40.53,35.536075592041016,4.98,0.0,0
47038,21.657,40.752,14.700000000000001,200.0,448.956,0.0,0.0,0.0,5.737,0,136.0,1.0,309.915,3.0599000000000003,40.44,35.536075592041016,4.98,0.0,0
47038,21.316,40.898,14.700000000000001,200.0,448.47200000000004,0.0,0.0,0.0,5.737,0,145.0,1.0,309.825,2.6805000000000003,39.78,35.536075592041016,4.98,0.0,0
47038,21.657,41.045,14.200000000000001,200.0,448.47200000000004,0.0,0.0,0.0,5.737,0,140.0,1.0150000000000001,309.69,2.1774,38.61,35.536075592041016,4.98,0.0,0
47038,21.657,41.182,14.700000000000001,200.0,448.654,0.0,0.0,0.0,5.737,0,138.0,1.0150000000000001,309.825,-3.2331000000000003,37.89,35.536075592041016,4.98,0.0,0
47038,21.828,41.328,13.700000000000001,200.0,449.258,0.0,0.0,0.0,5.737,0,143.0,1.025,309.825,-3.4311000000000003,37.38,35.536075592041016,4.98,0.0,0
47038,21.998,41.475,14.700000000000001,200.0,449.19800000000004,0.0,0.0,0.0,5.737,0,145.0,1.055,309.915,3.4146,37.95,35.536075592041016,4.98,0.0,0
47038,21.828,41.621,15.200000000000001,200.0,449.017,0.0,0.0,0.0,5.737,0,137.0,1.01,309.69,2.4661,38.1,35.536075592041016,4.98,0.0,0
47038,21.828,41.768,15.200000000000001,200.0,448.77500000000003,0.0,0.0,0.0,5.737,0,147.0,1.01,309.69,-3.563,37.32,35.536075592041016,4.98,0.0,0
47038,21.998,41.924,14.200000000000001,200.0,449.13800000000003,0.0,0.0,0.0,5.737,0,146.0,1.0,309.825,-5.0641,37.02,35.536075592041016,4.98,0.0,0
47038,21.828,42.07,14.200000000000001,200.0,449.19800000000004,0.0,0.0,0.0,5.737,0,138.0,1.02,309.825,3.761,37.980000000000004,35.536075592041016,4.98,0.0,0
47038,21.828,42.217,14.200000000000001,200.0,449.19800000000004,0.0,0.0,0.0,5.737,0,150.0,1.0150000000000001,309.825,-1.2124000000000001,39.93,35.536075592041016,4.98,0.0,0
47038,21.657,42.363,15.200000000000001,200.0,449.017,0.0,0.0,0.0,5.737,0,137.0,1.0150000000000001,309.825,-0.2639,41.07,35.536075592041016,4.98,0.0,0
47038,21.657,42.52,14.200000000000001,200.0,448.83500000000004,0.0,0.0,0.0,5.737,0,139.0,1.02,309.69,5.435300000000001,40.38,35.536075592041016,4.98,0.0,0
47038,21.657,42.529,14.700000000000001,200.0,448.83500000000004,0.0,0.0,0.0,5.737,0,145.0,1.02,309.69,5.1136,40.410000000000004,35.536075592041016,4.98,0.0,0
47038,21.657,42.676,15.200000000000001,200.0,448.956,0.0,0.0,0.0,5.737,0,144.0,0.98,309.69,-4.2229,40.26,35.536075592041016,4.98,0.0,0
47038,21.487000000000002,42.832,15.700000000000001,200.0,449.13800000000003,0.0,0.0,0.0,5.737,0,153.0,0.985,309.825,-1.5836000000000001,39.39,35.536075592041016,4.98,0.0,0
47038,21.998,42.979,14.700000000000001,200.0,449.379,0.0,0.0,0.0,5.737,0,149.0,1.02,309.825,1.9795,38.34,35.536075592041016,4.98,0.0,0
47038,21.487000000000002,43.135000000000005,14.700000000000001,200.0,448.956,0.0,0.0,0.0,5.737,0,150.0,0.99,309.915,0.8908,37.77,35.536075592041016,4.98,0.0,0
47038,21.657,43.281,14.700000000000001,200.0,448.593,0.0,0.0,0.0,5.737,0,156.0,1.035,309.825,1.1877,36.9,35.536075592041016,4.98,0.0,0
47038,21.657,43.438,14.700000000000001,200.0,448.714,0.0,0.0,0.0,5.737,0,149.0,1.0050000000000001,309.915,2.8372,37.86,35.536075592041016,4.98,0.0,0
47038,21.487000000000002,43.584,15.200000000000001,200.0,448.714,0.0,0.0,0.0,5.737,0,148.0,0.99,309.825,-1.0557,38.07,35.536075592041016,4.98,0.0,0
47038,20.975,43.730000000000004,14.700000000000001,200.0,448.714,0.0,0.0,0.0,5.737,0,157.0,0.9400000000000001,309.915,2.0455,38.31,35.536075592041016,4.98,0.0,0
47038,20.805,43.877,14.700000000000001,200.0,448.956,0.0,0.0,0.0,5.737,0,144.0,0.985,309.825,-0.7918000000000001,39.03,35.536075592041016,4.98,0.0,0
47038,20.975,44.023,14.700000000000001,200.0,449.13800000000003,0.0,0.0,0.0,5.737,0,151.0,0.99,309.69,-3.0682,39.75,35.536075592041016,4.98,0.0,0
47038,21.657,44.17,14.200000000000001,200.0,448.956,0.0,0.0,0.0,5.737,0,151.0,0.995,309.69,-3.8270000000000004,40.53,35.536075592041016,4.98,0.0,0
47038,21.146,44.316,14.700000000000001,200.0,449.017,0.0,0.0,0.0,5.737,0,141.0,0.975,309.825,-1.5836000000000001,41.1,35.536075592041016,4.98,0.0,0
47038,21.316,44.463,15.200000000000001,200.0,449.13800000000003,0.0,0.0,0.0,5.737,0,147.0,0.99,309.825,4.3548,40.74,35.536075592041016,4.98,0.0,0
47038,21.657,44.609,14.700000000000001,200.0,449.017,0.0,0.0,0.0,5.737,0,148.0,0.995,309.69,2.3754,39.99,35.536075592041016,4.98,0.0,0
47038,21.316,44.756,13.700000000000001,200.0,448.41200000000003,0.0,0.0,0.0,5.737,0,147.0,0.985,309.825,-3.1672000000000002,40.11,35.536075592041016,4.98,0.0,0
47038,21.146,44.902,14.700000000000001,200.0,448.654,0.0,0.0,0.0,5.737,0,151.0,0.985,309.69,0.8908,39.15,35.536075592041016,4.98,0.0,0
47038,21.657,45.049,14.200000000000001,200.0,449.258,0.0,0.0,0.0,5.737,0,155.0,1.025,309.915,6.9941,38.160000000000004,35.536075592041016,4.98,0.0,0
47038,21.657,45.195,14.200000000000001,200.0,449.258,0.0,0.0,0.0,5.737,0,149.0,0.985,309.825,0.2639,38.28,35.536075592041016,4.98,0.0,0
47038,21.487000000000002,45.342,14.200000000000001,200.0,449.13800000000003,0.0,0.0,0.0,5.737,0,148.0,1.0050000000000001,309.69,-2.1114,38.31,35.536075592041016,4.98,0.0,0
47038,21.657,45.488,14.200000000000001,200.0,449.258,0.0,0.0,0.0,5.737,0,154.0,0.995,309.825,-3.3651,38.58,35.536075592041016,4.98,0.0,0
47038,21.657,45.635000000000005,14.700000000000001,200.0,449.319,0.0,0.0,0.0,5.737,0,150.0,0.99,309.6,-3.0352,39.39,35.536075592041016,4.98,0.0,0
47038,21.657,45.645,15.200000000000001,200.0,449.319,0.0,0.0,0.0,5.737,0,151.0,1.02,309.825,-2.3094,39.45,35.536075592041016,4.98,0.0,0
47038,21.316,45.791000000000004,14.700000000000001,200.0,449.077,0.0,0.0,0.0,5.737,0,151.0,1.02,309.915,3.7857000000000003,39.96,35.536075592041016,4.98,0.0,0
47038,21.657,45.938,14.200000000000001,200.0,449.258,0.0,0.0,0.0,5.737,0,151.0,0.99,309.69,2.2022,40.38,35.536075592041016,4.98,0.0,0
47038,22.169,46.094,15.200000000000001,200.0,449.258,0.0,0.0,0.0,5.737,0,157.0,0.98,309.825,-0.767,40.230000000000004,35.536075592041016,4.98,0.0,0
47038,21.657,46.24,14.200000000000001,200.0,448.956,0.0,0.0,0.0,5.737,0,145.0,0.985,309.69,-4.1816,40.53,35.536075592041016,4.98,0.0,0
47038,21.657,46.396,15.700000000000001,200.0,449.017,0.0,0.0,0.0,5.737,0,153.0,0.98,309.825,0.5938,40.38,35.536075592041016,4.98,0.0,0
47038,21.998,46.543,15.200000000000001,200.0,448.896,0.0,0.0,0.0,5.737,0,158.0,0.98,309.825,1.9795,39.72,35.536075592041016,4.98,0.0,0
47038,21.998,46.699000000000005,14.700000000000001,200.0,448.956,0.0,0.0,0.0,5.737,0,150.0,0.975,309.69,-0.9897,38.67,35.536075592041016,4.98,0.0,0
47038,21.657,46.855000000000004,14.700000000000001,200.0,448.83500000000004,0.0,0.0,0.0,5.737,0,157.0,0.995,309.825,-5.5425,37.86,35.536075592041016,4.98,0.0,0
47038,21.657,47.002,15.200000000000001,200.0,448.956,0.0,0.0,0.0,5.737,0,157.0,0.995,309.825,0.19790000000000002,38.22,35.536075592041016,4.98,0.0,0
47038,21.828,47.158,15.200000000000001,200.0,448.956,0.0,0.0,-0.2,5.737,0,147.0,0.99,309.915,6.029100000000001,38.31,35.536075592041016,4.98,0.0,0
47038,21.487000000000002,47.314,14.700000000000001,200.0,448.956,0.0,0.0,0.0,5.737,0,152.0,1.01,309.825,1.2949000000000002,38.97,35.536075592041016,4.98,0.0,0
47038,21.487000000000002,47.471000000000004,14.700000000000001,200.0,448.896,0.0,0.0,0.0,5.737,0,159.0,0.975,309.69,-3.9342,39.54,35.536075592041016,4.98,0.0,0
47038,21.146,47.617000000000004,14.700000000000001,200.0,449.017,0.0,0.0,0.0,5.737,0,152.0,0.98,309.825,-4.0909,39.51,35.536075592041016,4.98,0.0,0
47038,21.146,47.773,15.700000000000001,200.0,448.956,0.0,0.0,0.0,5.737,0,156.0,1.0,309.69,-0.767,40.08,35.536075592041016,4.98,0.0,0
47038,21.316,47.93,15.200000000000001,200.0,449.19800000000004,0.0,0.0,0.0,5.737,0,160.0,0.9550000000000001,309.825,3.9342,40.11,35.536075592041016,4.98,0.0,0
47038,21.146,48.076,14.200000000000001,200.0,449.5,0.0,0.0,0.0,5.737,0,153.0,0.97,309.825,3.9589000000000003,39.96,35.536075592041016,4.98,0.0,0
47038,20.805,48.232,15.200000000000001,200.0,449.077,0.0,0.0,0.0,5.737,0,153.0,0.975,309.825,0.2639,40.65,35.536075592041016,4.98,0.0,0
47038,21.146,48.379000000000005,15.200000000000001,200.0,449.5,0.0,0.0,0.0,5.737,0,163.0,0.98,309.825,-1.6496000000000002,40.14,35.536075592041016,4.98,0.0,0
47038,21.487000000000002,48.535000000000004,14.700000000000001,200.0,449.379,0.0,0.0,0.0,5.737,0,150.0,0.975,309.915,3.2166,37.89,35.536075592041016,4.98,0.0,0
47038,21.146,48.682,15.200000000000001,200.0,449.017,0.0,0.0,0.0,5.737,0,166.0,0.99,309.69,-4.4621,37.59,35.536075592041016,4.98,0.0,0
47038,21.657,48.828,15.200000000000001,200.0,449.017,0.0,0.0,0.0,5.737,0,159.0,0.985,309.825,-2.4413,37.26,35.536075592041016,4.98,0.0,0
47038,20.975,48.984,15.200000000000001,200.0,449.319,0.0,0.0,0.0,5.737,0,158.0,0.975,309.825,0.9402,37.71,35.536075592041016,4.98,0.0,0
47038,21.487000000000002,49.131,15.200000000000001,200.0,449.379,0.0,0.0,0.0,5.737,0,152.0,1.02,309.825,3.5383,39.6,35.536075592041016,4.98,0.0,0
47038,21.657,49.277,15.200000000000001,200.0,448.956,0.0,0.0,0.0,5.737,0,159.0,0.99,309.825,-0.39590000000000003,41.04,35.536075592041016,4.98,0.0,0
47038,21.487000000000002,49.434000000000005,14.700000000000001,200.0,449.5,0.0,0.0,0.0,5.737,0,151.0,0.965,309.825,0.8578,40.980000000000004,35.536075592041016,4.98,0.0,0
47038,21.487000000000002,49.580000000000005,14.700000000000001,200.0,449.258,0.0,0.0,0.0,5.737,0,159.0,0.98,309.825,1.4516,40.230000000000004,35.536075592041016,4.98,0.0,0
47038,21.657,49.727000000000004,15.200000000000001,200.0,449.19800000000004,0.0,0.0,0.0,5.737,0,157.0,0.96,309.69,-0.5279,39.99,35.536075592041016,4.98,0.0,0
47038,21.487000000000002,49.883,15.200000000000001,200.0,449.319,0.0,0.0,0.0,5.737,0,146.0,1.0,309.69,-0.37120000000000003,39.27,35.536075592041016,4.98,0.0,0
47038,21.657,50.029,15.700000000000001,200.0,449.19800000000004,0.0,0.0,0.0,5.737,0,159.0,0.9500000000000001,309.825,-2.0949,39.6,35.536075592041016,4.98,0.0,0
47038,21.657,50.176,15.200000000000001,200.0,449.13800000000003,0.0,0.0,0.0,5.737,0,160.0,0.99,309.915,-1.097,39.57,35.536075592041016,4.98,0.0,0
47038,21.657,50.195,15.700000000000001,200.0,449.13800000000003,0.0,0.0,0.0,5.737,0,159.0,1.0050000000000001,309.915,-0.6928000000000001,39.480000000000004,35.536075592041016,4.98,0.0,0
47038,21.487000000000002,50.342000000000006,14.200000000000001,200.0,449.13800000000003,0.0,0.0,0.0,5.737,0,164.0,1.0050000000000001,309.825,4.8827,39.12,35.536075592041016,4.98,0.0,0
47038,21.657,50.498000000000005,14.700000000000001,200.0,449.44,0.0,0.0,0.0,5.737,0,150.0,0.915,309.69,1.9465000000000001,37.86,35.536075592041016,4.98,0.0,0
47038,21.998,50.654,15.700000000000001,200.0,449.56100000000004,0.0,0.0,0.0,5.737,0,160.0,0.9500000000000001,309.825,-4.3548,37.800000000000004,35.536075592041016,4.98,0.0,0
47038,21.998,50.801,15.200000000000001,200.0,449.13800000000003,0.0,0.0,0.0,5.737,0,158.0,0.96,309.825,-0.5279,38.04,35.536075592041016,4.98,0.0,0
47038,21.487000000000002,50.957,15.200000000000001,200.0,449.258,0.0,0.0,0.0,5.737,0,160.0,0.9550000000000001,309.69,-0.6598,39.480000000000004,35.536075592041016,4.98,0.0,0
47038,21.657,51.113,15.700000000000001,200.0,448.956,0.0,0.0,0.0,5.737,0,161.0,0.965,309.825,-2.1114,40.53,35.536075592041016,4.98,0.0,0
47038,21.657,51.27,15.700000000000001,200.0,449.19800000000004,0.0,0.0,0.0,5.737,0,151.0,0.925,309.915,0.39590000000000003,40.62,35.536075592041016,4.98,0.0,0
47038,21.657,51.416000000000004,15.200000000000001,200.0,448.896,0.0,0.0,0.0,5.737,0,155.0,0.88,309.825,2.0125,40.29,35.536075592041016,4.98,0.0,0
47038,21.998,51.572,16.7,200.0,448.896,0.0,0.0,0.0,5.737,0,157.0,0.93,309.69,-3.563,39.75,35.536075592041016,4.98,0.0,0
47038,21.828,51.729,15.700000000000001,200.0,449.077,0.0,0.0,0.0,5.737,0,162.0,0.9400000000000001,310.005,-2.4413,39.27,35.536075592041016,4.98,0.0,0
47038,21.998,51.885000000000005,15.200000000000001,200.0,448.77500000000003,0.0,0.0,0.0,5.737,0,153.0,0.925,309.915,5.2786,39.63,35.536075592041016,4.98,0.0,0
47038,21.657,52.051,15.700000000000001,200.0,448.77500000000003,0.0,0.0,0.0,5.737,0,158.0,0.9,309.69,1.8475000000000001,39.93,35.536075592041016,4.98,0.0,0
47038,21.657,52.207,15.700000000000001,200.0,448.956,0.0,0.0,0.0,5.737,0,168.0,0.9450000000000001,309.69,-4.7507,38.25,35.536075592041016,4.98,0.0,0
47038,22.51,52.363,15.200000000000001,200.0,449.017,0.0,0.0,0.0,5.737,0,154.0,0.9450000000000001,309.825,-0.9897,37.11,35.536075592041016,4.98,0.0,0
47038,22.51,52.52,16.7,200.0,449.077,0.0,0.0,0.0,5.737,0,165.0,0.915,309.825,3.563,36.18,35.536075592041016,4.98,0.0,0
47038,21.487000000000002,52.686,15.700000000000001,200.0,448.956,0.0,0.0,0.0,5.737,0,159.0,0.925,309.69,-2.3754,37.74,35.536075592041016,4.98,0.0,0
47038,20.975,52.842000000000006,14.200000000000001,200.0,449.13800000000003,0.0,0.0,0.0,5.737,0,155.0,0.9,309.69,-7.258100000000001,39.51,35.536075592041016,4.98,0.0,0
47038,21.146,52.998000000000005,14.700000000000001,200.0,449.319,0.0,0.0,0.0,5.737,0,161.0,0.915,309.825,0.0,40.980000000000004,35.536075592041016,4.98,0.0,0
47038,20.464000000000002,53.018,15.200000000000001,200.0,449.319,0.0,0.0,0.0,5.737,0,157.0,0.905,309.825,1.3196,41.07,35.536075592041016,4.98,0.0,0
47038,20.975,53.174,14.700000000000001,200.0,449.319,0.0,0.0,0.0,5.737,0,159.0,0.87,309.825,3.6043000000000003,41.34,35.536075592041016,4.98,0.0,0
47038,20.975,53.330000000000005,15.200000000000001,200.0,449.5,0.0,0.0,0.0,5.737,0,165.0,0.885,309.69,1.7815,40.26,35.536075592041016,4.98,0.0,0
47038,20.975,53.477000000000004,15.200000000000001,200.0,449.077,0.0,0.0,0.0,5.737,0,155.0,0.865,309.825,-0.19790000000000002,38.88,35.536075592041016,4.98,0.0,0
47038,20.975,53.633,15.700000000000001,200.0,449.077,0.0,0.0,0.0,5.737,0,161.0,0.89,309.69,-0.43710000000000004,37.53,35.536075592041016,4.98,0.0,0
47038,21.146,53.789,15.200000000000001,200.0,449.077,0.0,0.0,0.0,5.737,0,164.0,0.865,309.69,-3.8930000000000002,37.14,35.536075592041016,4.98,0.0,0
47038,21.316,53.936,14.200000000000001,200.0,449.017,0.0,0.0,0.0,5.737,0,160.0,0.875,309.825,0.23920000000000002,37.47,35.536075592041016,4.98,0.0,0
47038,21.487000000000002,54.092000000000006,15.200000000000001,200.0,449.379,0.0,0.0,0.0,5.737,0,164.0,0.89,309.915,5.1714,37.59,35.536075592041016,4.98,0.0,0
47038,21.316,54.248000000000005,14.700000000000001,200.0,449.44,0.0,0.0,0.0,5.737,0,168.0,0.85,309.825,3.2744,37.62,35.536075592041016,4.98,0.0,0
47038,21.316,54.395,16.3,200.0,448.77500000000003,0.0,0.0,0.0,5.737,0,161.0,0.875,309.69,1.0145,37.980000000000004,35.536075592041016,4.98,0.0,0
47038,21.487000000000002,54.551,15.700000000000001,200.0,448.654,0.0,0.0,0.0,5.737,0,160.0,0.855,309.69,-7.4313,38.31,35.536075592041016,4.98,0.0,0
47038,21.828,54.707,15.200000000000001,200.0,448.77500000000003,0.0,0.0,0.0,5.737,0,164.0,0.84,309.825,-2.3754,39.06,35.536075592041016,4.98,0.0,0
47038,21.487000000000002,54.863,15.700000000000001,200.0,449.077,0.0,0.0,0.0,5.737,0,160.0,0.8200000000000001,309.825,3.3651,39.24,35.536075592041016,4.98,0.0,0
47038,21.828,55.02,15.200000000000001,200.0,449.319,0.0,0.0,0.0,5.737,0,168.0,0.87,309.69,1.5836000000000001,39.45,35.536075592041016,4.98,0.0,0
47038,21.828,55.176,15.700000000000001,200.0,449.319,0.0,0.0,0.0,5.737,0,159.0,0.875,309.825,0.5938,39.480000000000004,35.536075592041016,4.98,0.0,0
47038,21.657,55.332,15.700000000000001,200.0,449.319,0.0,0.0,0.0,5.737,0,167.0,0.845,309.825,2.7713,39.03,35.536075592041016,4.98,0.0,0
47038,21.657,55.488,14.700000000000001,200.0,449.13800000000003,0.0,0.0,0.0,5.737,0,161.0,0.865,309.825,2.5733,38.79,35.536075592041016,4.98,0.0,0
47038,21.657,55.645,15.700000000000001,200.0,448.83500000000004,0.0,0.0,0.0,5.737,0,166.0,0.855,309.825,-1.7815,38.64,35.536075592041016,4.98,0.0,0
47038,21.487000000000002,55.801,15.700000000000001,200.0,448.956,0.0,0.0,0.0,5.737,0,146.0,0.85,309.69,-1.9547,37.410000000000004,35.536075592041016,4.98,0.0,0
47038,21.657,55.957,16.3,200.0,448.77500000000003,0.0,0.0,0.0,5.737,0,171.0,0.845,309.915,0.3134,37.410000000000004,35.536075592041016,4.98,0.0,0
47038,21.487000000000002,56.123000000000005,15.700000000000001,200.0,448.77500000000003,0.0,0.0,0.0,5.737,0,166.0,0.81,309.825,-0.9897,36.54,35.536075592041016,4.98,0.0,0
47038,21.657,56.279,16.3,200.0,448.956,0.0,0.0,0.0,5.737,0,161.0,0.855,309.825,1.4929000000000001,36.63,35.536075592041016,4.98,0.0,0
47038,21.657,56.436,15.700000000000001,200.0,448.654,0.0,0.0,0.0,5.737,0,162.0,0.8250000000000001,309.825,-1.3444,37.44,35.536075592041016,4.98,0.0,0
47038,21.487000000000002,56.592000000000006,15.200000000000001,200.0,449.258,0.0,0.0,0.0,5.737,0,168.0,0.8250000000000001,309.69,0.2227,39.03,35.536075592041016,4.98,0.0,0
47038,21.487000000000002,56.758,15.200000000000001,200.0,449.5,0.0,0.0,0.0,5.737,0,165.0,0.835,309.69,-1.8887,40.14,35.536075592041016,4.98,0.0,0
47038,21.487000000000002,56.914,16.3,200.0,449.379,0.0,0.0,0.0,5.737,0,171.0,0.8200000000000001,309.6,-4.9074,39.99,35.536075592041016,4.98,0.0,0
47038,21.487000000000002,57.07,15.200000000000001,200.0,449.13800000000003,0.0,0.0,0.0,5.737,0,170.0,0.795,309.825,-0.7258,40.11,35.536075592041016,4.98,0.0,0
47038,21.487000000000002,57.236000000000004,15.700000000000001,200.0,449.017,0.0,0.0,0.0,5.737,0,157.0,0.785,309.825,6.837400000000001,38.49,35.536075592041016,4.98,0.0,0
47038,21.657,57.246,16.3,200.0,449.017,0.0,0.0,0.0,5.737,0,158.0,0.795,309.825,6.7632,38.34,35.536075592041016,4.98,0.0,0
47038,21.657,57.402,15.700000000000001,200.0,449.077,0.0,0.0,0.0,5.737,0,164.0,0.775,309.69,4.0909,38.19,35.536075592041016,4.98,0.0,0
47038,21.316,57.568000000000005,15.200000000000001,200.0,448.83500000000004,0.0,0.0,0.0,5.737,0,166.0,0.76,309.69,-4.9157,37.17,35.536075592041016,4.98,0.0,0
47038,20.975,57.725,15.200000000000001,200.0,448.956,0.0,0.0,0.0,5.737,0,163.0,0.8,309.825,-1.5836000000000001,37.2,35.536075592041016,4.98,0.0,0
47038,21.146,57.881,15.700000000000001,200.0,449.13800000000003,0.0,0.0,0.0,5.737,0,163.0,0.78,309.69,0.7918000000000001,37.32,35.536075592041016,4.98,0.0,0
47038,21.487000000000002,58.037000000000006,15.700000000000001,200.0,448.77500000000003,0.0,0.0,0.0,5.737,0,165.0,0.775,309.825,4.486800000000001,37.410000000000004,35.536075592041016,4.98,0.0,0
47038,21.487000000000002,58.193000000000005,16.3,200.0,449.017,0.0,0.0,0.0,5.737,0,171.0,0.8,309.825,-1.5836000000000001,37.59,35.536075592041016,4.98,0.0,0
47038,21.316,58.35,15.700000000000001,200.0,448.83500000000004,0.0,0.0,0.0,5.737,0,161.0,0.735,309.825,-0.5279,37.74,35.536075592041016,4.98,0.0,0
47038,21.487000000000002,58.506,15.700000000000001,200.0,448.956,0.0,0.0,0.0,5.737,0,160.0,0.765,309.69,0.099,38.01,35.536075592041016,4.98,0.0,0
47038,21.146,58.662000000000006,16.3,200.0,449.017,0.0,0.0,0.0,5.737,0,171.0,0.775,309.825,0.39590000000000003,38.43,35.536075592041016,4.98,0.0,0
47038,21.487000000000002,58.672000000000004,16.3,200.0,449.017,0.0,0.0,0.0,5.737,0,171.0,0.765,309.825,0.9897,38.43,35.536075592041016,4.98,0.0,0
47038,21.316,58.828,15.200000000000001,200.0,448.77500000000003,0.0,0.0,0.0,5.737,0,167.0,0.81,309.825,0.5938,38.94,35.536075592041016,4.98,0.0,0
47038,21.316,58.984,15.700000000000001,200.0,448.77500000000003,0.0,0.0,0.0,5.737,0,163.0,0.765,309.915,-1.8228000000000002,39.6,35.536075592041016,4.98,0.0,0
47038,21.487000000000002,59.141000000000005,15.200000000000001,200.0,448.956,0.0,0.0,0.0,5.737,0,168.0,0.79,309.69,-2.6146000000000003,39.72,35.536075592041016,4.98,0.0,0
47038,21.487000000000002,59.287000000000006,15.200000000000001,201.0,449.13800000000003,0.0,0.0,0.0,5.737,0,168.0,0.77,309.825,-1.0557,38.94,35.536075592041016,4.98,0.0,0
47038,22.169,59.443000000000005,15.200000000000001,200.0,448.956,0.0,0.0,0.0,5.737,0,162.0,0.735,309.825,2.5321000000000002,37.980000000000004,35.536075592041016,4.98,0.0,0
47038,21.828,59.6,14.200000000000001,200.0,449.077,0.0,0.0,0.0,5.737,0,165.0,0.735,309.825,2.9445,36.63,35.536075592041016,4.98,0.0,0
47038,21.657,59.756,15.700000000000001,200.0,449.077,0.0,0.0,0.0,5.737,0,170.0,0.75,309.825,-0.7258,36.54,35.536075592041016,4.98,0.0,0
47038,21.998,59.912000000000006,15.200000000000001,200.0,448.77500000000003,0.0,0.0,0.0,5.737,0,160.0,0.745,309.825,-0.066,36.63,35.536075592041016,4.98,0.0,0
47038,21.657,60.068000000000005,15.200000000000001,200.0,448.956,0.0,0.0,0.0,5.737,0,167.0,0.72,309.69,-3.563,37.35,35.536075592041016,4.98,0.0,0
47038,21.657,60.234,14.700000000000001,200.0,449.258,0.0,0.0,0.0,5.737,0,167.0,0.72,309.825,-3.761,38.43,35.536075592041016,4.98,0.0,0
47038,21.487000000000002,60.391000000000005,15.700000000000001,200.0,449.13800000000003,0.0,0.0,0.0,5.737,0,160.0,0.715,309.825,2.1774,39.0,35.536075592041016,4.98,0.0,0
47038,21.487000000000002,60.547000000000004,15.200000000000001,200.0,449.319,0.0,0.0,-0.2,5.737,0,171.0,0.6900000000000001,309.825,3.5383,39.12,35.536075592041016,4.98,0.0,0
47038,21.657,60.703,15.700000000000001,200.0,449.44,0.0,0.0,0.0,5.737,0,169.0,0.715,309.915,0.0247,38.58,35.536075592041016,4.98,0.0,0
47038,21.657,60.859,16.3,200.0,449.44,0.0,0.0,0.0,5.737,0,159.0,0.715,309.69,-0.3052,38.25,35.536075592041016,4.98,0.0,0
47038,21.657,61.016000000000005,15.700000000000001,200.0,449.258,0.0,0.0,-0.2,5.737,0,167.0,0.73,309.825,-2.4413,39.0,35.536075592041016,4.98,0.0,0
47038,21.487000000000002,61.172000000000004,15.200000000000001,200.0,448.956,0.0,0.0,0.0,5.737,0,163.0,0.685,309.825,-3.6125000000000003,39.36,35.536075592041016,4.98,0.0,0
47038,21.657,61.328,15.200000000000001,200.0,448.896,0.0,0.0,0.0,5.737,0,160.0,0.715,309.825,3.761,38.97,35.536075592041016,4.98,0.0,0
47038,21.828,61.494,15.200000000000001,200.0,449.13800000000003,0.0,0.0,0.0,5.737,0,165.0,0.705,309.825,1.3856000000000002,38.1,35.536075592041016,4.98,0.0,0
47038,21.657,61.650000000000006,16.3,201.0,449.319,0.0,0.0,0.0,5.737,0,161.0,0.685,309.825,0.767,37.050000000000004,35.536075592041016,4.98,0.0,0
47038,21.657,61.807,15.700000000000001,200.0,449.017,0.0,0.0,0.0,5.737,0,161.0,0.715,309.825,1.1877,36.51,35.536075592041016,4.98,0.0,0
47038,21.657,61.973000000000006,15.700000000000001,200.0,448.956,0.0,0.0,0.0,5.737,0,164.0,0.68,309.69,-2.2846,37.410000000000004,35.536075592041016,4.98,0.0,0
47038,21.146,61.982000000000006,15.200000000000001,200.0,449.017,0.0,0.0,0.0,5.737,0,159.0,0.655,309.69,-3.0352,37.56,35.536075592041016,4.98,0.0,0
47038,21.316,62.148,15.700000000000001,200.0,449.319,0.0,0.0,0.0,5.737,0,166.0,0.705,309.69,-1.2207000000000001,39.03,35.536075592041016,4.98,0.0,0
47038,21.487000000000002,62.305,16.3,200.0,449.319,0.0,0.0,0.0,5.737,0,165.0,0.7000000000000001,309.69,-4.7507,40.230000000000004,35.536075592041016,4.98,0.0,0
47038,21.657,62.461000000000006,16.7,200.0,448.77500000000003,0.0,0.0,0.0,5.737,0,161.0,0.68,309.69,-5.0147,40.800000000000004,35.536075592041016,4.98,0.0,0
47038,21.657,62.617000000000004,15.700000000000001,200.0,448.83500000000004,0.0,0.0,0.0,5.737,0,167.0,0.7000000000000001,309.825,4.3548,40.02,35.536075592041016,4.98,0.0,0
47038,21.657,62.783,15.700000000000001,200.0,449.077,0.0,0.0,0.0,5.737,0,168.0,0.66,309.915,3.2661000000000002,39.24,35.536075592041016,4.98,0.0,0
47038,21.657,62.939,16.3,200.0,448.896,0.0,0.0,0.0,5.737,0,167.0,0.705,309.825,3.9589000000000003,39.36,35.536075592041016,4.98,0.0,0
47038,21.657,63.105000000000004,15.200000000000001,200.0,448.83500000000004,0.0,0.0,0.0,5.737,0,170.0,0.655,309.825,0.5279,39.18,35.536075592041016,4.98,0.0,0
47038,21.998,63.262,15.700000000000001,200.0,448.956,0.0,0.0,0.0,5.737,0,172.0,0.68,309.69,-5.2786,39.45,35.536075592041016,4.98,0.0,0
47038,21.146,63.418000000000006,15.700000000000001,200.0,448.896,0.0,0.0,0.0,5.737,0,156.0,0.685,309.825,0.2639,38.730000000000004,35.536075592041016,4.98,0.0,0
47038,21.657,63.584,16.7,200.0,449.077,0.0,0.0,0.0,5.737,0,174.0,0.68,309.915,2.7713,37.77,35.536075592041016,4.98,0.0,0
47038,21.316,63.74,16.3,200.0,449.19800000000004,0.0,0.0,0.0,5.737,0,161.0,0.705,309.69,-1.0557,37.5,35.536075592041016,4.98,0.0,0
47038,21.487000000000002,63.906000000000006,15.700000000000001,200.0,448.896,0.0,0.0,0.0,5.737,0,163.0,0.6900000000000001,309.825,-1.9795,38.46,35.536075592041016,4.98,0.0,0
47038,21.487000000000002,64.063,15.700000000000001,200.0,448.83500000000004,0.0,0.0,0.0,5.737,0,160.0,0.65,309.69,-4.0579,40.08,35.536075592041016,4.98,0.0,0
47038,21.316,64.21900000000001,15.700000000000001,200.0,448.956,0.0,0.0,0.0,5.737,0,169.0,0.645,309.69,-1.5836000000000001,40.68,35.536075592041016,4.98,0.0,0
47038,21.657,64.385,15.700000000000001,200.0,449.13800000000003,0.0,0.0,0.0,5.737,0,164.0,0.64,309.69,-1.4846000000000001,40.95,35.536075592041016,4.98,0.0,0
47038,21.487000000000002,64.541,15.700000000000001,200.0,448.956,0.0,0.0,0.0,5.737,0,173.0,0.635,309.825,3.1672000000000002,40.2,35.536075592041016,4.98,0.0,0
47038,21.828,64.697,15.700000000000001,200.0,448.77500000000003,0.0,0.0,0.0,5.737,0,165.0,0.635,309.915,4.3218000000000005,39.45,35.536075592041016,4.98,0.0,0
47038,21.316,64.863,15.700000000000001,200.0,448.77500000000003,0.0,0.0,0.0,5.737,0,166.0,0.62,309.825,0.9238000000000001,38.85,35.536075592041016,4.98,0.0,0
47038,21.657,65.02,16.3,200.0,449.13800000000003,0.0,0.0,0.0,5.737,0,170.0,0.64,309.825,-0.5279,38.97,35.536075592041016,4.98,0.0,0
47038,21.316,65.186,16.3,200.0,448.956,0.0,0.0,0.0,5.737,0,185.0,0.625,309.69,-2.6393,38.49,35.536075592041016,4.98,0.0,0
47038,21.487000000000002,65.342,16.3,200.0,449.13800000000003,0.0,0.0,0.0,5.737,0,159.0,0.61,309.825,-4.7507,38.43,35.536075592041016,4.98,0.0,0
47038,21.146,65.352,15.200000000000001,200.0,449.13800000000003,0.0,0.0,0.0,5.737,0,165.0,0.605,309.825,-4.2229,38.43,35.536075592041016,4.98,0.0,0
47038,20.975,65.518,15.700000000000001,200.0,448.956,0.0,0.0,0.0,5.737,0,169.0,0.595,309.825,-3.2991,37.47,35.536075592041016,4.98,0.0,0
47038,21.316,65.674,16.3,200.0,448.83500000000004,0.0,0.0,0.0,5.737,0,176.0,0.65,309.825,3.3404000000000003,36.99,35.536075592041016,4.98,0.0,0
47038,21.487000000000002,65.83,15.700000000000001,200.0,449.13800000000003,0.0,0.0,0.0,5.737,0,163.0,0.595,309.69,2.7960000000000003,37.410000000000004,35.536075592041016,4.98,0.0,0
47038,21.487000000000002,65.986,15.200000000000001,200.0,449.319,0.0,0.0,0.0,5.737,0,163.0,0.62,309.825,-4.2476,38.910000000000004,35.536075592041016,4.98,0.0,0
47038,21.487000000000002,66.152,16.3,200.0,449.5,0.0,0.0,0.0,5.737,0,166.0,0.5650000000000001,309.825,-4.0909,40.5,35.536075592041016,4.98,0.0,0
47038,21.828,66.309,16.3,200.0,449.13800000000003,0.0,0.0,0.0,5.737,0,163.0,0.605,309.69,4.4456,41.4,35.536075592041016,4.98,0.0,0
47038,21.657,66.47500000000001,16.3,200.0,449.017,0.0,0.0,0.0,5.737,0,163.0,0.615,309.69,1.9382000000000001,41.46,35.536075592041016,4.98,0.0,0
47038,21.316,66.631,16.3,200.0,449.077,0.0,0.0,0.0,5.737,0,171.0,0.61,309.825,-0.8165,40.32,35.536075592041016,4.98,0.0,0
47038,21.487000000000002,66.787,15.200000000000001,200.0,449.13800000000003,0.0,0.0,0.0,5.737,0,163.0,0.59,309.825,2.7465,38.82,35.536075592041016,4.98,0.0,0
47038,21.146,66.953,15.700000000000001,200.0,449.19800000000004,0.0,0.0,0.0,5.737,0,167.0,0.61,309.6,-3.1919,38.01,35.536075592041016,4.98,0.0,0
47038,20.975,67.10900000000001,16.3,200.0,449.319,0.0,0.0,0.0,5.737,0,169.0,0.5750000000000001,309.825,-3.629,37.44,35.536075592041016,4.98,0.0,0
47038,21.316,67.266,16.7,200.0,449.19800000000004,0.0,0.0,0.0,5.737,0,167.0,0.5700000000000001,309.825,3.629,37.29,35.536075592041016,4.98,0.0,0
47038,21.487000000000002,67.422,15.700000000000001,200.0,449.258,0.0,0.0,0.0,5.737,0,160.0,0.61,309.825,0.2227,37.95,35.536075592041016,4.98,0.0,0
47038,21.316,67.578,15.200000000000001,200.0,449.19800000000004,0.0,0.0,0.0,5.737,0,168.0,0.5750000000000001,309.825,1.1877,38.79,35.536075592041016,4.98,0.0,0
47038,21.657,67.744,15.200000000000001,200.0,449.077,0.0,0.0,0.0,5.737,0,165.0,0.55,309.69,2.5981,39.69,35.536075592041016,4.98,0.0,0
47038,21.657,67.9,15.700000000000001,200.0,449.319,0.0,0.0,0.0,5.737,0,161.0,0.5700000000000001,309.825,-3.7857000000000003,39.81,35.536075592041016,4.98,0.0,0
47038,21.657,68.057,15.700000000000001,200.0,449.19800000000004,0.0,0.0,0.0,5.737,0,173.0,0.58,309.825,3.761,40.410000000000004,35.536075592041016,4.98,0.0,0
47038,21.998,68.223,16.3,200.0,449.319,0.0,0.0,0.0,5.737,0,161.0,0.5700000000000001,309.825,4.2229,41.13,35.536075592041016,4.98,0.0,0
47038,22.339000000000002,68.379,16.7,200.0,449.13800000000003,0.0,0.0,0.0,5.737,0,164.0,0.555,309.825,-1.4516,41.04,35.536075592041016,4.98,0.0,0
47038,21.657,68.545,16.3,200.0,448.956,0.0,0.0,0.0,5.737,0,164.0,0.54,309.69,-2.1527000000000003,40.29,35.536075592041016,4.98,0.0,0
47038,21.146,68.711,15.700000000000001,200.0,449.017,0.0,0.0,0.0,5.737,0,168.0,0.55,309.69,-4.3301,39.99,35.536075592041016,4.98,0.0,0
47038,21.487000000000002,68.867,16.7,200.0,448.956,0.0,0.0,0.0,5.737,0,163.0,0.545,309.69,-3.1424000000000003,39.45,35.536075592041016,4.98,0.0,0
47038,21.828,69.033,15.700000000000001,200.0,449.13800000000003,0.0,0.0,0.0,5.737,0,169.0,0.5650000000000001,309.825,1.3609,38.79,35.536075592041016,4.98,0.0,0
47038,21.657,69.18900000000001,15.700000000000001,200.0,449.319,0.0,0.0,0.0,5.737,0,169.0,0.55,309.825,2.3506,37.92,35.536075592041016,4.98,0.0,0
47038,21.657,69.355,16.7,200.0,449.077,0.0,0.0,0.0,5.737,0,162.0,0.52,309.69,3.3651,37.980000000000004,35.536075592041016,4.98,0.0,0
47038,21.487000000000002,69.521,16.3,200.0,448.896,0.0,0.0,0.0,5.737,0,171.0,0.545,309.825,0.39590000000000003,38.19,35.536075592041016,4.98,0.0,0
47038,21.657,69.678,15.200000000000001,200.0,448.654,0.0,0.0,0.0,5.737,0,169.0,0.525,309.825,-1.1877,39.63,35.536075592041016,4.98,0.0,0
47038,20.975,69.84400000000001,16.7,200.0,448.77500000000003,0.0,0.0,0.0,5.737,0,164.0,0.545,309.825,2.7713,40.83,35.536075592041016,4.98,0.0,0
47038,21.316,70.0,15.700000000000001,200.0,449.13800000000003,0.0,0.0,0.0,5.737,0,176.0,0.495,309.825,3.8930000000000002,41.4,35.536075592041016,4.98,0.0,0
47038,21.146,70.166,16.3,200.0,449.017,0.0,0.0,0.0,5.737,0,166.0,0.525,309.825,-1.7815,40.77,35.536075592041016,4.98,0.0,0
47038,21.657,70.186,16.3,200.0,449.13800000000003,0.0,0.0,0.0,5.737,0,176.0,0.545,309.825,-1.7155,40.800000000000004,35.536075592041016,4.98,0.0,0
47038,21.146,70.342,16.3,200.0,449.19800000000004,0.0,0.0,0.2,5.737,0,161.0,0.51,309.825,-3.4311000000000003,40.59,35.536075592041016,4.98,0.0,0
47038,20.464000000000002,70.518,17.8,200.0,448.956,0.0,0.0,0.0,5.737,0,169.0,0.5,309.825,1.5836000000000001,39.63,35.536075592041016,4.98,0.0,0
47038,19.611,70.703,20.3,198.0,448.956,0.0,0.0,0.0,5.737,0,-221.0,0.5,309.825,-0.7918000000000001,38.97,35.536075592041016,4.98,0.0,0
47038,16.371,70.908,20.3,174.0,449.319,0.0,0.0,0.0,5.737,0,-687.0,0.515,309.915,1.4516,38.49,35.536075592041016,4.98,0.0,0
47038,11.255,71.113,20.3,132.0,449.13800000000003,0.0,0.0,0.0,5.737,0,-754.0,0.5,309.69,-3.3321,38.43,35.536075592041016,4.98,0.0,0
47038,3.581,71.318,19.8,87.0,449.19800000000004,0.0,0.0,0.0,5.737,0,-688.0,0.505,309.825,-1.9795,38.730000000000004,35.536075592041016,4.98,0.0,0
47038,-4.945,71.494,16.7,46.0,449.258,0.0,0.0,0.0,5.737,0,-594.0,0.5700000000000001,309.69,0.6928000000000001,38.79,35.536075592041016,4.98,0.0,0
47038,-11.767,71.641,8.6,13.0,449.5,0.0,0.0,0.0,5.737,0,-427.0,0.47500000000000003,309.915,1.8475000000000001,39.42,35.536075592041016,4.98,0.0,0
47038,-6.48,71.611,-2.5,-13.0,449.62100000000004,0.0,0.0,0.0,5.737,0,-209.0,0.495,309.825,3.6950000000000003,39.39,35.536075592041016,4.98,0.0,0
47038,-10.914,71.611,0.5,-19.0,449.62100000000004,0.0,0.0,-0.2,5.737,0,126.0,0.515,309.915,5.806500000000001,39.9,35.536075592041016,4.98,0.0,0
47038,-11.426,71.62100000000001,1.0,-11.0,449.44,0.0,0.0,0.0,5.737,0,153.0,0.495,309.825,-0.46190000000000003,39.78,35.536075592041016,4.98,0.0,0
47038,-11.596,71.65,4.1000000000000005,-3.0,449.5,0.0,0.0,0.0,5.737,0,81.0,0.47500000000000003,309.825,-0.132,39.99,35.536075592041016,4.98,0.0,0
47038,-11.767,71.68900000000001,4.5,1.0,449.5,0.0,0.0,0.0,5.737,0,32.0,0.465,309.825,-3.629,40.44,35.536075592041016,4.98,0.0,0
47038,-11.084,71.729,4.1000000000000005,2.0,449.13800000000003,0.0,0.0,0.0,5.737,0,3.0,0.47500000000000003,309.825,-1.9795,39.93,35.536075592041016,4.98,0.0,0
47038,-10.743,71.768,4.1000000000000005,2.0,449.017,0.0,0.0,0.0,5.737,0,-6.0,0.49,309.69,2.4743,39.39,35.536075592041016,4.98,0.0,0
47038,-11.596,71.807,3.0,1.0,448.654,0.0,0.0,0.0,5.737,0,-11.0,0.39,309.825,0.7918000000000001,38.160000000000004,35.536075592041016,4.98,0.0,0
47038,-12.278,71.846,4.1000000000000005,0.0,448.956,0.0,0.0,0.0,5.737,0,2.0,0.45,309.825,0.7918000000000001,36.84,35.536075592041016,4.98,0.0,0
47038,-12.449,71.89500000000001,4.1000000000000005,-1.0,449.13800000000003,0.0,0.0,0.0,5.737,0,5.0,0.49,309.825,0.7918000000000001,37.2,35.536075592041016,4.98,0.0,0
47038,-12.449,71.934,4.1000000000000005,0.0,449.319,0.0,0.0,0.0,5.737,0,13.0,0.445,309.825,-3.9589000000000003,37.29,35.536075592041016,4.98,0.0,0
47038,-12.449,71.973,4.1000000000000005,0.0,449.682,0.0,0.0,0.0,5.737,0,9.0,0.485,309.825,1.9795,38.97,35.536075592041016,4.98,0.0,0
47038,-12.449,72.012,4.1000000000000005,0.0,449.56100000000004,0.0,0.0,0.0,5.737,0,13.0,0.45,309.825,3.9589000000000003,40.38,35.536075592041016,4.98,0.0,0
47038,-12.449,72.051,4.1000000000000005,0.0,449.13800000000003,0.0,0.0,0.0,5.737,0,4.0,0.465,309.69,-2.7713,40.26,35.536075592041016,4.98,0.0,0
47038,-12.449,72.09,4.5,0.0,449.258,0.0,0.0,0.0,5.737,0,2.0,0.46,309.915,1.2537,39.81,35.536075592041016,4.98,0.0,0
47038,-12.619,72.129,3.5,0.0,448.956,0.0,0.0,0.0,5.737,0,1.0,0.455,309.825,1.7155,40.17,35.536075592041016,4.98,0.0,0
47038,-12.449,72.13900000000001,4.1000000000000005,0.0,448.956,0.0,0.0,0.0,5.737,0,1.0,0.46,309.825,1.6496000000000002,40.14,35.536075592041016,4.98,0.0,0
47038,-13.131,72.178,3.5,0.0,448.77500000000003,0.0,0.0,0.0,5.737,0,2.0,0.39,309.825,-1.6083,39.54,35.536075592041016,4.98,0.0,0
47038,-13.131,72.217,3.0,0.0,448.714,0.0,0.0,0.0,5.737,0,7.0,0.375,309.69,-2.2022,39.660000000000004,35.536075592041016,4.98,0.0,0
47038,-13.131,72.256,3.5,0.0,448.956,0.0,0.0,0.0,5.737,0,4.0,0.47000000000000003,309.825,-1.3856000000000002,38.550000000000004,35.536075592041016,4.98,0.0,0
47038,-12.790000000000001,72.295,3.5,0.0,448.956,0.0,0.0,0.0,5.737,0,4.0,0.425,309.825,-1.9795,37.800000000000004,35.536075592041016,4.98,0.0,0
47038,-12.96,72.334,3.5,0.0,449.319,0.0,0.0,0.0,5.737,0,3.0,0.43,309.825,3.4311000000000003,37.410000000000004,35.536075592041016,4.98,0.0,0
47038,-12.96,72.373,4.1000000000000005,0.0,449.258,0.0,0.0,0.0,5.737,0,5.0,0.4,309.825,-2.8372,37.68,35.536075592041016,4.98,0.0,0
47038,-12.96,72.412,3.0,0.0,449.13800000000003,0.0,0.0,0.0,5.737,0,2.0,0.42,309.825,-0.8165,38.19,35.536075592041016,4.98,0.0,0
47038,-12.96,72.461,3.5,0.0,449.077,0.0,0.0,0.0,5.737,0,2.0,0.42,309.825,3.563,39.39,35.536075592041016,4.98,0.0,0
47038,-12.96,72.5,4.1000000000000005,0.0,448.956,0.0,0.0,0.0,5.737,0,2.0,0.405,309.915,0.0247,40.800000000000004,35.536075592041016,4.98,0.0,0
47038,-13.131,72.539,3.5,0.0,448.956,0.0,0.0,0.0,5.737,0,5.0,0.49,309.915,-3.3816,40.56,35.536075592041016,4.98,0.0,0
47038,-12.96,72.578,4.5,0.0,448.956,0.0,0.0,0.0,5.737,0,3.0,0.465,309.825,1.6496000000000002,39.87,35.536075592041016,4.98,0.0,0
47038,-12.96,72.617,4.1000000000000005,0.0,449.19800000000004,0.0,0.0,0.0,5.737,0,5.0,0.405,309.825,4.6353,39.33,35.536075592041016,4.98,0.0,0
47038,-13.131,72.656,4.5,0.0,449.19800000000004,0.0,0.0,0.0,5.737,0,3.0,0.41000000000000003,309.825,-0.6846,38.82,35.536075592041016,4.98,0.0,0
47038,-13.301,72.69500000000001,4.1000000000000005,0.0,449.319,0.0,0.0,0.0,5.737,0,3.0,0.405,309.825,-4.9487000000000005,39.45,35.536075592041016,4.98,0.0,0
47038,-13.301,72.73400000000001,4.5,0.0,449.62100000000004,0.0,0.0,0.0,5.737,0,2.0,0.395,309.825,0.34640000000000004,39.45,35.536075592041016,4.98,0.0,0
47038,-13.131,72.77300000000001,4.1000000000000005,0.0,449.19800000000004,0.0,0.0,0.0,5.737,0,3.0,0.41000000000000003,309.915,0.2474,38.64,35.536075592041016,4.98,0.0,0
47038,-13.131,72.822,4.1000000000000005,0.0,449.077,0.0,0.0,0.0,5.737,0,3.0,0.42,309.825,-1.4764000000000002,37.230000000000004,35.536075592041016,4.98,0.0,0
47038,-12.96,72.861,3.5,0.0,449.13800000000003,0.0,0.0,0.0,5.737,0,1.0,0.405,309.825,-0.9897,37.17,35.536075592041016,4.98,0.0,0
47038,-13.131,72.9,4.5,0.0,449.13800000000003,0.0,0.0,0.0,5.737,0,3.0,0.38,309.825,-0.5279,37.410000000000004,35.536075592041016,4.98,0.0,0
47038,-13.301,72.93900000000001,3.5,0.0,449.56100000000004,0.0,0.0,0.0,5.737,0,3.0,0.375,309.69,0.6186,38.58,35.536075592041016,4.98,0.0,0
47038,-13.472,72.979,4.1000000000000005,0.0,449.379,0.0,0.0,0.0,5.737,0,2.0,0.385,309.825,-2.7960000000000003,39.69,35.536075592041016,4.98,0.0,0
47038,-13.131,73.018,3.5,0.0,449.13800000000003,0.0,0.0,0.0,5.737,0,3.0,0.385,309.69,1.3444,40.29,35.536075592041016,4.98,0.0,0
47038,-13.131,73.057,4.1000000000000005,0.0,449.258,0.0,0.0,0.0,5.737,0,3.0,0.39,309.825,3.3651,39.45,35.536075592041016,4.98,0.0,0
47038,-13.301,73.096,4.5,0.0,449.319,0.0,0.0,0.0,5.737,0,0.0,0.375,309.825,-4.6848,39.33,35.536075592041016,4.98,0.0,0
47038,-13.301,73.14500000000001,4.1000000000000005,0.0,449.258,0.0,0.0,0.0,5.737,0,2.0,0.405,309.825,-0.5114000000000001,38.64,35.536075592041016,4.98,0.0,0
47038,-13.301,73.184,4.1000000000000005,0.0,448.83500000000004,0.0,0.0,0.0,5.737,0,0.0,0.39,309.825,3.3651,38.01,35.536075592041016,4.98,0.0,0
47038,-13.642,73.223,4.1000000000000005,0.0,448.77500000000003,0.0,0.0,0.0,5.737,0,1.0,0.37,309.825,0.37120000000000003,37.92,35.536075592041016,4.98,0.0,0
47038,-13.301,73.262,4.5,0.0,448.77500000000003,0.0,0.0,0.0,5.737,0,2.0,0.375,309.825,-0.19790000000000002,37.86,35.536075592041016,4.98,0.0,0
47038,-13.301,73.301,4.1000000000000005,0.0,448.77500000000003,0.0,0.0,0.0,5.737,0,2.0,0.37,309.825,-0.39590000000000003,37.74,35.536075592041016,4.98,0.0,0
47038,-13.131,73.34,3.5,0.0,448.896,0.0,0.0,0.0,5.737,0,2.0,0.385,309.69,-0.9650000000000001,37.38,35.536075592041016,4.98,0.0,0
47038,-13.472,73.379,4.5,0.0,448.714,0.0,0.0,0.0,5.737,0,1.0,0.365,309.69,-3.9342,38.19,35.536075592041016,4.98,0.0,0
47038,-13.131,73.418,3.5,0.0,448.83500000000004,0.0,0.0,0.0,5.737,0,1.0,0.355,309.825,-0.5938,39.03,35.536075592041016,4.98,0.0,0
47038,-13.472,73.45700000000001,4.1000000000000005,0.0,448.896,0.0,0.0,0.0,5.737,0,1.0,0.37,309.825,3.1672000000000002,40.26,35.536075592041016,4.98,0.0,0
47038,-13.301,73.467,4.1000000000000005,0.0,448.77500000000003,0.0,0.0,0.0,5.737,0,2.0,0.37,309.825,3.9589000000000003,40.38,35.536075592041016,4.98,0.0,0
47038,-13.131,73.506,4.1000000000000005,0.0,448.654,0.0,0.0,0.0,5.737,0,-2.0,0.37,309.825,1.4846000000000001,40.410000000000004,35.536075592041016,4.98,0.0,0
47038,-13.301,73.545,3.5,0.0,448.956,0.0,0.0,0.0,5.737,0,1.0,0.38,309.825,3.2991,40.59,35.536075592041016,4.98,0.0,0
47038,-13.472,73.584,3.5,0.0,449.19800000000004,0.0,0.0,0.0,5.737,0,1.0,0.37,309.825,-2.3754,39.81,35.536075592041016,4.98,0.0,0
47038,-13.301,73.623,4.1000000000000005,0.0,448.83500000000004,0.0,0.0,0.0,5.737,0,0.0,0.37,309.825,-3.6950000000000003,39.39,35.536075592041016,4.98,0.0,0
47038,-13.131,73.662,3.5,0.0,448.83500000000004,0.0,0.0,0.0,5.737,0,1.0,0.355,309.69,-2.2764,38.46,35.536075592041016,4.98,0.0,0
47038,-13.472,73.711,3.5,0.0,448.956,0.0,0.0,0.0,5.737,0,0.0,0.32,309.69,-2.3754,37.980000000000004,35.536075592041016,4.98,0.0,0
47038,-13.131,73.75,4.5,0.0,448.77500000000003,0.0,0.0,0.0,5.737,0,0.0,0.35000000000000003,309.825,1.5836000000000001,37.800000000000004,35.536075592041016,4.98,0.0,0
47038,-13.301,73.789,4.1000000000000005,0.0,448.896,0.0,0.0,0.0,5.737,0,0.0,0.38,309.825,3.9589000000000003,37.89,35.536075592041016,4.98,0.0,0
47038,-13.131,73.828,4.1000000000000005,0.0,448.654,0.0,0.0,0.0,5.737,0,1.0,0.395,309.915,2.4743,38.22,35.536075592041016,4.98,0.0,0
47038,-13.301,73.867,4.1000000000000005,0.0,448.47200000000004,0.0,0.0,0.0,5.737,0,0.0,0.34,309.825,0.7918000000000001,38.97,35.536075592041016,4.98,0.0,0
47038,-13.472,73.906,4.1000000000000005,0.0,448.351,0.0,0.0,0.0,5.737,0,0.0,0.325,309.69,-2.0125,39.87,35.536075592041016,4.98,0.0,0
47038,-13.472,73.94500000000001,4.5,0.0,448.41200000000003,0.0,0.0,0.0,5.737,0,1.0,0.34,309.825,-3.0352,40.65,35.536075592041016,4.98,0.0,0
47038,-13.131,73.98400000000001,4.1000000000000005,0.0,448.533,0.0,0.0,0.0,5.737,0,-1.0,0.33,309.69,-0.6928000000000001,40.53,35.536075592041016,4.98,0.0,0
47038,-13.131,74.02300000000001,4.1000000000000005,0.0,448.533,0.0,0.0,0.0,5.737,0,0.0,0.34500000000000003,309.69,0.132,40.68,35.536075592041016,4.98,0.0,0
47038,-13.301,74.072,4.5,0.0,448.654,0.0,0.0,0.0,5.737,0,0.0,0.34500000000000003,309.825,-1.5836000000000001,40.59,35.536075592041016,4.98,0.0,0
47038,-13.301,74.111,4.1000000000000005,0.0,448.714,0.0,0.0,0.0,5.737,0,0.0,0.34,309.825,3.0352,40.65,35.536075592041016,4.98,0.0,0
47038,-13.301,74.15,4.5,0.0,448.593,0.0,0.0,0.0,5.737,0,0.0,0.32,309.825,5.4435,39.660000000000004,35.536075592041016,4.98,0.0,0
47038,-13.301,74.18900000000001,4.5,0.0,448.654,0.0,0.0,0.0,5.737,0,0.0,0.35000000000000003,309.825,0.2639,38.46,35.536075592041016,4.98,0.0,0
47038,-13.301,74.229,3.5,0.0,448.83500000000004,0.0,0.0,0.0,5.737,0,0.0,0.315,309.6,-5.1136,38.34,35.536075592041016,4.98,0.0,0
47038,-13.131,74.268,4.1000000000000005,0.0,448.47200000000004,0.0,0.0,0.0,5.737,0,0.0,0.35000000000000003,309.69,-4.3548,38.730000000000004,35.536075592041016,4.98,0.0,0
47038,-13.472,74.307,4.1000000000000005,0.0,448.47200000000004,0.0,0.0,0.0,5.737,0,0.0,0.325,309.825,0.5279,38.61,35.536075592041016,4.98,0.0,0
47038,-13.301,74.346,4.1000000000000005,0.0,448.896,0.0,0.0,0.2,5.737,0,0.0,0.315,309.825,3.4311000000000003,39.06,35.536075592041016,4.98,0.0,0
47038,-13.301,74.385,4.5,0.0,449.077,0.0,0.0,0.0,5.737,0,0.0,0.295,309.825,3.0682,39.72,35.536075592041016,4.98,0.0,0
47038,-13.131,74.434,3.5,0.0,448.956,0.0,0.0,0.0,5.737,0,-2.0,0.295,309.69,0.5279,40.17,35.536075592041016,4.98,0.0,0
47038,-13.131,74.434,3.5,0.0,448.956,0.0,0.0,0.0,5.737,0,0.0,0.315,309.825,0.7918000000000001,40.14,35.536075592041016,4.98,0.0,0
47038,-13.472,74.473,4.1000000000000005,0.0,449.19800000000004,0.0,0.0,0.0,5.737,0,0.0,0.3,309.825,-0.7258,40.59,35.536075592041016,4.98,0.0,0
47038,-13.131,74.512,4.1000000000000005,0.0,448.654,0.0,0.0,0.0,5.737,0,0.0,0.29,309.825,-0.066,40.62,35.536075592041016,4.98,0.0,0
47038,-13.131,74.551,4.5,0.0,448.23,0.0,0.0,0.0,5.737,0,0.0,0.35000000000000003,309.69,-1.3856000000000002,40.53,35.536075592041016,4.98,0.0,0
47038,-13.131,74.59,4.5,0.0,448.41200000000003,0.0,0.0,0.0,5.737,0,-1.0,0.29,309.915,-2.2599,39.96,35.536075592041016,4.98,0.0,0
47038,-12.96,74.63900000000001,3.5,0.0,448.533,0.0,0.0,0.0,5.737,0,-3.0,0.31,309.825,3.563,38.28,35.536075592041016,4.98,0.0,0
47038,-13.301,74.678,4.1000000000000005,0.0,448.654,0.0,0.0,0.0,5.737,0,1.0,0.29,309.69,-1.0557,37.95,35.536075592041016,4.98,0.0,0
47038,-13.472,74.717,4.1000000000000005,0.0,448.654,0.0,0.0,0.0,5.737,0,1.0,0.325,309.825,-4.6848,37.35,35.536075592041016,4.98,0.0,0
47038,-13.301,74.756,4.1000000000000005,0.0,448.654,0.0,0.0,0.0,5.737,0,0.0,0.325,309.915,0.3134,37.53,35.536075592041016,4.98,0.0,0
47038,-13.301,74.795,3.5,0.0,448.533,0.0,0.0,0.0,5.737,0,0.0,0.305,309.825,3.8682000000000003,38.550000000000004,35.536075592041016,4.98,0.0,0
47038,-13.301,74.834,4.1000000000000005,0.0,448.593,0.0,0.0,0.0,5.737,0,2.0,0.29,309.825,3.1672000000000002,40.32,35.536075592041016,4.98,0.0,0
47038,-13.472,74.873,4.5,0.0,448.77500000000003,0.0,0.0,0.0,5.737,0,0.0,0.28500000000000003,309.825,-3.1259,40.71,35.536075592041016,4.98,0.0,0
47038,-12.96,74.912,4.5,0.0,448.351,0.0,0.0,0.0,5.737,0,0.0,0.265,309.69,-2.3506,40.86,35.536075592041016,4.98,0.0,0
47038,-13.131,74.95100000000001,3.0,0.0,448.654,0.0,0.0,0.0,5.737,0,0.0,0.27,309.825,-2.5073000000000003,39.93,35.536075592041016,4.98,0.0,0
47038,-13.301,75.0,4.1000000000000005,0.0,448.41200000000003,0.0,0.0,0.0,5.737,0,-1.0,0.305,309.825,2.0455,39.27,35.536075592041016,4.98,0.0,0
47038,-13.301,75.039,4.5,0.0,448.654,0.0,0.0,0.0,5.737,0,0.0,0.3,309.825,3.3404000000000003,39.9,35.536075592041016,4.98,0.0,0
47038,-13.131,75.078,4.5,0.0,448.533,0.0,0.0,0.0,5.737,0,-1.0,0.31,309.825,-1.1217000000000001,39.45,35.536075592041016,4.98,0.0,0
47038,-13.301,75.117,3.5,0.0,448.47200000000004,0.0,0.0,0.0,5.737,0,0.0,0.25,309.69,-0.8825000000000001,39.0,35.536075592041016,4.98,0.0,0
47038,-13.131,75.156,3.5,0.0,448.83500000000004,0.0,0.0,0.0,5.737,0,-1.0,0.29,309.69,-4.3301,38.22,35.536075592041016,4.98,0.0,0
47038,-12.96,75.19500000000001,4.1000000000000005,0.0,449.017,0.0,0.0,0.0,5.737,0,-3.0,0.26,309.69,-6.771400000000001,37.800000000000004,35.536075592041016,4.98,0.0,0
47038,-13.131,75.23400000000001,4.1000000000000005,0.0,448.533,0.0,0.0,0.0,5.737,0,-1.0,0.355,309.825,2.8125,38.13,35.536075592041016,4.98,0.0,0
47038,-13.131,75.27300000000001,3.5,0.0,448.533,0.0,0.0,0.0,5.737,0,0.0,0.29,309.915,8.7344,39.51,35.536075592041016,4.98,0.0,0
47038,-12.96,75.283,4.1000000000000005,0.0,448.83500000000004,0.0,0.0,0.0,5.737,0,0.0,0.245,309.915,9.1056,39.63,35.536075592041016,4.98,0.0,0
47038,-13.131,75.322,4.1000000000000005,0.0,448.714,0.0,0.0,0.0,5.737,0,0.0,0.27,309.825,-0.3629,40.5,35.536075592041016,4.98,0.0,0
47038,-13.131,75.361,3.5,0.0,448.77500000000003,0.0,0.0,0.0,5.737,0,0.0,0.25,309.825,-3.1672000000000002,40.74,35.536075592041016,4.98,0.0,0
47038,-13.131,75.4,3.5,0.0,448.956,0.0,0.0,0.0,5.737,0,0.0,0.26,309.825,2.1774,40.2,35.536075592041016,4.98,0.0,0
47038,-13.131,75.43900000000001,4.1000000000000005,0.0,448.956,0.0,0.0,0.0,5.737,0,-1.0,0.3,309.825,0.2639,40.14,35.536075592041016,4.98,0.0,0
47038,-13.131,75.479,4.1000000000000005,0.0,448.593,0.0,0.0,0.0,5.737,0,0.0,0.255,309.69,-6.499300000000001,40.14,35.536075592041016,4.98,0.0,0
47038,-13.131,75.518,4.1000000000000005,0.0,448.533,0.0,0.0,0.0,5.737,0,-1.0,0.24,309.825,2.1114,40.050000000000004,35.536075592041016,4.98,0.0,0
47038,-13.131,75.527,4.5,0.0,448.533,0.0,0.0,0.0,5.737,0,-1.0,0.27,309.69,2.0042,40.11,35.536075592041016,4.98,0.0,0
47038,-13.131,75.566,4.1000000000000005,0.0,448.593,0.0,0.0,0.0,5.737,0,-1.0,0.26,309.69,3.1259,40.02,35.536075592041016,4.98,0.0,0
47038,-11.255,75.586,1.0,0.0,448.41200000000003,0.0,0.0,0.0,5.737,0,0.0,0.275,309.915,-1.6248,39.09,35.536075592041016,4.98,0.0,0
47038,-8.185,75.586,-1.0,0.0,448.77500000000003,0.0,0.0,0.0,5.737,0,1.0,0.28,309.915,4.1404000000000005,37.92,35.536075592041016,4.98,0.0,0
47038,-5.627,75.586,0.0,0.0,448.41200000000003,0.0,0.0,0.2,5.737,0,2.0,0.28500000000000003,309.825,1.2289,37.11,35.536075592041016,4.98,0.0,0
47038,-6.992,75.586,0.0,0.0,448.654,0.0,0.0,0.0,5.737,0,3.0,0.225,309.825,-4.3796,38.07,35.536075592041016,4.98,0.0,0
47038,-6.3100000000000005,75.586,0.5,0.0,449.017,0.0,0.0,0.0,5.737,0,5.0,0.25,309.825,-0.2474,39.300000000000004,35.536075592041016,4.98,0.0,0
47038,-5.798,75.586,0.0,0.0,448.77500000000003,0.0,0.0,0.0,5.737,0,4.0,0.265,309.825,2.5486,40.800000000000004,35.536075592041016,4.98,0.0,0
47038,-5.798,75.586,0.0,0.0,448.77500000000003,0.0,0.0,0.0,5.737,0,4.0,0.26,309.825,1.1877,41.19,35.536075592041016,4.98,0.0,0
47038,-5.627,75.586,0.0,0.0,448.956,0.0,0.0,0.0,5.737,0,4.0,0.265,309.825,1.3196,40.59,35.536075592041016,4.98,0.0,0
47038,-5.457,75.586,0.0,0.0,449.258,0.0,0.0,0.0,5.737,0,4.0,0.265,309.825,-1.3196,39.45,35.536075592041016,4.98,0.0,0
47038,-5.1160000000000005,75.586,0.0,0.0,448.896,0.0,0.0,0.0,5.737,0,4.0,0.28,309.825,-3.3651,38.79,35.536075592041016,4.98,0.0,0
47038,-4.945,75.586,0.0,0.0,448.77500000000003,0.0,0.0,0.0,5.737,0,4.0,0.28,309.69,-1.0310000000000001,38.49,35.536075592041016,4.98,0.0,0
47038,-5.2860000000000005,75.586,0.0,0.0,448.77500000000003,0.0,0.0,0.0,5.737,0,4.0,0.265,309.825,0.9897,38.85,35.536075592041016,4.98,0.0,0
47038,-4.945,75.586,0.0,0.0,448.654,0.0,0.0,0.0,5.737,0,3.0,0.27,309.915,2.3589,38.22,35.536075592041016,4.98,0.0,0
47038,-5.1160000000000005,75.586,0.0,0.0,448.77500000000003,0.0,0.0,0.0,5.737,0,4.0,0.305,309.915,4.4208,36.81,35.536075592041016,4.98,0.0,0
47038,-4.945,75.586,-0.5,0.0,448.77500000000003,0.0,0.0,0.0,5.737,0,3.0,0.23500000000000001,309.915,-1.0062,36.75,35.536075592041016,4.98,0.0,0
47038,-4.604,75.586,0.5,0.0,448.956,0.0,0.0,0.0,5.737,0,4.0,0.265,309.915,0.18150000000000002,38.4,35.536075592041016,4.98,0.0,0
47038,-4.775,75.586,-0.5,0.0,448.956,0.0,0.0,0.0,5.737,0,3.0,0.275,309.825,2.1939,39.84,35.536075592041016,4.98,0.0,0
47038,-4.945,75.586,0.0,0.0,448.714,0.0,0.0,0.0,5.737,0,4.0,0.22,309.825,-4.6848,40.2,35.536075592041016,4.98,0.0,0
47038,-4.434,75.586,0.5,0.0,448.896,0.0,0.0,0.0,5.737,0,4.0,0.23500000000000001,309.825,-5.658,39.87,35.536075592041016,4.98,0.0,0
47038,-4.945,75.586,0.5,0.0,448.956,0.0,0.0,0.0,5.737,0,3.0,0.215,309.915,0.4454,39.39,35.536075592041016,4.98,0.0,0
47038,-4.434,75.586,0.0,0.0,448.714,0.0,0.0,0.0,5.737,0,4.0,0.20500000000000002,309.69,-0.7011000000000001,38.61,35.536075592041016,4.98,0.0,0
47038,-4.604,75.586,-0.5,0.0,448.77500000000003,0.0,0.0,0.0,5.737,0,4.0,0.23,309.69,0.0,38.61,35.536075592041016,4.98,0.0,0
47038,-4.604,75.586,-0.5,0.0,448.77500000000003,0.0,0.0,0.0,5.737,0,4.0,0.22,309.915,-0.39590000000000003,38.85,35.536075592041016,4.98,0.0,0
47038,-4.434,75.586,0.0,0.0,448.533,0.0,0.0,0.0,5.737,0,4.0,0.215,309.69,0.42060000000000003,37.980000000000004,35.536075592041016,4.98,0.0,0
47038,-4.434,75.586,0.5,0.0,448.77500000000003,0.0,0.0,0.0,5.737,0,4.0,0.275,309.69,-2.6393,37.89,35.536075592041016,4.98,0.0,0
47038,-4.434,75.586,0.0,0.0,448.956,0.0,0.0,0.0,5.737,0,5.0,0.255,309.825,-0.48660000000000003,37.29,35.536075592041016,4.98,0.0,0
47038,-4.604,75.586,0.5,0.0,448.896,0.0,0.0,-0.2,5.737,0,3.0,0.23,309.825,-0.9238000000000001,37.230000000000004,35.536075592041016,4.98,0.0,0
47038,-4.775,75.586,0.0,0.0,448.77500000000003,0.0,0.0,0.0,5.737,0,4.0,0.22,309.6,0.066,37.08,35.536075592041016,4.98,0.0,0
47038,-4.434,75.586,-0.5,0.0,448.714,0.0,0.0,0.2,5.737,0,4.0,0.215,309.825,-1.1877,37.47,35.536075592041016,4.98,0.0,0
47038,-4.263,75.586,0.5,0.0,448.956,0.0,0.0,0.0,5.737,0,3.0,0.26,309.69,-2.5403000000000002,38.19,35.536075592041016,4.98,0.0,0
47038,-4.434,75.586,0.0,0.0,449.017,0.0,0.0,0.0,5.737,0,4.0,0.265,309.825,3.0352,39.15,35.536075592041016,4.98,0.0,0
47038,-4.263,75.586,0.5,0.0,448.956,0.0,0.0,0.0,5.737,0,3.0,0.25,309.825,0.7918000000000001,39.660000000000004,35.536075592041016,4.98,0.0,0
47038,-4.604,75.586,0.0,0.0,448.77500000000003,0.0,0.0,0.0,5.737,0,4.0,0.22,309.915,5.0147,39.33,35.536075592041016,4.98,0.0,0
47038,-4.604,75.586,0.0,0.0,448.77500000000003,0.0,0.0,0.0,5.737,0,4.0,0.24,309.825,-1.0557,38.910000000000004,35.536075592041016,4.98,0.0,0
47038,-4.263,75.586,0.0,0.0,448.654,0.0,0.0,0.0,5.737,0,3.0,0.215,309.915,-0.9238000000000001,38.85,35.536075592041016,4.98,0.0,0
47038,-4.263,75.586,0.5,0.0,448.77500000000003,0.0,0.0,0.0,5.737,0,5.0,0.23,309.69,-1.9465000000000001,38.01,35.536075592041016,4.98,0.0,0
47038,-4.093,75.586,0.0,0.0,449.017,0.0,0.0,0.0,5.737,0,4.0,0.23,309.825,0.0,37.2,35.536075592041016,4.98,0.0,0
47038,-4.434,75.586,-0.5,0.0,448.77500000000003,0.0,0.0,0.0,5.737,0,4.0,0.22,309.825,1.3856000000000002,37.230000000000004,35.536075592041016,4.98,0.0,0
47038,-4.604,75.586,0.0,0.0,448.77500000000003,0.0,0.0,0.0,5.737,0,4.0,0.18,309.825,0.39590000000000003,36.84,35.536075592041016,4.98,0.0,0
47038,-4.093,75.586,0.0,0.0,448.77500000000003,0.0,0.0,0.0,5.737,0,5.0,0.215,309.825,1.5836000000000001,37.59,35.536075592041016,4.98,0.0,0
47038,-4.263,75.586,-0.5,0.0,449.13800000000003,0.0,0.0,0.0,5.737,0,4.0,0.2,309.825,0.0,38.22,35.536075592041016,4.98,0.0,0
47038,-3.922,75.586,0.0,0.0,448.956,0.0,0.0,0.0,5.737,0,4.0,0.195,309.825,-3.9589000000000003,38.910000000000004,35.536075592041016,4.98,0.0,0
47038,-4.434,75.586,-0.5,0.0,448.956,0.0,0.0,0.0,5.737,0,4.0,0.225,309.69,0.5279,39.6,35.536075592041016,4.98,0.0,0
47038,-4.434,75.586,0.0,0.0,448.77500000000003,0.0,0.0,0.0,5.737,0,5.0,0.23500000000000001,309.825,3.1672000000000002,39.42,35.536075592041016,4.98,0.0,0
47038,-4.263,75.586,0.5,0.0,448.47200000000004,0.0,0.0,0.0,5.737,0,4.0,0.23500000000000001,309.69,-2.9032,39.21,35.536075592041016,4.98,0.0,0
47038,-4.263,75.586,0.0,0.0,448.77500000000003,0.0,0.0,0.0,5.737,0,3.0,0.22,309.825,0.6928000000000001,38.28,35.536075592041016,4.98,0.0,0
47038,-4.263,75.586,0.0,0.0,448.654,0.0,0.0,0.0,5.737,0,5.0,0.26,309.69,-0.2639,37.5,35.536075592041016,4.98,0.0,0
47038,-4.434,75.586,-0.5,0.0,448.896,0.0,0.0,0.0,5.737,0,3.0,0.2,309.825,-1.6826,37.5,35.536075592041016,4.98,0.0,0
47038,-3.922,75.586,0.0,0.0,448.77500000000003,0.0,0.0,0.0,5.737,0,4.0,0.22,309.825,-0.5279,37.44,35.536075592041016,4.98,0.0,0
47038,-4.263,75.586,0.0,0.0,448.714,0.0,0.0,0.0,5.737,0,3.0,0.20500000000000002,309.915,0.099,36.99,35.536075592041016,4.98,0.0,0
47038,-3.7520000000000002,75.586,0.0,0.0,448.654,0.0,0.0,0.0,5.737,0,4.0,0.215,309.825,-1.8475000000000001,37.2,35.536075592041016,4.98,0.0,0
47038,-3.7520000000000002,75.586,-0.5,0.0,448.654,0.0,0.0,0.0,5.737,0,4.0,0.2,309.825,0.5279,37.410000000000004,35.536075592041016,4.98,0.0,0
47038,-3.7520000000000002,75.586,0.0,0.0,448.956,0.0,0.0,0.0,5.737,0,5.0,0.21,309.825,1.8475000000000001,37.92,35.536075592041016,4.98,0.0,0
47038,-4.093,75.586,0.0,0.0,448.714,0.0,0.0,0.0,5.737,0,4.0,0.21,309.69,-0.6928000000000001,38.37,35.536075592041016,4.98,0.0,0
47038,-3.7520000000000002,75.586,0.0,0.0,448.714,0.0,0.0,0.0,5.737,0,4.0,0.21,309.69,-1.097,38.34,35.536075592041016,4.98,0.0,0
47038,-3.7520000000000002,75.586,0.5,0.0,448.896,0.0,0.0,0.0,5.737,0,3.0,0.20500000000000002,309.825,-1.8475000000000001,38.46,35.536075592041016,4.98,0.0,0
47038,-4.093,75.586,0.0,0.0,448.654,0.0,0.0,0.0,5.737,0,3.0,0.215,309.825,1.3856000000000002,38.52,35.536075592041016,4.98,0.0,0
47038,-3.7520000000000002,75.586,0.0,0.0,448.47200000000004,0.0,0.0,0.0,5.737,0,2.0,0.225,309.825,-2.4001,38.31,35.536075592041016,4.98,0.0,0
47038,-3.922,75.586,0.0,0.0,448.956,0.0,0.0,0.0,5.737,0,3.0,0.225,309.825,2.8372,38.46,35.536075592041016,4.98,0.0,0
47038,-4.263,75.586,-0.5,0.0,448.654,0.0,0.0,0.0,5.737,0,4.0,0.2,309.69,0.3547,39.45,35.536075592041016,4.98,0.0,0
47038,-4.093,75.586,0.5,0.0,448.654,0.0,0.0,0.0,5.737,0,4.0,0.245,309.69,-4.5528,39.09,35.536075592041016,4.98,0.0,0
47038,-4.093,75.586,0.5,0.0,448.47200000000004,0.0,0.0,0.0,5.737,0,4.0,0.23500000000000001,309.825,-1.5836000000000001,37.980000000000004,35.536075592041016,4.98,0.0,0
47038,-3.7520000000000002,75.586,0.0,0.0,448.47200000000004,0.0,0.0,0.0,5.737,0,4.0,0.25,309.825,3.7363000000000004,36.54,35.536075592041016,4.98,0.0,0
47038,-3.7520000000000002,75.586,0.5,0.0,448.654,0.0,0.0,0.0,5.737,0,4.0,0.21,309.69,0.19790000000000002,35.82,35.536075592041016,4.98,0.0,0
47038,-3.922,75.586,-0.5,0.0,448.291,0.0,0.0,0.0,5.737,0,4.0,0.23500000000000001,309.69,-5.5425,37.5,35.536075592041016,4.98,0.0,0
47038,-3.581,75.586,0.5,0.0,448.351,0.0,0.0,-0.2,5.737,0,4.0,0.225,309.915,-1.2702,38.22,35.536075592041016,4.98,0.0,0
47038,-3.7520000000000002,75.586,0.5,0.0,448.593,0.0,0.0,0.0,5.737,0,4.0,0.23,309.825,6.4415000000000004,38.730000000000004,35.536075592041016,4.98,0.0,0
47038,-4.093,75.586,0.0,0.0,448.593,0.0,0.0,0.0,5.737,0,5.0,0.17500000000000002,309.69,0.5938,39.27,35.536075592041016,4.98,0.0,0
47038,-3.7520000000000002,75.586,-0.5,0.0,448.533,0.0,0.0,0.0,5.737,0,5.0,0.23500000000000001,309.825,-2.1362,39.27,35.536075592041016,4.98,0.0,0
47038,-3.581,75.586,-0.5,0.0,448.351,0.0,0.0,0.0,5.737,0,5.0,0.215,309.69,0.2227,38.97,35.536075592041016,4.98,0.0,0
47038,-3.7520000000000002,75.586,-0.5,0.0,448.351,0.0,0.0,0.0,5.737,0,4.0,0.195,309.825,1.3856000000000002,39.0,35.536075592041016,4.98,0.0,0
47038,-4.093,75.586,-0.5,0.0,448.351,0.0,0.0,0.0,5.737,0,4.0,0.225,309.825,2.7053000000000003,39.51,35.536075592041016,4.98,0.0,0
47038,-3.7520000000000002,75.586,0.0,0.0,448.47200000000004,0.0,0.0,0.0,5.737,0,4.0,0.23,309.69,1.0145,39.57,35.536075592041016,4.98,0.0,0
47038,-3.581,75.586,0.5,0.0,448.291,0.0,0.0,0.0,5.737,0,4.0,0.215,309.69,-3.0764,38.46,35.536075592041016,4.98,0.0,0
47038,-3.581,75.586,0.0,0.0,448.41200000000003,0.0,0.0,0.0,5.737,0,4.0,0.22,309.825,-1.5011,36.72,35.536075592041016,4.98,0.0,0
47038,-3.581,75.586,0.0,0.0,448.10900000000004,0.0,0.0,0.0,5.737,0,4.0,0.23,309.69,1.9795,36.0,35.536075592041016,4.98,0.0,0
47038,-3.7520000000000002,75.586,0.0,0.0,448.291,0.0,0.0,0.0,5.737,0,2.0,0.20500000000000002,309.825,1.2289,36.78,35.536075592041016,4.98,0.0,0
47038,-3.581,75.586,0.0,0.0,448.533,0.0,0.0,0.0,5.737,0,4.0,0.19,309.825,-3.8270000000000004,38.160000000000004,35.536075592041016,4.98,0.0,0
47038,-3.581,75.586,0.0,0.0,448.77500000000003,0.0,0.0,0.0,5.737,0,3.0,0.215,309.825,0.767,40.35,35.536075592041016,4.98,0.0,0
47038,-3.411,75.586,-0.5,0.0,448.714,0.0,0.0,0.0,5.737,0,4.0,0.18,309.69,-1.7568000000000001,41.43,35.536075592041016,4.98,0.0,0
47038,-3.7520000000000002,75.586,0.0,0.0,448.654,0.0,0.0,0.0,5.737,0,3.0,0.225,309.69,-3.563,40.68,35.536075592041016,4.98,0.0,0
47038,-3.581,75.586,0.5,0.0,448.77500000000003,0.0,0.0,0.0,5.737,0,4.0,0.23,309.825,1.1877,39.36,35.536075592041016,4.98,0.0,0
47038,-3.24,75.586,0.5,0.0,448.593,0.0,0.0,0.0,5.737,0,5.0,0.185,309.69,4.1569,38.730000000000004,35.536075592041016,4.98,0.0,0
47038,-3.922,75.586,0.0,0.0,448.533,0.0,0.0,0.0,5.737,0,3.0,0.22,309.69,-1.7815,38.94,35.536075592041016,4.98,0.0,0
47038,-3.411,75.586,0.5,0.0,448.47200000000004,0.0,0.0,0.0,5.737,0,4.0,0.20500000000000002,309.69,-5.1219,39.54,35.536075592041016,4.98,0.0,0
47038,-3.581,75.586,0.0,0.0,448.654,0.0,0.0,0.0,5.737,0,3.0,0.19,309.825,3.3404000000000003,39.03,35.536075592041016,4.98,0.0,0
47038,-3.411,75.586,0.0,0.0,448.77500000000003,0.0,0.0,0.0,5.737,0,4.0,0.225,309.69,1.9795,38.4,35.536075592041016,4.98,0.0,0
47038,-3.411,75.586,0.5,0.0,448.714,0.0,0.0,0.0,5.737,0,4.0,0.18,309.825,-1.2124000000000001,37.32,35.536075592041016,4.98,0.0,0
47038,-3.581,75.586,-0.5,0.0,448.714,0.0,0.0,0.0,5.737,0,4.0,0.225,309.825,-0.8908,37.230000000000004,35.536075592041016,4.98,0.0,0
47038,-3.581,75.586,0.5,0.0,448.351,0.0,0.0,0.0,5.737,0,3.0,0.21,309.825,1.1877,37.2,35.536075592041016,4.98,0.0,0
47038,-3.24,75.586,0.0,0.0,448.048,0.0,0.0,0.0,5.737,0,4.0,0.22,309.825,4.1239,38.52,35.536075592041016,4.98,0.0,0
47038,-3.411,75.586,0.0,0.0,448.654,0.0,0.0,0.0,5.737,0,3.0,0.195,309.69,-1.4516,39.9,35.536075592041016,4.98,0.0,0
47038,-3.581,75.586,-0.5,0.0,448.654,0.0,0.0,0.0,5.737,0,3.0,0.245,309.69,-2.2764,41.37,35.536075592041016,4.98,0.0,0
47038,-3.24,75.586,0.0,0.0,448.654,0.0,0.0,0.0,5.737,0,5.0,0.21,309.69,-4.7507,40.65,35.536075592041016,4.98,0.0,0
47038,-3.411,75.586,0.0,0.0,448.654,0.0,0.0,0.0,5.737,0,3.0,0.195,309.825,3.0682,40.2,35.536075592041016,4.98,0.0,0
47038,-3.411,75.586,0.0,0.0,448.47200000000004,0.0,0.0,0.0,5.737,0,3.0,0.225,309.825,4.2229,39.75,35.536075592041016,4.98,0.0,0
47038,-3.581,75.586,0.0,0.0,448.714,0.0,0.0,0.0,5.737,0,4.0,0.23,309.825,-3.5301,39.21,35.536075592041016,4.98,0.0,0
47038,-3.581,75.586,-0.5,0.0,448.47200000000004,0.0,0.0,0.0,5.737,0,4.0,0.18,309.69,-2.7713,38.25,35.536075592041016,4.98,0.0,0
47038,-3.581,75.586,-0.5,0.0,448.41200000000003,0.0,0.0,0.0,5.737,0,5.0,0.165,309.825,1.8475000000000001,37.17,35.536075592041016,4.98,0.0,0
47038,-3.24,75.586,0.0,0.0,448.654,0.0,0.0,0.0,5.737,0,4.0,0.2,309.825,2.5073000000000003,38.07,35.536075592041016,4.98,0.0,0
47038,-3.581,75.586,0.0,0.0,448.47200000000004,0.0,0.0,0.0,5.737,0,5.0,0.185,309.915,2.4743,37.86,35.536075592041016,4.98,0.0,0
47038,-3.581,75.586,0.0,0.0,448.654,0.0,0.0,0.0,5.737,0,5.0,0.18,309.915,0.6598,37.800000000000004,35.536075592041016,4.98,0.0,0
47038,-3.411,75.586,-0.5,0.0,448.533,0.0,0.0,0.0,5.737,0,4.0,0.265,309.825,-3.9589000000000003,38.7,35.536075592041016,4.98,0.0,0
47038,-3.411,75.586,0.0,0.0,448.896,0.0,0.0,0.0,5.737,0,4.0,0.22,309.825,-2.6393,39.660000000000004,35.536075592041016,4.98,0.0,0
47038,-3.411,75.586,0.0,0.0,448.896,0.0,0.0,0.0,5.737,0,4.0,0.20500000000000002,309.825,-1.5671000000000002,39.81,35.536075592041016,4.98,0.0,0
47038,-3.7520000000000002,75.586,0.0,0.0,448.77500000000003,0.0,0.0,0.0,5.737,0,3.0,0.21,309.825,4.0414,40.5,35.536075592041016,4.98,0.0,0
47038,-3.411,75.586,0.0,0.0,448.23,0.0,0.0,0.0,5.737,0,3.0,0.195,309.825,0.7918000000000001,40.68,35.536075592041016,4.98,0.0,0
47038,-3.411,75.586,0.0,0.0,448.47200000000004,0.0,0.0,0.0,5.737,0,4.0,0.20500000000000002,309.915,-1.4681,39.96,35.536075592041016,4.98,0.0,0
47038,-3.24,75.586,0.0,0.0,448.654,0.0,0.0,0.0,5.737,0,3.0,0.2,309.69,-2.1527000000000003,39.96,35.536075592041016,4.98,0.0,0
47038,-3.0700000000000003,75.586,0.0,0.0,448.593,0.0,0.0,0.0,5.737,0,4.0,0.21,309.69,-1.4516,39.39,35.536075592041016,4.98,0.0,0
47038,-3.24,75.586,0.0,0.0,448.714,0.0,0.0,0.0,5.737,0,4.0,0.195,309.825,-1.4351,38.25,35.536075592041016,4.98,0.0,0
47038,-3.24,75.586,0.0,0.0,448.41200000000003,0.0,0.0,0.0,5.737,0,4.0,0.17500000000000002,309.825,1.5836000000000001,38.01,35.536075592041016,4.98,0.0,0
47038,-3.411,75.586,0.0,0.0,448.654,0.0,0.0,0.0,5.737,0,4.0,0.19,309.69,1.5836000000000001,38.88,35.536075592041016,4.98,0.0,0
47038,-3.411,75.586,0.5,0.0,448.654,0.0,0.0,0.0,5.737,0,5.0,0.18,309.915,2.029,38.4,35.536075592041016,4.98,0.0,0
47038,-3.411,75.586,0.0,0.0,448.654,0.0,0.0,0.0,5.737,0,4.0,0.17500000000000002,309.69,2.664,38.82,35.536075592041016,4.98,0.0,0
47038,-3.24,75.586,0.0,0.0,448.654,0.0,0.0,0.0,5.737,0,3.0,0.17,309.825,0.5279,39.84,35.536075592041016,4.98,0.0,0
47038,-3.581,75.586,0.0,0.0,448.47200000000004,0.0,0.0,0.0,5.737,0,3.0,0.17500000000000002,309.69,-1.6083,40.65,35.536075592041016,4.98,0.0,0
47038,-3.24,75.586,0.0,0.0,448.593,0.0,0.0,0.0,5.737,0,3.0,0.18,309.69,0.48660000000000003,40.980000000000004,35.536075592041016,4.98,0.0,0
47038,-3.24,75.586,0.0,0.0,448.47200000000004,0.0,0.0,0.0,5.737,0,4.0,0.2,309.69,0.1567,40.83,35.536075592041016,4.98,0.0,0
47038,-3.0700000000000003,75.586,0.0,0.0,448.351,0.0,0.0,0.0,5.737,0,3.0,0.195,309.69,-1.2949000000000002,40.35,35.536075592041016,4.98,0.0,0
47038,-3.24,75.586,0.0,0.0,448.47200000000004,0.0,0.0,0.0,5.737,0,4.0,0.165,309.69,-0.46190000000000003,39.63,35.536075592041016,4.98,0.0,0
47038,-3.581,75.586,0.0,0.0,448.956,0.0,0.0,0.0,5.737,0,3.0,0.195,309.825,2.1774,39.480000000000004,35.536075592041016,4.98,0.0,0
47038,-3.0700000000000003,75.586,0.0,0.0,448.956,0.0,0.0,0.0,5.737,0,4.0,0.185,309.825,2.7465,38.64,35.536075592041016,4.98,0.0,0
47038,-3.0700000000000003,75.586,0.0,0.0,448.956,0.0,0.0,0.2,5.737,0,4.0,0.19,309.69,0.42060000000000003,38.01,35.536075592041016,4.98,0.0,0
47038,-3.0700000000000003,75.586,0.0,0.0,448.714,0.0,0.0,0.0,5.737,0,3.0,0.2,309.825,-2.7713,37.89,35.536075592041016,4.98,0.0,0
47038,-3.411,75.586,0.0,0.0,448.714,0.0,0.0,0.0,5.737,0,3.0,0.19,309.825,-0.9897,38.43,35.536075592041016,4.98,0.0,0
47038,-3.24,75.586,0.0,0.0,448.956,0.0,0.0,0.0,5.737,0,4.0,0.17500000000000002,309.69,1.9795,40.29,35.536075592041016,4.98,0.0,0
47038,-3.411,75.586,0.0,0.0,448.654,0.0,0.0,0.0,5.737,0,3.0,0.185,309.825,-0.3299,40.95,35.536075592041016,4.98,0.0,0
47038,-3.0700000000000003,75.586,0.0,0.0,448.654,0.0,0.0,0.0,5.737,0,4.0,0.195,309.69,-0.23920000000000002,40.35,35.536075592041016,4.98,0.0,0
47038,-2.899,75.586,0.5,0.0,448.654,0.0,0.0,0.0,5.737,0,3.0,0.17,309.69,-0.6928000000000001,40.38,35.536075592041016,4.98,0.0,0
47038,-3.411,75.586,0.0,0.0,448.533,0.0,0.0,0.0,5.737,0,3.0,0.20500000000000002,309.825,1.5836000000000001,40.59,35.536075592041016,4.98,0.0,0
47038,-3.581,75.586,0.0,0.0,448.83500000000004,0.0,0.0,0.0,5.737,0,3.0,0.17500000000000002,309.69,-0.6928000000000001,40.32,35.536075592041016,4.98,0.0,0
47038,-3.411,75.586,0.0,0.0,448.47200000000004,0.0,0.0,0.0,5.737,0,4.0,0.165,309.825,1.5836000000000001,39.96,35.536075592041016,4.98,0.0,0
47038,-3.24,75.586,0.5,0.0,448.654,0.0,0.0,0.0,5.737,0,3.0,0.2,309.825,-3.1672000000000002,39.45,35.536075592041016,4.98,0.0,0
47038,-3.0700000000000003,75.586,-0.5,0.0,448.714,0.0,0.0,0.0,5.737,0,4.0,0.21,309.825,0.132,38.7,35.536075592041016,4.98,0.0,0
47038,-2.728,75.586,0.0,0.0,448.654,0.0,0.0,0.0,5.737,0,4.0,0.19,309.825,0.2639,37.65,35.536075592041016,4.98,0.0,0
47038,-2.728,75.586,0.0,0.0,448.654,0.0,0.0,0.0,5.737,0,4.0,0.2,309.825,1.5836000000000001,36.72,35.536075592041016,4.98,0.0,0
47038,-2.899,75.586,0.0,0.0,448.654,0.0,0.0,0.0,5.737,0,4.0,0.2,309.825,-0.7918000000000001,37.35,35.536075592041016,4.98,0.0,0
47038,-3.411,75.586,0.0,0.0,448.714,0.0,0.0,0.0,5.737,0,4.0,0.18,309.825,0.9238000000000001,38.85,35.536075592041016,4.98,0.0,0
47038,-3.0700000000000003,75.586,0.0,0.0,448.714,0.0,0.0,0.2,5.737,0,4.0,0.17500000000000002,309.6,0.165,40.47,35.536075592041016,4.98,0.0,0
47038,-2.5580000000000003,75.586,-0.5,0.0,448.351,0.0,0.0,0.0,5.737,0,3.0,0.195,309.825,-3.563,40.5,35.536075592041016,4.98,0.0,0
47038,-2.899,75.586,0.0,0.0,448.654,0.0,0.0,0.2,5.737,0,4.0,0.20500000000000002,309.825,-0.2639,40.32,35.536075592041016,4.98,0.0,0
47038,-2.728,75.586,-0.5,0.0,448.533,0.0,0.0,0.0,5.737,0,4.0,0.18,309.69,1.8475000000000001,39.75,35.536075592041016,4.98,0.0,0
47038,-3.0700000000000003,75.586,0.0,0.0,448.654,0.0,0.0,0.0,5.737,0,3.0,0.23,309.69,-4.651800000000001,39.54,35.536075592041016,4.98,0.0,0
47038,-2.728,75.586,0.0,0.0,448.593,0.0,0.0,0.0,5.737,0,3.0,0.20500000000000002,309.825,-0.39590000000000003,39.6,35.536075592041016,4.98,0.0,0
47038,-3.24,75.586,0.5,0.0,448.23,0.0,0.0,0.0,5.737,0,3.0,0.185,309.825,3.8600000000000003,39.78,35.536075592041016,4.98,0.0,0
47038,-2.728,75.586,0.0,0.0,448.47200000000004,0.0,0.0,0.0,5.737,0,3.0,0.2,309.69,-1.9795,38.43,35.536075592041016,4.98,0.0,0
47038,-2.728,75.586,0.0,0.0,448.714,0.0,0.0,0.0,5.737,0,3.0,0.115,309.69,-2.2764,37.800000000000004,35.536075592041016,4.98,0.0,0
47038,-3.24,75.586,-0.5,0.0,448.654,0.0,0.0,0.0,5.737,0,3.0,0.15,309.825,2.6393,37.53,35.536075592041016,4.98,0.0,0
47038,-2.728,75.586,-0.5,0.0,448.351,0.0,0.0,0.0,5.737,0,3.0,0.14,309.825,-0.3629,37.83,35.536075592041016,4.98,0.0,0
47038,-2.899,75.586,0.0,0.0,448.593,0.0,0.0,0.0,5.737,0,3.0,0.21,309.69,-2.6393,39.09,35.536075592041016,4.98,0.0,0
47038,-2.728,75.586,0.0,0.0,448.533,0.0,0.0,0.0,5.737,0,4.0,0.165,309.915,-1.1217000000000001,39.45,35.536075592041016,4.98,0.0,0
47038,-2.5580000000000003,75.586,0.0,0.0,448.47200000000004,0.0,0.0,0.0,5.737,0,4.0,0.215,309.825,1.3196,40.11,35.536075592041016,4.98,0.0,0
47038,-2.728,75.586,0.0,0.0,448.291,0.0,0.0,0.0,5.737,0,4.0,0.17500000000000002,309.825,3.596,40.050000000000004,35.536075592041016,4.98,0.0,0
47038,-2.5580000000000003,75.586,0.0,0.0,448.47200000000004,0.0,0.0,0.0,5.737,0,3.0,0.18,309.825,1.4516,39.84,35.536075592041016,4.98,0.0,0
47038,-2.899,75.586,0.0,0.0,448.41200000000003,0.0,0.0,0.0,5.737,0,3.0,0.135,309.69,-4.1239,39.72,35.536075592041016,4.98,0.0,0
47038,-2.387,75.586,0.0,0.0,448.23,0.0,0.0,0.0,5.737,0,4.0,0.20500000000000002,309.69,-4.6188,39.84,35.536075592041016,4.98,0.0,0
47038,-2.899,75.586,0.0,0.0,448.23,0.0,0.0,0.0,5.737,0,3.0,0.165,309.69,-4.792,39.9,35.536075592041016,4.98,0.0,0
47038,-2.899,75.586,0.0,0.0,448.351,0.0,0.0,0.0,5.737,0,4.0,0.195,309.825,3.2991,39.06,35.536075592041016,4.98,0.0,0
47038,-2.728,75.586,0.0,0.0,448.291,0.0,0.0,0.0,5.737,0,4.0,0.18,309.825,1.5588000000000002,38.46,35.536075592041016,4.98,0.0,0
47038,-2.5580000000000003,75.586,0.0,0.0,448.41200000000003,0.0,0.0,0.0,5.737,0,3.0,0.195,309.69,0.5938,37.800000000000004,35.536075592041016,4.98,0.0,0
47038,-2.5580000000000003,75.586,0.0,0.0,448.47200000000004,0.0,0.0,0.0,5.737,0,3.0,0.17500000000000002,309.825,0.39590000000000003,37.32,35.536075592041016,4.98,0.0,0
47038,-2.899,75.586,0.0,0.0,448.291,0.0,0.0,0.0,5.737,0,4.0,0.195,309.69,-2.5733,37.29,35.536075592041016,4.98,0.0,0
47038,-2.5580000000000003,75.586,0.0,0.0,448.291,0.0,0.0,0.0,5.737,0,4.0,0.18,309.825,-3.3898,38.01,35.536075592041016,4.98,0.0,0
47038,-3.0700000000000003,75.586,0.0,0.0,448.10900000000004,0.0,0.0,0.0,5.737,0,4.0,0.17500000000000002,309.825,2.3754,39.39,35.536075592041016,4.98,0.0,0
47038,-2.728,75.586,0.5,0.0,448.169,0.0,0.0,0.0,5.737,0,4.0,0.165,309.69,4.9487000000000005,40.44,35.536075592041016,4.98,0.0,0
47038,-2.217,75.586,0.0,0.0,448.169,0.0,0.0,0.0,5.737,0,5.0,0.17500000000000002,309.825,-0.6186,40.65,35.536075592041016,4.98,0.0,0
47038,-2.5580000000000003,75.586,0.0,0.0,448.956,0.0,0.0,0.0,5.737,0,4.0,0.16,309.825,-1.1877,40.11,35.536075592041016,4.98,0.0,0
47038,-2.728,75.586,0.0,0.0,448.956,0.0,0.0,0.0,5.737,0,4.0,0.185,309.69,0.6186,39.27,35.536075592041016,4.98,0.0,0
47038,-3.0700000000000003,75.586,0.0,0.0,448.956,0.0,0.0,0.0,5.737,0,4.0,0.185,309.825,-1.3856000000000002,38.85,35.536075592041016,4.98,0.0,0
47038,-2.728,75.586,0.0,0.0,448.47200000000004,0.0,0.0,0.0,5.737,0,5.0,0.18,309.825,0.39590000000000003,38.52,35.536075592041016,4.98,0.0,0
47038,-2.387,75.586,0.0,0.0,448.41200000000003,0.0,0.0,0.0,5.737,0,4.0,0.17,309.825,3.4723,37.980000000000004,35.536075592041016,4.98,0.0,0
47038,-2.5580000000000003,75.586,0.0,0.0,448.47200000000004,0.0,0.0,0.0,5.737,0,4.0,0.18,309.825,-0.8165,37.62,35.536075592041016,4.98,0.0,0
47038,-2.899,75.586,0.0,0.0,448.714,0.0,0.0,0.0,5.737,0,2.0,0.19,309.69,0.2887,37.14,35.536075592041016,4.98,0.0,0
47038,-2.387,75.586,0.0,0.0,448.533,0.0,0.0,0.0,5.737,0,4.0,0.185,309.69,-0.8165,37.2,35.536075592041016,4.98,0.0,0
47038,-2.728,75.586,0.0,0.0,448.533,0.0,0.0,0.0,5.737,0,3.0,0.23,309.825,-2.8372,38.01,35.536075592041016,4.98,0.0,0
47038,-2.728,75.586,0.0,0.0,448.291,0.0,0.0,0.0,5.737,0,4.0,0.145,309.69,-0.37120000000000003,38.94,35.536075592041016,4.98,0.0,0
47038,-2.899,75.586,0.0,0.0,448.654,0.0,0.0,0.0,5.737,0,4.0,0.155,309.825,-1.8063,40.26,35.536075592041016,4.98,0.0,0
47038,-2.5580000000000003,75.586,0.0,0.0,448.533,0.0,0.0,0.0,5.737,0,4.0,0.26,309.825,-0.8165,40.17,35.536075592041016,4.98,0.0,0
47038,-2.5580000000000003,75.586,0.0,0.0,448.23,0.0,0.0,0.0,5.737,0,4.0,0.17500000000000002,309.825,2.9445,39.33,35.536075592041016,4.98,0.0,0
47038,-2.387,75.586,0.0,0.0,448.593,0.0,0.0,0.0,5.737,0,4.0,0.17500000000000002,309.69,-2.3754,37.980000000000004,35.536075592041016,4.98,0.0,0
47038,-2.217,75.586,0.0,0.0,448.593,0.0,0.0,0.0,5.737,0,4.0,0.17,309.69,-4.923900000000001,37.95,35.536075592041016,4.98,0.0,0
47038,-2.5580000000000003,75.586,0.0,0.0,448.714,0.0,0.0,0.0,5.737,0,4.0,0.165,309.69,-0.39590000000000003,37.230000000000004,35.536075592041016,4.98,0.0,0
47038,-2.387,75.586,0.0,0.0,448.77500000000003,0.0,0.0,0.0,5.737,0,5.0,0.16,309.825,5.3198,37.14,35.536075592041016,4.98,0.0,0
47038,-2.387,75.586,0.0,0.0,448.956,0.0,0.0,0.0,5.737,0,4.0,0.16,309.6,0.7423000000000001,37.53,35.536075592041016,4.98,0.0,0
47038,-2.387,75.586,0.0,0.0,448.77500000000003,0.0,0.0,-0.2,5.737,0,3.0,0.185,309.6,-0.6598,37.56,35.536075592041016,4.98,0.0,0
47038,-2.5580000000000003,75.586,0.0,0.0,448.714,0.0,0.0,0.0,5.737,0,3.0,0.16,309.69,0.2639,37.35,35.536075592041016,4.98,0.0,0
47038,-2.387,75.586,0.0,0.0,448.654,0.0,0.0,0.0,5.737,0,4.0,0.17,309.825,1.0557,37.65,35.536075592041016,4.98,0.0,0
47038,-2.387,75.586,0.0,0.0,448.47200000000004,0.0,0.0,0.0,5.737,0,4.0,0.17,309.69,-1.6496000000000002,38.34,35.536075592041016,4.98,0.0,0
47038,-2.387,75.586,0.0,0.0,448.77500000000003,0.0,0.0,0.0,5.737,0,3.0,0.16,309.825,1.1877,39.51,35.536075592041016,4.98,0.0,0
47038,-2.387,75.586,0.0,0.0,448.654,0.0,0.0,0.0,5.737,0,4.0,0.155,309.825,1.0557,40.2,35.536075592041016,4.98,0.0,0
47038,-2.387,75.586,0.0,0.0,448.956,0.0,0.0,0.0,5.737,0,3.0,0.135,309.69,-0.6598,40.74,35.536075592041016,4.98,0.0,0
47038,-2.5580000000000003,75.586,0.0,0.0,448.83500000000004,0.0,0.0,0.0,5.737,0,4.0,0.14,309.69,-3.8600000000000003,40.35,35.536075592041016,4.98,0.0,0
47038,-2.217,75.586,0.0,0.0,448.77500000000003,0.0,0.0,0.0,5.737,0,4.0,0.18,309.825,0.39590000000000003,39.84,35.536075592041016,4.98,0.0,0
47038,-2.0460000000000003,75.586,0.0,0.0,448.654,0.0,0.0,0.0,5.737,0,4.0,0.15,309.69,0.7918000000000001,39.21,35.536075592041016,4.98,0.0,0
47038,-2.387,75.586,0.0,0.0,448.23,0.0,0.0,0.0,5.737,0,5.0,0.135,309.825,1.1877,38.76,35.536075592041016,4.98,0.0,0
47038,-2.217,75.586,0.0,0.0,448.533,0.0,0.0,0.0,5.737,0,4.0,0.16,309.825,2.3754,37.92,35.536075592041016,4.98,0.0,0
47038,-2.0460000000000003,75.586,0.0,0.0,448.47200000000004,0.0,0.0,0.0,5.737,0,4.0,0.14,309.825,0.7918000000000001,37.83,35.536075592041016,4.98,0.0,0
47038,-2.217,75.586,0.0,0.0,448.41200000000003,0.0,0.0,0.0,5.737,0,3.0,0.17500000000000002,309.825,-1.5836000000000001,38.22,35.536075592041016,4.98,0.0,0
47038,-2.387,75.586,0.0,0.0,448.593,0.0,0.0,0.0,5.737,0,4.0,0.17,309.825,0.39590000000000003,38.97,35.536075592041016,4.98,0.0,0
47038,-2.387,75.586,0.0,0.0,448.654,0.0,0.0,0.0,5.737,0,4.0,0.19,309.69,0.8908,39.12,35.536075592041016,4.98,0.0,0
47038,-2.387,75.586,0.0,0.0,448.41200000000003,0.0,0.0,0.0,5.737,0,3.0,0.17,309.825,-1.1877,39.81,35.536075592041016,4.98,0.0,0
47038,-2.217,75.586,0.0,0.0,448.47200000000004,0.0,0.0,0.0,5.737,0,2.0,0.19,309.69,-4.651800000000001,40.5,35.536075592041016,4.98,0.0,0
47038,-2.217,75.586,0.0,0.0,448.77500000000003,0.0,0.0,0.0,5.737,0,4.0,0.155,309.69,0.7918000000000001,40.35,35.536075592041016,4.98,0.0,0
47038,-2.0460000000000003,75.586,0.0,0.0,448.83500000000004,0.0,0.0,0.0,5.737,0,3.0,0.13,309.69,0.099,40.800000000000004,35.536075592041016,4.98,0.0,0
47038,-2.217,75.586,0.0,0.0,448.291,0.0,0.0,0.0,5.737,0,4.0,0.17500000000000002,309.69,-0.39590000000000003,40.230000000000004,35.536075592041016,4.98,0.0,0
47038,-1.8760000000000001,75.586,0.0,0.0,448.593,0.0,0.0,0.0,5.737,0,4.0,0.145,309.69,2.6393,39.06,35.536075592041016,4.98,0.0,0
47038,-2.0460000000000003,75.586,0.0,0.0,448.83500000000004,0.0,0.0,0.0,5.737,0,4.0,0.165,309.825,2.5073000000000003,38.43,35.536075592041016,4.98,0.0,0
47038,-2.387,75.586,0.0,0.0,448.77500000000003,0.0,0.0,0.0,5.737,0,4.0,0.165,309.69,-4.7507,38.13,35.536075592041016,4.98,0.0,0
47038,-2.217,75.586,0.0,0.0,448.714,0.0,0.0,0.0,5.737,0,4.0,0.22,309.69,-1.1877,37.95,35.536075592041016,4.98,0.0,0
47038,-2.217,75.586,0.0,0.0,448.714,0.0,0.0,0.0,5.737,0,3.0,0.13,309.915,-0.5031,37.980000000000004,35.536075592041016,4.98,0.0,0
47038,-2.5580000000000003,75.586,0.0,0.0,448.654,0.0,0.0,0.0,5.737,0,4.0,0.16,309.69,1.3444,37.800000000000004,35.536075592041016,4.98,0.0,0
47038,-2.5580000000000003,75.586,0.0,0.0,448.533,0.0,0.0,0.0,5.737,0,4.0,0.15,309.825,1.9547,38.4,35.536075592041016,4.98,0.0,0
47038,-2.899,75.586,0.0,0.0,448.593,0.0,0.0,0.0,5.737,0,3.0,0.14,309.6,-3.9424,40.08,35.536075592041016,4.98,0.0,0
47038,-2.5580000000000003,75.586,0.0,0.0,448.956,0.0,0.0,0.0,5.737,0,4.0,0.12,309.825,-2.2681,40.47,35.536075592041016,4.98,0.0,0
47038,-2.728,75.586,0.0,0.0,448.896,0.0,0.0,0.0,5.737,0,3.0,0.125,309.69,2.1362,40.08,35.536075592041016,4.98,0.0,0
47038,-1.705,75.586,0.0,0.0,448.83500000000004,0.0,0.0,0.0,5.737,0,3.0,0.095,309.825,2.73,40.02,35.536075592041016,4.98,0.0,0
47038,-3.411,75.586,0.0,0.0,448.47200000000004,0.0,0.0,0.0,5.737,0,3.0,0.155,309.915,2.73,39.93,35.536075592041016,4.98,0.0,0
47038,-2.728,75.586,0.0,0.0,448.83500000000004,0.0,0.0,0.0,5.737,0,4.0,0.15,309.69,0.8578,40.050000000000004,35.536075592041016,4.98,0.0,0
47038,-2.899,75.586,0.0,0.0,448.77500000000003,0.0,0.0,0.0,5.737,0,3.0,0.13,309.69,-3.8930000000000002,39.6,35.536075592041016,4.98,0.0,0
47038,-2.0460000000000003,75.586,0.0,0.0,448.956,0.0,0.0,0.0,5.737,0,4.0,0.155,309.69,-1.6743000000000001,38.34,35.536075592041016,4.98,0.0,0
47038,-3.581,75.586,0.0,0.0,448.714,0.0,0.0,0.0,5.737,0,4.0,0.15,309.825,-0.3134,37.35,35.536075592041016,4.98,0.0,0
47038,-2.5580000000000003,75.586,0.0,0.0,448.77500000000003,0.0,0.0,0.0,5.737,0,4.0,0.225,309.825,2.9445,37.2,35.536075592041016,4.98,0.0,0
47038,-3.0700000000000003,75.586,0.0,0.0,448.77500000000003,0.0,0.0,0.0,5.737,0,4.0,0.19,309.825,2.3754,37.62,35.536075592041016,4.98,0.0,0
47038,-2.387,75.586,0.0,0.0,448.654,0.0,0.0,0.0,5.737,0,4.0,0.17,309.825,-0.9897,39.09,35.536075592041016,4.98,0.0,0
47038,-3.411,75.586,0.0,0.0,448.351,0.0,0.0,0.0,5.737,0,4.0,0.145,309.69,-3.6703,41.46,35.536075592041016,4.98,0.0,0
47038,-2.5580000000000003,75.586,0.0,0.0,448.291,0.0,0.0,0.0,5.737,0,3.0,0.095,309.69,0.1567,41.07,35.536075592041016,4.98,0.0,0
47038,-3.0700000000000003,75.586,0.0,0.0,448.41200000000003,0.0,0.0,0.0,5.737,0,3.0,0.115,309.69,-0.3052,40.050000000000004,35.536075592041016,4.98,0.0,0
47038,-2.0460000000000003,75.586,0.0,0.0,448.41200000000003,0.0,0.0,0.0,5.737,0,3.0,0.135,309.825,-0.8825000000000001,39.39,35.536075592041016,4.98,0.0,0
47038,-1.8760000000000001,75.586,-0.5,0.0,448.41200000000003,0.0,0.0,0.0,5.737,0,3.0,0.185,309.825,-0.8908,39.36,35.536075592041016,4.98,0.0,0
47038,-1.194,75.586,0.0,0.0,448.83500000000004,0.0,0.0,0.0,5.737,0,3.0,0.13,309.69,-1.1877,39.84,35.536075592041016,4.98,0.0,0
47038,-1.194,75.586,-0.5,0.0,448.47200000000004,0.0,0.0,0.0,5.737,0,3.0,0.12,309.915,-2.2764,40.86,35.536075592041016,4.98,0.0,0
47038,-1.705,75.586,-0.5,0.0,448.47200000000004,0.0,0.0,0.0,5.737,0,3.0,0.135,309.69,0.9238000000000001,39.96,35.536075592041016,4.98,0.0,0
47038,-1.705,75.586,0.0,0.0,448.714,0.0,0.0,0.0,5.737,0,4.0,0.135,309.825,1.2207000000000001,38.88,35.536075592041016,4.98,0.0,0
47038,-1.364,75.586,0.0,0.0,448.77500000000003,0.0,0.0,0.0,5.737,0,3.0,0.17,309.915,1.1877,37.53,35.536075592041016,4.98,0.0,0
47038,-0.853,75.586,0.0,0.0,448.77500000000003,0.0,0.0,0.0,5.737,0,4.0,0.135,309.825,7.0271,37.47,35.536075592041016,4.98,0.0,0
47038,-1.705,75.586,0.0,0.0,448.47200000000004,0.0,0.0,0.0,5.737,0,4.0,0.13,309.69,-5.806500000000001,38.85,35.536075592041016,4.98,0.0,0
47038,-1.5350000000000001,75.586,0.0,0.0,448.654,0.0,0.0,0.0,5.737,0,5.0,0.15,309.69,-6.4333,40.5,35.536075592041016,4.98,0.0,0
47038,-1.364,75.586,-0.5,0.0,448.47200000000004,0.0,0.0,0.0,5.737,0,4.0,0.15,309.69,-2.3754,41.43,35.536075592041016,4.98,0.0,0
47038,-0.512,75.586,0.0,0.0,448.533,0.0,0.0,0.0,5.737,0,4.0,0.16,309.69,3.4311000000000003,41.07,35.536075592041016,4.98,0.0,0
47038,-1.364,75.586,0.0,0.0,448.291,0.0,0.0,0.0,5.737,0,4.0,0.125,309.69,1.7155,40.35,35.536075592041016,4.98,0.0,0
47038,-1.364,75.586,0.0,0.0,448.351,0.0,0.0,0.0,5.737,0,3.0,0.13,309.825,-0.099,39.75,35.536075592041016,4.98,0.0,0
47038,-0.512,75.586,0.0,0.0,448.593,0.0,0.0,0.0,5.737,0,4.0,0.12,309.825,3.9589000000000003,39.51,35.536075592041016,4.98,0.0,0
47038,-0.171,75.586,-0.5,0.0,448.47200000000004,0.0,0.0,0.0,5.737,0,3.0,0.11,309.69,-2.3754,38.97,35.536075592041016,4.98,0.0,0
47038,-1.364,75.586,0.0,0.0,448.77500000000003,0.0,0.0,0.0,5.737,0,3.0,0.13,309.825,-1.5836000000000001,39.39,35.536075592041016,4.98,0.0,0
47038,-1.194,75.586,0.0,0.0,448.77500000000003,0.0,0.0,0.0,5.737,0,3.0,0.14,309.825,2.3754,39.15,35.536075592041016,4.98,0.0,0
47038,-0.512,75.586,0.5,0.0,448.77500000000003,0.0,0.0,0.0,5.737,0,3.0,0.115,309.69,1.3196,38.1,35.536075592041016,4.98,0.0,0
47038,-0.171,75.586,0.0,0.0,449.19800000000004,0.0,0.0,0.0,5.737,0,3.0,0.13,309.825,-0.7918000000000001,37.980000000000004,35.536075592041016,4.98,0.0,0
47038,-0.853,75.586,0.0,0.0,448.956,0.0,0.0,0.0,5.737,0,3.0,0.14,309.825,-3.4311000000000003,39.09,35.536075592041016,4.98,0.0,0
47038,-1.0230000000000001,75.586,0.5,0.0,448.77500000000003,0.0,0.0,0.0,5.737,0,3.0,0.12,309.69,-1.5836000000000001,39.72,35.536075592041016,4.98,0.0,0
47038,0.341,75.586,0.0,0.0,448.956,0.0,0.0,0.0,5.737,0,3.0,0.105,309.825,0.5279,40.17,35.536075592041016,4.98,0.0,0
47038,0.341,75.586,0.5,0.0,448.77500000000003,0.0,0.0,0.0,5.737,0,3.0,0.145,309.825,3.1672000000000002,39.96,35.536075592041016,4.98,0.0,0
47038,-1.0230000000000001,75.586,0.5,0.0,448.47200000000004,0.0,0.0,0.0,5.737,0,4.0,0.12,309.69,0.0,39.99,35.536075592041016,4.98,0.0,0
47038,-0.682,75.586,-0.5,0.0,448.714,0.0,0.0,0.0,5.737,0,4.0,0.14,309.69,-4.651800000000001,39.72,35.536075592041016,4.98,0.0,0
47038,-6.651,75.586,0.0,0.0,448.714,0.0,0.0,0.0,5.737,0,3.0,0.12,309.69,-4.726,39.75,35.536075592041016,4.98,0.0,0
47038,-3.0700000000000003,75.586,0.5,0.0,448.77500000000003,0.0,0.0,0.0,5.737,0,4.0,0.145,309.825,2.3754,39.24,35.536075592041016,4.98,0.0,0
47038,-5.627,75.586,0.0,0.0,448.77500000000003,0.0,0.0,0.0,5.737,0,3.0,0.12,309.825,3.5383,38.910000000000004,35.536075592041016,4.98,0.0,0
47038,-1.5350000000000001,75.586,-0.5,0.0,448.83500000000004,0.0,0.0,0.0,5.737,0,3.0,0.135,309.6,-0.9073,38.34,35.536075592041016,4.98,0.0,0
47038,-6.992,75.586,-0.5,0.0,448.956,0.0,0.0,0.0,5.737,0,3.0,0.14,309.825,-2.1114,37.77,35.536075592041016,4.98,0.0,0
47038,-3.24,75.586,0.5,0.0,448.83500000000004,0.0,0.0,0.0,5.737,0,2.0,0.125,309.69,-1.9547,37.65,35.536075592041016,4.98,0.0,0
47038,-5.457,75.586,0.0,0.0,448.956,0.0,0.0,0.0,5.737,0,3.0,0.165,309.825,2.5073000000000003,37.5,35.536075592041016,4.98,0.0,0
47038,-1.705,75.586,-0.5,0.0,448.77500000000003,0.0,0.0,0.0,5.737,0,3.0,0.12,309.915,3.2826,38.1,35.536075592041016,4.98,0.0,0
47038,-5.627,75.586,0.5,0.0,449.017,0.0,0.0,0.0,5.737,0,2.0,0.12,309.825,1.3609,38.79,35.536075592041016,4.98,0.0,0
47038,-3.0700000000000003,75.586,0.0,0.0,449.379,0.0,0.0,0.0,5.737,0,4.0,0.13,309.69,-3.2084,40.29,35.536075592041016,4.98,0.0,0
47038,-4.604,75.586,0.5,0.0,449.19800000000004,0.0,0.0,0.0,5.737,0,4.0,0.13,309.825,-0.3547,39.93,35.536075592041016,4.98,0.0,0
47038,-1.8760000000000001,75.586,0.0,0.0,448.47200000000004,0.0,0.0,0.0,5.737,0,3.0,0.145,309.69,-0.5691,40.17,35.536075592041016,4.98,0.0,0
47038,-4.775,75.586,0.0,0.0,448.654,0.0,0.0,0.0,5.737,0,3.0,0.135,309.825,2.0455,39.75,35.536075592041016,4.98,0.0,0
47038,-2.5580000000000003,75.586,0.0,0.0,448.714,0.0,0.0,0.0,5.737,0,4.0,0.13,309.915,-1.6661000000000001,39.09,35.536075592041016,4.98,0.0,0
47038,-3.581,75.586,0.5,0.0,448.47200000000004,0.0,0.0,0.0,5.737,0,3.0,0.095,309.69,-0.066,37.74,35.536075592041016,4.98,0.0,0
47038,-2.0460000000000003,75.586,0.0,0.0,448.83500000000004,0.0,0.0,0.0,5.737,0,4.0,0.105,309.69,0.1567,36.96,35.536075592041016,4.98,0.0,0
47038,-2.0460000000000003,75.586,0.0,0.0,448.77500000000003,0.0,0.0,0.0,5.737,0,4.0,0.145,309.825,-0.8330000000000001,36.660000000000004,35.536075592041016,4.98,0.0,0
47038,-2.0460000000000003,75.586,0.0,0.0,448.654,0.0,0.0,0.0,5.737,0,4.0,0.075,309.825,0.17320000000000002,37.14,35.536075592041016,4.98,0.0,0
47038,-2.217,75.586,0.5,0.0,448.654,0.0,0.0,0.0,5.742,0,4.0,0.115,309.69,-2.3506,38.1,35.536075592041016,4.98,0.0,0
47038,-2.217,75.586,-0.5,0.0,448.593,0.0,0.0,0.0,5.742,0,3.0,0.105,309.69,-0.5691,39.24,35.536075592041016,4.98,0.0,0
47038,-2.217,75.586,-0.5,0.0,448.47200000000004,0.0,0.0,0.0,5.742,0,3.0,0.14,309.69,-2.1774,39.75,35.536075592041016,4.98,0.0,0
47038,-1.8760000000000001,75.586,-0.5,0.0,448.351,0.0,0.0,0.0,5.742,0,4.0,0.12,309.69,-3.563,40.32,35.536075592041016,4.98,0.0,0
47038,-2.217,75.586,0.0,0.0,448.47200000000004,0.0,0.0,0.0,5.742,0,2.0,0.105,309.825,3.563,40.14,35.536075592041016,4.98,0.0,0
47038,-2.217,75.586,-0.5,0.0,448.593,0.0,0.0,0.0,5.742,0,2.0,0.125,309.69,1.1877,39.63,35.536075592041016,4.98,0.0,0
47038,-2.217,75.586,0.5,0.0,448.533,0.0,0.0,0.0,5.737,0,3.0,0.12,309.69,-0.5938,38.76,35.536075592041016,4.98,0.0,0
47038,-1.8760000000000001,75.586,-0.5,0.0,448.654,0.0,0.0,0.0,5.742,0,2.0,0.105,309.69,2.3341000000000003,37.980000000000004,35.536075592041016,4.98,0.0,0
47038,-1.8760000000000001,75.586,0.5,0.0,448.41200000000003,0.0,0.0,0.0,5.742,0,4.0,0.12,309.825,1.3609,37.92,35.536075592041016,4.98,0.0,0
47038,-1.705,75.586,0.0,0.0,448.896,0.0,0.0,0.0,5.742,0,3.0,0.115,309.69,3.0352,37.11,35.536075592041016,4.98,0.0,0
47038,-2.0460000000000003,75.586,-0.5,0.0,448.896,0.0,0.0,0.0,5.742,0,3.0,0.11,309.69,2.1114,36.93,35.536075592041016,4.98,0.0,0
47038,-2.217,75.586,0.5,0.0,448.654,0.0,0.0,0.0,5.742,0,5.0,0.105,309.69,-1.1877,36.6,35.536075592041016,4.98,0.0,0
47038,-2.0460000000000003,75.586,-0.5,0.0,448.714,0.0,0.0,0.0,5.742,0,4.0,0.11,309.69,-3.8600000000000003,37.38,35.536075592041016,4.98,0.0,0
47038,-2.217,75.586,0.0,0.0,448.533,0.0,0.0,0.0,5.742,0,4.0,0.115,309.69,-0.39590000000000003,38.28,35.536075592041016,4.98,0.0,0
47038,-2.217,75.586,0.0,0.0,448.351,0.0,0.0,0.0,5.742,0,4.0,0.115,309.69,-0.7918000000000001,38.67,35.536075592041016,4.98,0.0,0
47038,-1.8760000000000001,75.586,0.0,0.0,448.291,0.0,0.0,0.0,5.742,0,4.0,0.11,309.825,4.3548,39.39,35.536075592041016,4.98,0.0,0
47038,-2.0460000000000003,75.586,0.0,0.0,448.47200000000004,0.0,0.0,0.0,5.742,0,4.0,0.135,309.825,-1.1547,39.660000000000004,35.536075592041016,4.98,0.0,0
47038,-1.8760000000000001,75.586,-0.5,0.0,448.47200000000004,0.0,0.0,0.0,5.742,0,3.0,0.13,309.69,-1.7155,39.21,35.536075592041016,4.98,0.0,0
47038,-1.705,75.586,0.0,0.0,448.47200000000004,0.0,0.0,0.0,5.742,0,4.0,0.09,309.69,1.6826,38.46,35.536075592041016,4.98,0.0,0
47038,-2.217,75.586,0.0,0.0,448.77500000000003,0.0,0.0,0.0,5.742,0,3.0,0.14,309.69,-0.39590000000000003,37.89,35.536075592041016,4.98,0.0,0
47038,-1.705,75.586,0.5,0.0,448.351,0.0,0.0,0.0,5.742,0,2.0,0.105,309.69,2.3754,37.92,35.536075592041016,4.98,0.0,0
47038,-2.0460000000000003,75.586,0.0,0.0,448.47200000000004,0.0,0.0,0.0,5.742,0,3.0,0.12,309.825,2.7713,37.65,35.536075592041016,4.98,0.0,0
47038,-1.705,75.586,-0.5,0.0,448.654,0.0,0.0,0.0,5.742,0,3.0,0.14,309.825,-0.099,37.050000000000004,35.536075592041016,4.98,0.0,0
47038,-1.705,75.586,0.0,0.0,448.41200000000003,0.0,0.0,0.0,5.742,0,2.0,0.125,309.69,-0.39590000000000003,36.09,35.536075592041016,4.98,0.0,0
47038,-2.0460000000000003,75.586,0.0,0.0,448.654,0.0,0.0,0.0,5.742,0,3.0,0.13,309.825,2.3754,36.42,35.536075592041016,4.98,0.0,0
47038,-2.0460000000000003,75.586,0.5,0.0,448.47200000000004,0.0,0.0,0.0,5.742,0,3.0,0.11,309.69,-1.3196,36.54,35.536075592041016,4.98,0.0,0
47038,-2.0460000000000003,75.586,0.5,0.0,448.533,0.0,0.0,0.0,5.742,0,2.0,0.12,309.69,-4.2229,38.31,35.536075592041016,4.98,0.0,0
47038,-1.8760000000000001,75.586,0.0,0.0,448.291,0.0,0.0,0.0,5.742,0,3.0,0.12,309.825,-2.3754,39.21,35.536075592041016,4.98,0.0,0
47038,-2.217,75.586,0.0,0.0,448.47200000000004,0.0,0.0,0.0,5.742,0,3.0,0.125,309.825,2.2764,39.480000000000004,35.536075592041016,4.98,0.0,0
47038,-1.8760000000000001,75.586,-0.5,0.0,448.896,0.0,0.0,0.0,5.742,0,4.0,0.14,309.825,5.1466,38.7,35.536075592041016,4.98,0.0,0
47038,-1.8760000000000001,75.586,0.5,0.0,448.47200000000004,0.0,0.0,0.0,5.742,0,3.0,0.17,309.825,0.0,38.97,35.536075592041016,4.98,0.0,0
47038,-2.0460000000000003,75.586,0.5,0.0,448.77500000000003,0.0,0.0,0.0,5.742,0,3.0,0.115,309.825,-0.39590000000000003,39.300000000000004,35.536075592041016,4.98,0.0,0
47038,-1.8760000000000001,75.586,-0.5,0.0,448.714,0.0,0.0,0.0,5.742,0,4.0,0.13,309.825,1.5836000000000001,39.06,35.536075592041016,4.98,0.0,0
47038,-1.705,75.586,-0.5,0.0,448.291,0.0,0.0,0.0,5.742,0,4.0,0.07,309.69,-2.7713,38.79,35.536075592041016,4.98,0.0,0
47038,-2.217,75.586,-0.5,0.0,448.291,0.0,0.0,0.0,5.742,0,4.0,0.06,309.6,-7.2251,37.08,35.536075592041016,4.98,0.0,0
47038,-1.8760000000000001,75.586,0.0,0.0,448.23,0.0,0.0,0.0,5.742,0,3.0,0.13,309.825,-0.7918000000000001,36.27,35.536075592041016,4.98,0.0,0
47038,-1.8760000000000001,75.586,0.0,0.0,448.533,0.0,0.0,0.0,5.742,0,3.0,0.13,309.825,2.8043,36.18,35.536075592041016,4.98,0.0,0
47038,-1.705,75.586,0.0,0.0,448.714,0.0,0.0,0.0,5.742,0,4.0,0.105,309.825,4.6188,37.11,35.536075592041016,4.98,0.0,0
47038,-1.8760000000000001,75.586,-0.5,0.0,448.714,0.0,0.0,0.0,5.742,0,4.0,0.135,309.69,3.2166,37.2,35.536075592041016,4.98,0.0,0
47038,-1.5350000000000001,75.586,0.5,0.0,448.41200000000003,0.0,0.0,0.0,5.742,0,3.0,0.1,309.69,0.8165,38.67,35.536075592041016,4.98,0.0,0
47038,-1.705,75.586,0.0,0.0,448.291,0.0,0.0,0.0,5.742,0,4.0,0.11,309.69,-1.1629,39.660000000000004,35.536075592041016,4.98,0.0,0
47038,-1.8760000000000001,75.586,0.0,0.0,448.533,0.0,0.0,0.0,5.742,0,5.0,0.14,309.825,0.0,40.11,35.536075592041016,4.98,0.0,0
47038,-1.705,75.586,0.0,0.0,448.291,0.0,0.0,0.0,5.742,0,5.0,0.085,309.69,-2.5733,40.230000000000004,35.536075592041016,4.98,0.0,0
47038,-1.8760000000000001,75.586,-0.5,0.0,448.291,0.0,0.0,0.0,5.742,0,4.0,0.1,309.825,0.39590000000000003,39.72,35.536075592041016,4.98,0.0,0
47038,-2.217,75.586,0.5,0.0,448.77500000000003,0.0,0.0,0.0,5.742,0,3.0,0.12,309.69,3.1919,38.88,35.536075592041016,4.98,0.0,0
47038,-1.705,75.586,0.0,0.0,448.593,0.0,0.0,0.0,5.742,0,4.0,0.08,309.825,3.7363000000000004,38.46,35.536075592041016,4.98,0.0,0
47038,-2.0460000000000003,75.586,0.0,0.0,448.77500000000003,0.0,0.0,0.0,5.742,0,3.0,0.115,309.915,-0.28040000000000004,38.31,35.536075592041016,4.98,0.0,0
47038,-2.217,75.586,0.0,0.0,448.896,0.0,0.0,0.0,5.742,0,3.0,0.11,309.825,0.5938,37.86,35.536075592041016,4.98,0.0,0
47038,-1.5350000000000001,75.586,-0.5,0.0,448.47200000000004,0.0,0.0,0.0,5.742,0,4.0,0.085,309.825,-0.6598,37.17,35.536075592041016,4.98,0.0,0
47038,-1.8760000000000001,75.586,-0.5,0.0,448.291,0.0,0.0,0.0,5.742,0,2.0,0.125,309.825,0.8330000000000001,37.08,35.536075592041016,4.98,0.0,0
47038,-1.705,75.586,0.0,0.0,448.47200000000004,0.0,0.0,0.0,5.742,0,3.0,0.11,309.825,-4.2889,37.44,35.536075592041016,4.98,0.0,0
47038,-2.0460000000000003,75.586,0.0,0.0,448.83500000000004,0.0,0.0,0.0,5.742,0,3.0,0.095,309.6,-4.577500000000001,38.910000000000004,35.536075592041016,4.98,0.0,0
47038,-1.8760000000000001,75.586,0.0,0.0,448.533,0.0,0.0,0.0,5.742,0,3.0,0.09,309.69,-1.4929000000000001,40.5,35.536075592041016,4.98,0.0,0
47038,-2.0460000000000003,75.586,0.0,0.0,448.291,0.0,0.0,0.0,5.742,0,2.0,0.105,309.825,0.8165,40.230000000000004,35.536075592041016,4.98,0.0,0
47038,-1.705,75.586,0.5,0.0,448.533,0.0,0.0,0.0,5.742,0,3.0,0.1,309.69,3.3486000000000002,40.47,35.536075592041016,4.98,0.0,0
47038,-1.8760000000000001,75.586,0.0,0.0,448.291,0.0,0.0,0.0,5.742,0,4.0,0.1,309.825,1.9547,40.08,35.536075592041016,4.98,0.0,0
47038,-1.5350000000000001,75.586,0.0,0.0,448.47200000000004,0.0,0.0,0.0,5.742,0,2.0,0.115,309.825,-5.476500000000001,39.0,35.536075592041016,4.98,0.0,0
47038,-1.705,75.586,0.0,0.0,448.291,0.0,0.0,0.0,5.742,0,2.0,0.09,309.825,-0.39590000000000003,38.64,35.536075592041016,4.98,0.0,0
47038,-1.8760000000000001,75.586,0.0,0.0,448.23,0.0,0.0,0.0,5.742,0,3.0,0.11,309.69,0.9485,38.58,35.536075592041016,4.98,0.0,0
47038,-1.705,75.586,0.0,0.0,448.47200000000004,0.0,0.0,0.0,5.742,0,2.0,0.095,309.69,-3.2496,37.77,35.536075592041016,4.98,0.0,0
47038,-1.8760000000000001,75.586,-0.5,0.0,448.47200000000004,0.0,0.0,0.0,5.742,0,2.0,0.095,309.825,0.7918000000000001,37.230000000000004,35.536075592041016,4.98,0.0,0
47038,-2.0460000000000003,75.586,0.0,0.0,448.714,0.0,0.0,0.0,5.742,0,4.0,0.105,309.915,7.5467,37.62,35.536075592041016,4.98,0.0,0
47038,-1.5350000000000001,75.586,0.0,0.0,448.593,0.0,0.0,0.0,5.742,0,4.0,0.105,309.825,-3.2579000000000002,38.13,35.536075592041016,4.98,0.0,0
47038,-2.217,75.586,0.0,0.0,448.10900000000004,0.0,0.0,0.2,5.742,0,3.0,0.09,309.69,-3.6043000000000003,39.33,35.536075592041016,4.98,0.0,0
47038,-1.364,75.586,0.0,0.0,448.10900000000004,0.0,0.0,0.0,5.742,0,4.0,0.11,309.825,-0.5114000000000001,40.410000000000004,35.536075592041016,4.98,0.0,0
47038,-1.5350000000000001,75.586,0.5,0.0,448.291,0.0,0.0,0.0,5.742,0,3.0,0.135,309.825,-0.5031,40.92,35.536075592041016,4.98,0.0,0
47038,-2.0460000000000003,75.586,0.5,0.0,448.291,0.0,0.0,0.0,5.742,0,3.0,0.1,309.825,3.2744,40.83,35.536075592041016,4.98,0.0,0
47038,-1.8760000000000001,75.586,-0.5,0.0,448.593,0.0,0.0,0.0,5.742,0,4.0,0.095,309.69,0.9897,39.660000000000004,35.536075592041016,4.98,0.0,0
47038,-1.705,75.586,0.0,0.0,448.41200000000003,0.0,0.0,0.0,5.742,0,3.0,0.08,309.69,-2.2846,38.82,35.536075592041016,4.98,0.0,0
47038,-2.0460000000000003,75.586,0.0,0.0,448.41200000000003,0.0,0.0,0.0,5.742,0,2.0,0.075,309.69,-2.5403000000000002,38.67,35.536075592041016,4.98,0.0,0
47038,-1.8760000000000001,75.586,-0.5,0.0,448.47200000000004,0.0,0.0,0.0,5.742,0,3.0,0.09,309.825,0.39590000000000003,37.35,35.536075592041016,4.98,0.0,0
47038,-1.5350000000000001,75.586,0.0,0.0,448.169,0.0,0.0,0.0,5.742,0,3.0,0.095,309.69,3.1672000000000002,37.29,35.536075592041016,4.98,0.0,0
47038,-1.5350000000000001,75.586,0.0,0.0,448.533,0.0,0.0,0.0,5.742,0,3.0,0.09,309.825,1.5836000000000001,37.47,35.536075592041016,4.98,0.0,0
47038,-2.0460000000000003,75.586,-0.5,0.0,448.291,0.0,0.0,0.0,5.742,0,3.0,0.095,309.825,-3.1672000000000002,37.5,35.536075592041016,4.98,0.0,0
47038,-1.705,75.586,0.0,0.0,448.291,0.0,0.0,0.0,5.742,0,3.0,0.07,309.825,2.7713,38.61,35.536075592041016,4.98,0.0,0
47038,-1.5350000000000001,75.586,-0.5,0.0,448.41200000000003,0.0,0.0,0.0,5.742,0,3.0,0.09,309.69,2.4743,38.82,35.536075592041016,4.98,0.0,0
47038,-1.5350000000000001,75.586,0.0,0.0,448.351,0.0,0.0,0.0,5.742,0,4.0,0.11,309.69,-5.938400000000001,40.11,35.536075592041016,4.98,0.0,0
47038,-2.0460000000000003,75.586,0.5,0.0,448.351,0.0,0.0,0.0,5.742,0,4.0,0.105,309.69,-3.0682,40.44,35.536075592041016,4.98,0.0,0
47038,-1.5350000000000001,75.586,0.0,0.0,448.593,0.0,0.0,0.0,5.742,0,3.0,0.11,309.825,5.1466,40.83,35.536075592041016,4.98,0.0,0
47038,-1.705,75.586,0.0,0.0,448.048,0.0,0.0,0.0,5.742,0,3.0,0.115,309.825,0.6928000000000001,40.44,35.536075592041016,4.98,0.0,0
47038,-1.8760000000000001,75.586,0.0,0.0,448.169,0.0,0.0,0.0,5.742,0,3.0,0.105,309.69,-1.9795,39.96,35.536075592041016,4.98,0.0,0
47038,-1.705,75.586,0.5,0.0,448.47200000000004,0.0,0.0,0.0,5.742,0,3.0,0.105,309.825,3.1672000000000002,39.75,35.536075592041016,4.98,0.0,0
47038,-1.8760000000000001,75.586,-0.5,0.0,448.47200000000004,0.0,0.0,0.0,5.742,0,3.0,0.11,309.825,1.1877,39.45,35.536075592041016,4.98,0.0,0
47038,-1.5350000000000001,75.586,0.5,0.0,448.47200000000004,0.0,0.0,0.0,5.742,0,3.0,0.085,309.69,-1.3196,39.0,35.536075592041016,4.98,0.0,0
47038,-1.705,75.586,0.0,0.0,448.47200000000004,0.0,0.0,0.0,5.742,0,3.0,0.045,309.825,-1.8475000000000001,38.04,35.536075592041016,4.98,0.0,0
47038,-1.705,75.586,0.0,0.0,448.47200000000004,0.0,0.0,0.0,5.742,0,3.0,0.06,309.825,-1.1877,38.01,35.536075592041016,4.98,0.0,0
47038,-1.8760000000000001,75.586,-0.5,0.0,448.41200000000003,0.0,0.0,0.0,5.742,0,3.0,0.075,309.825,-0.9238000000000001,38.01,35.536075592041016,4.98,0.0,0
47038,-1.705,75.586,0.0,0.0,448.593,0.0,0.0,0.0,5.742,0,3.0,0.09,309.825,2.3506,38.28,35.536075592041016,4.98,0.0,0
47038,-1.5350000000000001,75.586,0.0,0.0,448.654,0.0,0.0,0.0,5.742,0,3.0,0.09,309.825,1.9795,39.39,35.536075592041016,4.98,0.0,0
47038,-1.5350000000000001,75.586,0.0,0.0,448.47200000000004,0.0,0.0,0.0,5.742,0,4.0,0.105,309.69,-0.37120000000000003,40.77,35.536075592041016,4.98,0.0,0
47038,-1.705,75.586,0.5,0.0,448.291,0.0,0.0,0.0,5.742,0,4.0,0.13,309.69,-5.5178,41.04,35.536075592041016,4.98,0.0,0
47038,-2.0460000000000003,75.586,0.0,0.0,447.806,0.0,0.0,0.0,5.742,0,4.0,0.11,309.825,-0.9897,41.7,35.536075592041016,4.98,0.0,0
47038,-1.705,75.586,0.0,0.0,447.927,0.0,0.0,0.0,5.742,0,3.0,0.055,309.825,4.7507,40.95,35.536075592041016,4.98,0.0,0
47038,-1.705,75.586,0.5,0.0,447.988,0.0,0.0,0.0,5.742,0,3.0,0.08,309.915,2.2681,39.84,35.536075592041016,4.98,0.0,0
47038,-1.5350000000000001,75.586,0.0,0.0,447.867,0.0,0.0,0.0,5.742,0,3.0,0.09,309.825,1.8887,39.51,35.536075592041016,4.98,0.0,0
47038,-1.705,75.586,-0.5,0.0,448.41200000000003,0.0,0.0,0.0,5.742,0,3.0,0.06,309.825,0.0,38.82,35.536075592041016,4.98,0.0,0
47038,-1.5350000000000001,75.586,0.0,0.0,448.77500000000003,0.0,0.0,0.0,5.742,0,2.0,0.085,309.825,-1.5176,37.95,35.536075592041016,4.98,0.0,0
47038,-1.705,75.586,0.5,0.0,448.351,0.0,0.0,0.0,5.742,0,3.0,0.085,309.825,0.39590000000000003,37.17,35.536075592041016,4.98,0.0,0
47038,-1.5350000000000001,75.586,0.5,0.0,448.41200000000003,0.0,0.0,0.0,5.742,0,3.0,0.09,309.915,1.6331,37.89,35.536075592041016,4.98,0.0,0
47038,-1.705,75.586,0.0,0.0,448.83500000000004,0.0,0.0,0.0,5.742,0,3.0,0.075,309.69,2.0702000000000003,39.03,35.536075592041016,4.98,0.0,0
47038,-1.5350000000000001,75.586,0.0,0.0,448.47200000000004,0.0,0.0,0.0,5.742,0,3.0,0.115,309.69,-6.375500000000001,39.72,35.536075592041016,4.98,0.0,0
47038,-1.705,75.586,0.0,0.0,448.291,0.0,0.0,0.0,5.742,0,3.0,0.095,309.825,-6.3838,40.59,35.536075592041016,4.98,0.0,0
47038,-1.5350000000000001,75.586,0.5,0.0,448.291,0.0,0.0,0.0,5.742,0,4.0,0.11,309.825,2.7713,40.56,35.536075592041016,4.98,0.0,0
47038,-1.705,75.586,0.0,0.0,448.533,0.0,0.0,0.0,5.742,0,3.0,0.085,309.825,5.5178,40.89,35.536075592041016,4.98,0.0,0
47038,-1.5350000000000001,75.586,0.0,0.0,448.533,0.0,0.0,0.0,5.742,0,2.0,0.07,309.825,5.4435,41.01,35.536075592041016,4.98,0.0,0
47038,-1.705,75.586,0.5,0.0,448.714,0.0,0.0,0.0,5.742,0,3.0,0.075,309.69,-4.0909,40.17,35.536075592041016,4.98,0.0,0
47038,-1.364,75.586,0.0,0.0,448.896,0.0,0.0,0.0,5.742,0,2.0,0.08,309.825,-0.7918000000000001,39.54,35.536075592041016,4.98,0.0,0
47038,-1.5350000000000001,75.586,0.5,0.0,448.83500000000004,0.0,0.0,0.0,5.742,0,2.0,0.075,309.825,2.5073000000000003,38.94,35.536075592041016,4.98,0.0,0
47038,-1.364,75.586,-0.5,0.0,448.169,0.0,0.0,0.0,5.742,0,3.0,0.095,309.825,-0.8908,38.25,35.536075592041016,4.98,0.0,0
47038,-1.5350000000000001,75.586,-0.5,0.0,448.291,0.0,0.0,0.0,5.742,0,2.0,0.075,309.825,-0.39590000000000003,37.71,35.536075592041016,4.98,0.0,0
47038,-1.5350000000000001,75.586,0.0,0.0,448.593,0.0,0.0,0.0,5.742,0,2.0,0.09,309.69,0.099,37.53,35.536075592041016,4.98,0.0,0
47038,-1.5350000000000001,75.586,0.0,0.0,448.593,0.0,0.0,0.0,5.742,0,3.0,0.09,309.69,-0.17320000000000002,37.5,35.536075592041016,4.98,0.0,0
47038,-1.5350000000000001,75.586,0.0,0.0,448.593,0.0,0.0,0.0,5.742,0,3.0,0.09,309.69,-2.1527000000000003,37.92,35.536075592041016,4.98,0.0,0
47038,-1.5350000000000001,75.586,0.0,0.0,448.654,0.0,0.0,0.0,5.742,0,3.0,0.085,309.825,-3.1672000000000002,39.06,35.536075592041016,4.98,0.0,0
47038,-1.364,75.586,0.0,0.0,448.654,0.0,0.0,0.0,5.742,0,3.0,0.075,309.69,3.1672000000000002,40.68,35.536075592041016,4.98,0.0,0
47038,-1.5350000000000001,75.586,0.0,0.0,448.83500000000004,0.0,0.0,0.0,5.742,0,3.0,0.085,309.69,1.5836000000000001,41.31,35.536075592041016,4.98,0.0,0
47038,-1.5350000000000001,75.586,0.0,0.0,448.77500000000003,0.0,0.0,0.0,5.742,0,4.0,0.095,309.69,0.0247,40.71,35.536075592041016,4.98,0.0,0
47038,-1.5350000000000001,75.586,0.5,0.0,448.714,0.0,0.0,0.0,5.742,0,4.0,0.08,309.69,-0.1072,39.72,35.536075592041016,4.98,0.0,0
47038,-1.8760000000000001,75.586,0.0,0.0,448.654,0.0,0.0,0.0,5.742,0,2.0,0.1,309.825,-1.4764000000000002,39.75,35.536075592041016,4.98,0.0,0
47038,-1.705,75.586,0.5,0.0,448.654,0.0,0.0,0.0,5.742,0,3.0,0.095,309.69,3.0599000000000003,40.02,35.536075592041016,4.98,0.0,0
47038,-1.5350000000000001,75.586,0.0,0.0,448.714,0.0,0.0,0.0,5.742,0,3.0,0.085,309.69,0.132,38.910000000000004,35.536075592041016,4.98,0.0,0
47038,-1.705,75.586,0.0,0.0,448.654,0.0,0.0,0.0,5.742,0,2.0,0.085,309.825,-2.1774,38.4,35.536075592041016,4.98,0.0,0
47038,-1.5350000000000001,75.586,0.5,0.0,448.77500000000003,0.0,0.0,0.0,5.742,0,2.0,0.08,309.69,1.9795,36.96,35.536075592041016,4.98,0.0,0
47038,-2.0460000000000003,75.586,0.0,0.0,448.47200000000004,0.0,0.0,0.0,5.742,0,2.0,0.09,309.69,-0.9238000000000001,37.2,35.536075592041016,4.98,0.0,0
47038,-1.5350000000000001,75.586,-0.5,0.0,448.593,0.0,0.0,0.0,5.742,0,2.0,0.08,309.825,-0.5279,38.1,35.536075592041016,4.98,0.0,0
47038,-1.705,75.586,0.0,0.0,448.956,0.0,0.0,0.0,5.742,0,2.0,0.075,309.825,2.7465,39.660000000000004,35.536075592041016,4.98,0.0,0
47038,-1.364,75.586,0.0,0.0,448.83500000000004,0.0,0.0,0.0,5.742,0,3.0,0.11,309.825,0.6351,41.25,35.536075592041016,4.98,0.0,0
47038,-1.5350000000000001,75.586,0.0,0.0,448.654,0.0,0.0,0.0,5.742,0,3.0,0.08,309.825,-1.5011,41.28,35.536075592041016,4.98,0.0,0
47038,-1.0230000000000001,75.586,-0.5,0.0,448.47200000000004,0.0,0.0,0.0,5.742,0,2.0,0.095,309.915,2.8867000000000003,41.37,35.536075592041016,4.98,0.0,0
47038,-1.5350000000000001,75.586,0.5,0.0,448.47200000000004,0.0,0.0,0.0,5.742,0,3.0,0.09,309.69,1.1877,40.35,35.536075592041016,4.98,0.0,0
47038,-1.364,75.586,0.5,0.0,448.291,0.0,0.0,0.0,5.742,0,3.0,0.1,309.825,-5.4106000000000005,39.93,35.536075592041016,4.98,0.0,0
47038,-1.364,75.586,0.0,0.0,448.47200000000004,0.0,0.0,0.0,5.742,0,3.0,0.085,309.825,-1.3196,38.88,35.536075592041016,4.98,0.0,0
47038,-1.5350000000000001,75.586,0.0,0.0,448.654,0.0,0.0,0.0,5.742,0,4.0,0.09,309.825,-0.8165,38.58,35.536075592041016,4.98,0.0,0
47038,-1.364,75.586,0.0,0.0,448.77500000000003,0.0,0.0,0.0,5.742,0,4.0,0.085,309.825,0.37120000000000003,37.59,35.536075592041016,4.98,0.0,0
47038,-1.5350000000000001,75.586,-0.5,0.0,448.593,0.0,0.0,0.0,5.742,0,4.0,0.09,309.825,-1.9795,36.78,35.536075592041016,4.98,0.0,0
47038,-1.5350000000000001,75.586,0.5,0.0,448.654,0.0,0.0,0.0,5.742,0,3.0,0.085,309.825,-1.6743000000000001,36.78,35.536075592041016,4.98,0.0,0
47038,-1.5350000000000001,75.586,-0.5,0.0,448.533,0.0,0.0,0.0,5.742,0,2.0,0.095,309.825,-1.7155,36.9,35.536075592041016,4.98,0.0,0
47038,-1.5350000000000001,75.586,0.0,0.0,448.533,0.0,0.0,0.0,5.742,0,2.0,0.09,309.825,5.5425,38.31,35.536075592041016,4.98,0.0,0
47038,-1.5350000000000001,75.586,0.0,0.0,448.47200000000004,0.0,0.0,0.0,5.742,0,2.0,0.105,309.825,0.0,39.51,35.536075592041016,4.98,0.0,0
47038,-1.5350000000000001,75.586,0.5,0.0,448.533,0.0,0.0,0.0,5.742,0,3.0,0.09,309.825,-1.5836000000000001,40.2,35.536075592041016,4.98,0.0,0
47038,-1.705,75.586,0.0,0.0,448.47200000000004,0.0,0.0,0.0,5.742,0,2.0,0.08,309.825,0.39590000000000003,40.26,35.536075592041016,4.98,0.0,0
47038,-1.5350000000000001,75.586,0.0,0.0,448.351,0.0,0.0,0.0,5.742,0,3.0,0.07,309.825,-1.5836000000000001,39.75,35.536075592041016,4.98,0.0,0
47038,-1.5350000000000001,75.586,0.5,0.0,448.533,0.0,0.0,0.0,5.742,0,3.0,0.05,309.825,1.3196,38.76,35.536075592041016,4.98,0.0,0
47038,-1.5350000000000001,75.586,0.0,0.0,448.77500000000003,0.0,0.0,0.0,5.742,0,3.0,0.05,309.69,-2.8043,38.28,35.536075592041016,4.98,0.0,0
47038,-1.5350000000000001,75.586,0.0,0.0,448.77500000000003,0.0,0.0,0.0,5.742,0,3.0,0.07,309.69,-5.938400000000001,38.34,35.536075592041016,4.98,0.0,0
47038,-1.5350000000000001,75.586,-0.5,0.0,448.47200000000004,0.0,0.0,0.0,5.742,0,3.0,0.06,309.69,2.4743,38.88,35.536075592041016,4.98,0.0,0
47038,-1.194,75.586,0.0,0.0,448.654,0.0,0.0,0.0,5.742,0,4.0,0.09,309.69,2.6393,37.980000000000004,35.536075592041016,4.98,0.0,0
47038,-1.5350000000000001,75.586,-0.5,0.0,448.47200000000004,0.0,0.0,0.0,5.742,0,3.0,0.055,309.825,2.8043,37.230000000000004,35.536075592041016,4.98,0.0,0
47038,-1.5350000000000001,75.586,0.0,0.0,448.41200000000003,0.0,0.0,0.0,5.742,0,3.0,0.08,309.825,2.6393,37.14,35.536075592041016,4.98,0.0,0
47038,-1.5350000000000001,75.586,0.0,0.0,448.533,0.0,0.0,0.0,5.742,0,3.0,0.075,309.69,1.3196,37.59,35.536075592041016,4.98,0.0,0
47038,-1.364,75.586,0.0,0.0,448.593,0.0,0.0,0.0,5.742,0,4.0,0.06,309.825,2.1114,38.61,35.536075592041016,4.98,0.0,0
47038,-1.364,75.586,0.0,0.0,448.533,0.0,0.0,0.0,5.742,0,3.0,0.06,309.825,-0.7918000000000001,39.51,35.536075592041016,4.98,0.0,0
47038,-1.5350000000000001,75.586,-0.5,0.0,448.83500000000004,0.0,0.0,0.0,5.742,0,3.0,0.07,309.825,-0.132,40.35,35.536075592041016,4.98,0.0,0
47038,-1.5350000000000001,75.586,0.5,0.0,448.47200000000004,0.0,0.0,0.0,5.742,0,3.0,0.045,309.69,-0.6928000000000001,39.78,35.536075592041016,4.98,0.0,0
47038,-1.5350000000000001,75.586,0.0,0.0,448.654,0.0,0.0,0.0,5.742,0,3.0,0.085,309.69,-3.563,39.45,35.536075592041016,4.98,0.0,0
47038,-1.705,75.586,-0.5,0.0,448.77500000000003,0.0,0.0,0.0,5.742,0,3.0,0.085,309.69,-0.6928000000000001,38.7,35.536075592041016,4.98,0.0,0
47038,-1.5350000000000001,75.586,0.0,0.0,448.47200000000004,0.0,0.0,0.0,5.742,0,3.0,0.085,309.825,3.1672000000000002,37.95,35.536075592041016,4.98,0.0,0
47038,-1.5350000000000001,75.586,0.5,0.0,448.47200000000004,0.0,0.0,0.0,5.742,0,2.0,0.08,309.825,2.2764,37.38,35.536075592041016,4.98,0.0,0
47038,-1.5350000000000001,75.586,0.5,0.0,448.714,0.0,0.0,0.0,5.742,0,3.0,0.005,309.915,6.2023,36.99,35.536075592041016,4.98,0.0,0
47038,-1.5350000000000001,75.586,0.0,0.0,448.956,0.0,0.0,0.0,5.742,0,4.0,0.075,309.825,0.5279,38.28,35.536075592041016,4.98,0.0,0
47038,-1.705,75.586,-0.5,0.0,448.351,0.0,0.0,0.0,5.742,0,3.0,0.1,309.69,-6.4663,38.64,35.536075592041016,4.98,0.0,0
47038,-1.5350000000000001,75.586,0.0,0.0,448.41200000000003,0.0,0.0,0.0,5.742,0,3.0,0.085,309.69,-2.2104,39.09,35.536075592041016,4.98,0.0,0
47038,-1.5350000000000001,75.586,0.5,0.0,448.714,0.0,0.0,0.0,5.742,0,2.0,0.06,309.69,-2.1114,40.050000000000004,35.536075592041016,4.98,0.0,0
47038,-1.194,75.586,0.0,0.0,448.593,0.0,0.0,0.0,5.742,0,3.0,0.115,309.69,0.0,40.410000000000004,35.536075592041016,4.98,0.0,0
47038,-1.5350000000000001,75.586,0.0,0.0,448.83500000000004,0.0,0.0,0.0,5.742,0,3.0,0.05,309.825,2.7713,40.38,35.536075592041016,4.98,0.0,0
47038,-1.194,75.586,0.0,0.0,448.654,0.0,0.0,0.0,5.742,0,3.0,0.08,309.915,0.8908,40.02,35.536075592041016,4.98,0.0,0
47038,-1.5350000000000001,75.586,0.0,0.0,448.533,0.0,0.0,0.0,5.742,0,3.0,0.075,309.825,3.1672000000000002,39.63,35.536075592041016,4.98,0.0,0
47038,-1.364,75.586,0.5,0.0,448.77500000000003,0.0,0.0,0.0,5.742,0,3.0,0.075,309.825,-2.9032,38.61,35.536075592041016,4.98,0.0,0
47038,-1.5350000000000001,75.586,0.0,0.0,448.714,0.0,0.0,0.0,5.742,0,3.0,0.135,309.69,-2.6393,38.22,35.536075592041016,4.98,0.0,0
47038,-1.8760000000000001,75.586,0.0,0.0,448.896,0.0,0.0,0.0,5.742,0,4.0,0.095,309.825,3.1672000000000002,38.46,35.536075592041016,4.98,0.0,0
47038,-1.194,75.586,0.0,0.0,448.896,0.0,0.0,0.0,5.742,0,3.0,0.085,309.825,3.761,38.49,35.536075592041016,4.98,0.0,0
47038,-1.194,75.586,0.5,0.0,448.956,0.0,0.0,0.0,5.742,0,3.0,0.06,309.825,-2.9692000000000003,38.37,35.536075592041016,4.98,0.0,0
47038,-1.364,75.586,0.0,0.0,448.47200000000004,0.0,0.0,0.0,5.742,0,3.0,0.07,309.915,1.8063,38.910000000000004,35.536075592041016,4.98,0.0,0
47038,-1.194,75.586,0.0,0.0,448.593,0.0,0.0,0.2,5.742,0,3.0,0.055,309.825,-0.132,39.18,35.536075592041016,4.98,0.0,0
47038,-1.705,75.586,-0.5,0.0,448.351,0.0,0.0,0.0,5.742,0,2.0,0.07,309.825,-2.4661,39.480000000000004,35.536075592041016,4.98,0.0,0
47038,-1.5350000000000001,75.586,0.5,0.0,448.593,0.0,0.0,0.0,5.742,0,3.0,0.105,309.825,-2.4249,39.93,35.536075592041016,4.98,0.0,0
47038,-1.705,75.586,-0.5,0.0,448.291,0.0,0.0,0.0,5.742,0,3.0,0.1,309.825,2.1527000000000003,40.47,35.536075592041016,4.98,0.0,0
47038,-1.5350000000000001,75.586,0.0,0.0,448.351,0.0,0.0,0.0,5.742,0,3.0,0.065,309.915,2.2929,39.9,35.536075592041016,4.98,0.0,0
47038,-1.5350000000000001,75.586,0.0,0.0,448.77500000000003,0.0,0.0,0.0,5.742,0,3.0,0.07,309.915,-0.3052,40.17,35.536075592041016,4.98,0.0,0
47038,-1.194,75.586,0.5,0.0,448.291,0.0,0.0,0.0,5.742,0,3.0,0.085,309.825,-2.1774,39.78,35.536075592041016,4.98,0.0,0
47038,-1.5350000000000001,75.586,-0.5,0.0,448.47200000000004,0.0,0.0,0.0,5.742,0,3.0,0.16,309.69,-4.726,39.42,35.536075592041016,4.98,0.0,0
47038,-1.364,75.586,0.0,0.0,448.956,0.0,0.0,0.0,5.742,0,3.0,0.085,309.825,-4.6683,39.03,35.536075592041016,4.98,0.0,0
47038,-1.705,75.586,0.0,0.0,448.77500000000003,0.0,0.0,0.0,5.742,0,3.0,0.095,309.915,2.9115,38.43,35.536075592041016,4.98,0.0,0
47038,-1.364,75.586,0.0,0.0,448.714,0.0,0.0,0.0,5.742,0,3.0,0.05,309.825,3.6043000000000003,37.83,35.536075592041016,4.98,0.0,0
47038,-1.194,75.586,-0.5,0.0,448.291,0.0,0.0,0.0,5.742,0,4.0,0.07,309.825,-0.8825000000000001,37.95,35.536075592041016,4.98,0.0,0
47038,-1.5350000000000001,75.586,0.0,0.0,448.593,0.0,0.0,0.0,5.742,0,2.0,0.085,309.69,-2.7960000000000003,38.67,35.536075592041016,4.98,0.0,0
47038,-1.364,75.586,0.0,0.0,448.47200000000004,0.0,0.0,0.0,5.742,0,3.0,0.055,309.825,1.3609,39.99,35.536075592041016,4.98,0.0,0
47038,-1.194,75.586,0.0,0.0,448.351,0.0,0.0,0.0,5.742,0,3.0,0.085,309.915,0.7093,41.07,35.536075592041016,4.98,0.0,0
47038,-1.5350000000000001,75.586,0.0,0.0,448.291,0.0,0.0,0.0,5.742,0,2.0,0.11,309.825,2.9032,40.56,35.536075592041016,4.98,0.0,0
47038,-1.364,75.586,0.0,0.0,448.77500000000003,0.0,0.0,0.0,5.742,0,3.0,0.09,309.825,2.1774,39.6,35.536075592041016,4.98,0.0,0
47038,-1.364,75.586,0.0,0.0,449.13800000000003,0.0,0.0,0.0,5.742,0,3.0,0.035,309.69,-3.2331000000000003,39.27,35.536075592041016,4.98,0.0,0
47038,-1.5350000000000001,75.586,0.5,0.0,448.83500000000004,0.0,0.0,0.0,5.742,0,3.0,0.05,309.825,-4.2229,39.42,35.536075592041016,4.98,0.0,0
47038,-1.5350000000000001,75.586,0.0,0.0,448.654,0.0,0.0,0.0,5.742,0,3.0,0.065,309.825,-0.9897,39.03,35.536075592041016,4.98,0.0,0
47038,-1.0230000000000001,75.586,0.0,0.0,448.654,0.0,0.0,0.0,5.742,0,3.0,0.07,309.825,4.1321,38.97,35.536075592041016,4.98,0.0,0
47038,-1.5350000000000001,75.586,0.0,0.0,448.654,0.0,0.0,0.0,5.742,0,3.0,0.1,309.825,-0.39590000000000003,38.37,35.536075592041016,4.98,0.0,0
47038,-1.5350000000000001,75.586,0.0,0.0,448.593,0.0,0.0,0.0,5.742,0,3.0,0.085,309.825,0.0,38.37,35.536075592041016,4.98,0.0,0
47038,-1.364,75.586,0.0,0.0,448.593,0.0,0.0,0.0,5.742,0,3.0,0.06,309.915,-0.5938,37.44,35.536075592041016,4.98,0.0,0
47038,-1.364,75.586,0.0,0.0,448.47200000000004,0.0,0.0,0.0,5.742,0,3.0,0.05,309.69,1.7155,38.46,35.536075592041016,4.98,0.0,0
47038,-1.5350000000000001,75.586,0.0,0.0,448.654,0.0,0.0,0.0,5.742,0,3.0,0.07,309.825,1.0557,40.11,35.536075592041016,4.98,0.0,0
47038,-1.194,75.586,0.0,0.0,448.654,0.0,0.0,0.0,5.742,0,3.0,0.065,309.69,-4.7507,40.77,35.536075592041016,4.98,0.0,0
47038,-1.364,75.586,0.0,0.0,448.956,0.0,0.0,0.0,5.742,0,3.0,0.06,309.825,-3.2661000000000002,40.77,35.536075592041016,4.98,0.0,0
47038,-1.364,75.586,0.5,0.0,448.956,0.0,0.0,0.0,5.742,0,2.0,0.08,309.69,-1.5836000000000001,40.62,35.536075592041016,4.98,0.0,0
47038,-1.5350000000000001,75.586,0.5,0.0,448.593,0.0,0.0,0.0,5.742,0,3.0,0.065,309.69,0.7918000000000001,39.69,35.536075592041016,4.98,0.0,0
47038,-1.705,75.586,0.0,0.0,448.83500000000004,0.0,0.0,0.0,5.742,0,3.0,0.05,309.69,-5.1466,39.63,35.536075592041016,4.98,0.0,0
47038,-1.194,75.586,-0.5,0.0,448.83500000000004,0.0,0.0,0.0,5.742,0,3.0,0.085,309.825,1.4846000000000001,39.93,35.536075592041016,4.98,0.0,0
47038,-1.5350000000000001,75.586,-0.5,0.0,448.77500000000003,0.0,0.0,0.0,5.742,0,4.0,0.07,309.825,4.3548,39.57,35.536075592041016,4.98,0.0,0
47038,-1.5350000000000001,75.586,0.0,0.0,448.896,0.0,0.0,0.0,5.742,0,3.0,0.07,309.69,0.0,39.15,35.536075592041016,4.98,0.0,0
47038,-1.5350000000000001,75.586,0.0,0.0,448.83500000000004,0.0,0.0,0.0,5.742,0,3.0,0.075,309.825,0.39590000000000003,38.25,35.536075592041016,4.98,0.0,0
47038,-1.364,75.586,0.0,0.0,448.593,0.0,0.0,0.0,5.742,0,3.0,0.075,309.69,-0.6928000000000001,37.77,35.536075592041016,4.98,0.0,0
47038,-1.364,75.586,0.0,0.0,448.714,0.0,0.0,0.0,5.742,0,3.0,0.07,309.69,-0.7918000000000001,38.34,35.536075592041016,4.98,0.0,0
47038,-1.5350000000000001,75.586,0.0,0.0,448.654,0.0,0.0,0.0,5.742,0,3.0,0.085,309.69,0.8908,39.84,35.536075592041016,4.98,0.0,0
47038,-1.364,75.586,0.0,0.0,448.77500000000003,0.0,0.0,0.0,5.742,0,3.0,0.075,309.69,0.0,41.52,35.536075592041016,4.98,0.0,0
47038,-1.5350000000000001,75.586,0.0,0.0,448.956,0.0,0.0,0.0,5.742,0,3.0,0.05,309.915,0.8908,41.4,35.536075592041016,4.98,0.0,0
47038,-1.194,75.586,0.0,0.0,448.654,0.0,0.0,0.0,5.742,0,3.0,0.075,309.915,3.6950000000000003,40.38,35.536075592041016,4.98,0.0,0
47038,-1.5350000000000001,75.586,0.0,0.0,448.654,0.0,0.0,0.0,5.742,0,3.0,0.07,309.69,2.7713,40.29,35.536075592041016,4.98,0.0,0
47038,-1.705,75.586,0.0,0.0,448.654,0.0,0.0,0.2,5.742,0,3.0,0.09,309.825,3.4723,39.51,35.536075592041016,4.98,0.0,0
47038,-1.194,75.586,0.0,0.0,448.593,0.0,0.0,0.0,5.742,0,3.0,0.085,309.825,3.7115,39.300000000000004,35.536075592041016,4.98,0.0,0
47038,-1.5350000000000001,75.586,0.0,0.0,448.593,0.0,0.0,0.0,5.742,0,3.0,0.085,309.825,-0.9073,38.76,35.536075592041016,4.98,0.0,0
47038,-1.5350000000000001,75.586,-0.5,0.0,448.654,0.0,0.0,0.0,5.742,0,3.0,0.075,309.825,-1.1217000000000001,38.58,35.536075592041016,4.98,0.0,0
47038,-1.705,75.586,0.0,0.0,448.77500000000003,0.0,0.0,0.0,5.742,0,3.0,0.065,309.825,-0.9073,37.92,35.536075592041016,4.98,0.0,0
47038,-1.364,75.586,0.0,0.0,448.956,0.0,0.0,0.0,5.742,0,4.0,0.06,309.825,-4.5528,37.68,35.536075592041016,4.98,0.0,0
47038,-1.364,75.586,0.0,0.0,448.654,0.0,0.0,0.0,5.742,0,3.0,0.055,309.69,0.6846,37.74,35.536075592041016,4.98,0.0,0
47038,-1.194,75.586,0.0,0.0,448.654,0.0,0.0,0.0,5.742,0,3.0,0.07,309.69,0.5526,37.980000000000004,35.536075592041016,4.98,0.0,0
47038,-1.705,75.586,0.0,0.0,448.714,0.0,0.0,0.0,5.742,0,3.0,0.075,309.825,-3.7198,39.300000000000004,35.536075592041016,4.98,0.0,0
47038,-1.364,75.586,-0.5,0.0,448.47200000000004,0.0,0.0,0.0,5.742,0,3.0,0.085,309.825,2.4826,40.050000000000004,35.536075592041016,4.98,0.0,0
47038,-1.5350000000000001,75.586,-0.5,0.0,448.47200000000004,0.0,0.0,0.0,5.742,0,3.0,0.08,309.825,5.1219,40.980000000000004,35.536075592041016,4.98,0.0,0
47038,-1.364,75.586,0.0,0.0,448.654,0.0,0.0,0.0,5.742,0,3.0,0.075,309.6,-5.6332,40.68,35.536075592041016,4.98,0.0,0
47038,-1.364,75.586,0.0,0.0,448.654,0.0,0.0,0.0,5.742,0,3.0,0.07,309.825,-2.7053000000000003,39.33,35.536075592041016,4.98,0.0,0
47038,-0.853,75.586,0.0,0.0,448.714,0.0,0.0,0.0,5.742,0,3.0,0.075,309.825,1.9795,38.58,35.536075592041016,4.98,0.0,0
47038,-1.364,75.586,0.0,0.0,448.83500000000004,0.0,0.0,0.0,5.742,0,3.0,0.075,309.915,3.7198,38.19,35.536075592041016,4.98,0.0,0
47038,-1.5350000000000001,75.586,0.0,0.0,448.956,0.0,0.0,0.0,5.742,0,3.0,0.075,309.825,-0.7258,37.68,35.536075592041016,4.98,0.0,0
47038,-1.194,75.586,0.0,0.0,448.83500000000004,0.0,0.0,0.0,5.742,0,2.0,0.08,309.825,2.7465,37.47,35.536075592041016,4.98,0.0,0
47038,-1.194,75.586,0.0,0.0,448.77500000000003,0.0,0.0,0.0,5.742,0,3.0,0.07,309.69,-3.2579000000000002,37.5,35.536075592041016,4.98,0.0,0
47038,-1.5350000000000001,75.586,0.0,0.0,448.77500000000003,0.0,0.0,0.0,5.742,0,3.0,0.075,309.69,-4.5528,37.11,35.536075592041016,4.98,0.0,0
47038,-0.853,75.586,0.0,0.0,448.47200000000004,0.0,0.0,0.0,5.742,0,3.0,0.08,309.825,0.9238000000000001,38.730000000000004,35.536075592041016,4.98,0.0,0
47038,-1.364,75.586,0.0,0.0,448.77500000000003,0.0,0.0,0.0,5.742,0,3.0,0.075,309.69,0.5938,39.93,35.536075592041016,4.98,0.0,0
47038,-1.5350000000000001,75.586,0.0,0.0,449.13800000000003,0.0,0.0,0.0,5.742,0,3.0,0.055,309.825,0.43710000000000004,40.5,35.536075592041016,4.98,0.0,0
47038,-1.5350000000000001,75.586,0.0,0.0,449.13800000000003,0.0,0.0,0.0,5.742,0,4.0,0.075,309.69,0.3052,40.11,35.536075592041016,4.98,0.0,0
47038,-1.364,75.586,0.0,0.0,448.77500000000003,0.0,0.0,0.0,5.742,0,3.0,0.055,309.825,0.767,39.9,35.536075592041016,4.98,0.0,0
47038,-1.194,75.586,0.0,0.0,448.593,0.0,0.0,0.0,5.742,0,3.0,0.085,309.6,-3.1919,39.09,35.536075592041016,4.98,0.0,0
47038,-1.0230000000000001,75.586,0.0,0.0,448.77500000000003,0.0,0.0,0.0,5.742,0,3.0,0.08,309.69,-0.6598,38.13,35.536075592041016,4.98,0.0,0
47038,-1.5350000000000001,75.586,-0.5,0.0,448.714,0.0,0.0,0.0,5.742,0,3.0,0.07,309.915,2.664,38.01,35.536075592041016,4.98,0.0,0
47038,-1.364,75.586,0.0,0.0,448.714,0.0,0.0,0.0,5.742,0,3.0,0.08,309.69,6.1859,37.56,35.536075592041016,4.98,0.0,0
47038,-1.364,75.586,0.0,0.0,448.47200000000004,0.0,0.0,0.0,5.742,0,3.0,0.075,309.69,-1.0310000000000001,37.62,35.536075592041016,4.98,0.0,0
47038,-1.0230000000000001,75.586,0.0,0.0,448.654,0.0,0.0,0.0,5.742,0,3.0,0.08,309.69,-3.9177000000000004,38.01,35.536075592041016,4.98,0.0,0
47038,-1.5350000000000001,75.586,0.0,0.0,448.654,0.0,0.0,0.0,5.742,0,4.0,0.08,309.69,-3.5301,38.13,35.536075592041016,4.98,0.0,0
47038,-1.5350000000000001,75.586,-0.5,0.0,448.714,0.0,0.0,0.0,5.742,0,3.0,0.075,309.69,-0.39590000000000003,38.13,35.536075592041016,4.98,0.0,0
47038,-1.194,75.586,0.0,0.0,448.77500000000003,0.0,0.0,0.0,5.742,0,3.0,0.07,309.825,1.7485000000000002,38.58,35.536075592041016,4.98,0.0,0
47038,-1.364,75.586,0.0,0.0,448.654,0.0,0.0,0.0,5.742,0,3.0,0.065,309.915,5.1466,39.06,35.536075592041016,4.98,0.0,0
47038,-1.194,75.586,0.0,0.0,448.654,0.0,0.0,0.0,5.742,0,3.0,0.08,309.825,-1.9465000000000001,39.300000000000004,35.536075592041016,4.98,0.0,0
47038,-1.364,75.586,0.0,0.0,448.83500000000004,0.0,0.0,0.0,5.742,0,3.0,0.09,309.6,-5.4106000000000005,39.6,35.536075592041016,4.98,0.0,0
47038,-1.5350000000000001,75.586,0.0,0.0,448.956,0.0,0.0,0.0,5.742,0,3.0,0.09,309.825,1.6496000000000002,39.72,35.536075592041016,4.98,0.0,0
47038,-1.0230000000000001,75.586,0.0,0.0,448.77500000000003,0.0,0.0,0.0,5.742,0,3.0,0.085,309.69,-0.7918000000000001,39.27,35.536075592041016,4.98,0.0,0
47038,-1.364,75.586,0.0,0.0,448.714,0.0,0.0,0.0,5.742,0,3.0,0.065,309.825,0.099,38.37,35.536075592041016,4.98,0.0,0
47038,-1.364,75.586,0.0,0.0,448.41200000000003,0.0,0.0,0.0,5.742,0,3.0,0.07,309.69,-3.1672000000000002,37.230000000000004,35.536075592041016,4.98,0.0,0
47038,-1.5350000000000001,75.586,0.0,0.0,448.714,0.0,0.0,0.0,5.742,0,3.0,0.065,309.825,1.4846000000000001,37.32,35.536075592041016,4.98,0.0,0
47038,-0.853,75.586,0.0,0.0,449.13800000000003,0.0,0.0,0.0,5.742,0,3.0,0.07,309.825,0.2639,37.2,35.536075592041016,4.98,0.0,0
47038,-1.194,75.586,0.0,0.0,449.258,0.0,0.0,0.0,5.742,0,3.0,0.06,309.69,0.7918000000000001,37.050000000000004,35.536075592041016,4.98,0.0,0
47038,-1.0230000000000001,75.586,0.0,0.0,449.13800000000003,0.0,0.0,0.0,5.742,0,4.0,0.07,309.825,3.8270000000000004,37.89,35.536075592041016,4.98,0.0,0
47038,-1.194,75.586,0.0,0.0,449.319,0.0,0.0,0.0,5.742,0,3.0,0.07,309.825,3.1672000000000002,38.7,35.536075592041016,4.98,0.0,0
47038,-1.364,75.586,0.5,0.0,449.258,0.0,0.0,0.0,5.742,0,3.0,0.075,309.915,4.6188,38.88,35.536075592041016,4.98,0.0,0
47038,-1.5350000000000001,75.586,0.0,0.0,449.13800000000003,0.0,0.0,0.0,5.742,0,4.0,0.08,309.69,-2.5403000000000002,39.27,35.536075592041016,4.98,0.0,0
47038,-1.5350000000000001,75.586,0.0,0.0,449.379,0.0,0.0,0.0,5.742,0,3.0,0.08,309.69,-7.654000000000001,38.67,35.536075592041016,4.98,0.0,0
47038,-1.194,75.586,0.0,0.0,449.19800000000004,0.0,0.0,0.0,5.742,0,3.0,0.07,309.825,2.4413,38.31,35.536075592041016,4.98,0.0,0
47038,-0.853,75.586,0.0,0.0,449.077,0.0,0.0,0.0,5.742,0,3.0,0.08,309.69,2.9032,38.550000000000004,35.536075592041016,4.98,0.0,0
47038,-1.364,75.586,0.0,0.0,449.319,0.0,0.0,0.0,5.742,0,3.0,0.075,309.69,-2.3754,38.67,35.536075592041016,4.98,0.0,0
47038,-1.0230000000000001,75.586,0.0,0.0,449.077,0.0,0.0,0.0,5.742,0,3.0,0.065,309.69,-2.7713,37.65,35.536075592041016,4.98,0.0,0
47038,-1.194,75.586,0.0,0.0,449.077,0.0,0.0,0.0,5.742,0,3.0,0.055,309.69,-2.9445,37.53,35.536075592041016,4.98,0.0,0
47038,-1.5350000000000001,75.586,0.0,0.0,449.13800000000003,0.0,0.0,0.0,5.742,0,3.0,0.06,309.825,-2.4001,35.67,35.536075592041016,4.98,0.0,0
47038,-1.194,75.586,0.0,0.0,449.19800000000004,0.0,0.0,0.0,5.742,0,3.0,0.085,309.825,1.3609,35.910000000000004,35.536075592041016,4.98,0.0,0
47038,-1.0230000000000001,75.586,0.0,0.0,449.13800000000003,0.0,0.0,0.0,5.742,0,3.0,0.08,309.69,2.3754,35.94,35.536075592041016,4.98,0.0,0
47038,-1.364,75.586,0.0,0.0,448.956,0.0,0.0,0.0,5.742,0,3.0,0.08,309.825,2.1114,37.02,35.536075592041016,4.98,0.0,0
47038,-1.364,75.586,0.0,0.0,448.956,0.0,0.0,0.0,5.742,0,3.0,0.08,309.825,2.1527000000000003,38.22,35.536075592041016,4.98,0.0,0
47038,-1.194,75.586,0.0,0.0,449.319,0.0,0.0,-0.2,5.742,0,3.0,0.085,309.69,0.46190000000000003,39.480000000000004,35.536075592041016,4.98,0.0,0
47038,-1.364,75.586,0.0,0.0,449.13800000000003,0.0,0.0,0.0,5.742,0,3.0,0.08,309.825,-4.0744,39.21,35.536075592041016,4.98,0.0,0
47038,-1.0230000000000001,75.586,0.0,0.0,448.956,0.0,0.0,0.0,5.742,0,3.0,0.075,309.825,0.39590000000000003,38.37,35.536075592041016,4.98,0.0,0
47038,-1.0230000000000001,75.586,0.0,0.0,449.017,0.0,0.0,0.0,5.742,0,3.0,0.07,309.825,4.3548,38.46,35.536075592041016,4.98,0.0,0
47038,-1.364,75.586,0.0,0.0,449.5,0.0,0.0,0.0,5.742,0,3.0,0.095,309.69,-5.1219,38.97,35.536075592041016,4.98,0.0,0
47038,-1.364,75.586,-0.5,0.0,449.379,0.0,0.0,0.0,5.742,0,3.0,0.07,309.825,-1.7815,39.21,35.536075592041016,4.98,0.0,0
47038,-1.364,75.586,-0.5,0.0,448.77500000000003,0.0,0.0,0.0,5.742,0,3.0,0.08,309.69,1.6083,39.06,35.536075592041016,4.98,0.0,0
47038,-1.194,75.586,0.0,0.0,448.714,0.0,0.0,0.0,5.742,0,3.0,0.08,309.69,-2.1774,38.28,35.536075592041016,4.98,0.0,0
47038,-0.853,75.586,0.0,0.0,448.956,0.0,0.0,0.0,5.742,0,3.0,0.075,309.915,2.0949,37.29,35.536075592041016,4.98,0.0,0
47038,-1.194,75.586,0.0,0.0,448.956,0.0,0.0,0.0,5.742,0,3.0,0.07,309.69,4.1157,36.51,35.536075592041016,4.98,0.0,0
47038,-1.5350000000000001,75.586,0.0,0.0,448.896,0.0,0.0,0.0,5.742,0,3.0,0.085,309.69,0.0,37.11,35.536075592041016,4.98,0.0,0
47038,-1.364,75.586,0.0,0.0,448.83500000000004,0.0,0.0,0.0,5.742,0,2.0,0.075,309.69,-4.2641,38.13,35.536075592041016,4.98,0.0,0
47038,-1.364,75.586,0.0,0.0,449.13800000000003,0.0,0.0,0.0,5.742,0,3.0,0.065,309.69,0.9897,39.24,35.536075592041016,4.98,0.0,0
47038,-1.194,75.586,0.0,0.0,449.13800000000003,0.0,0.0,0.0,5.742,0,3.0,0.1,309.69,-2.1527000000000003,40.38,35.536075592041016,4.98,0.0,0
47038,-0.853,75.586,0.5,0.0,448.896,0.0,0.0,0.0,5.742,0,3.0,0.11,309.825,1.5588000000000002,39.45,35.536075592041016,4.98,0.0,0
47038,-1.194,75.586,0.0,0.0,448.956,0.0,0.0,0.0,5.742,0,4.0,0.07,309.825,3.1672000000000002,39.15,35.536075592041016,4.98,0.0,0
47038,-1.5350000000000001,75.586,0.0,0.0,449.017,0.0,0.0,0.0,5.742,0,3.0,0.1,309.69,2.3754,39.09,35.536075592041016,4.98,0.0,0
47038,-1.194,75.586,0.0,0.0,448.77500000000003,0.0,0.0,0.0,5.742,0,4.0,0.06,309.825,0.2639,38.82,35.536075592041016,4.98,0.0,0
47038,-1.5350000000000001,75.586,0.0,0.0,448.896,0.0,0.0,0.0,5.742,0,4.0,0.07,309.69,-1.6248,38.4,35.536075592041016,4.98,0.0,0
47038,-1.0230000000000001,75.586,0.0,0.0,449.017,0.0,0.0,0.0,5.742,0,3.0,0.075,309.825,1.1877,37.83,35.536075592041016,4.98,0.0,0
47038,-1.194,75.586,0.0,0.0,448.83500000000004,0.0,0.0,0.0,5.742,0,3.0,0.085,309.825,0.5938,37.92,35.536075592041016,4.98,0.0,0
47038,-1.5350000000000001,75.586,0.0,0.0,449.077,0.0,0.0,0.0,5.742,0,3.0,0.08,309.825,0.39590000000000003,37.08,35.536075592041016,4.98,0.0,0
47038,-1.194,75.586,0.0,0.0,448.956,0.0,0.0,0.0,5.742,0,3.0,0.065,309.825,0.7918000000000001,37.11,35.536075592041016,4.98,0.0,0
47038,-1.0230000000000001,75.586,0.0,0.0,449.077,0.0,0.0,0.0,5.742,0,3.0,0.075,309.825,-2.3754,37.95,35.536075592041016,4.98,0.0,0
47038,-1.364,75.586,0.0,0.0,448.714,0.0,0.0,0.0,5.742,0,3.0,0.065,309.825,-0.39590000000000003,39.57,35.536075592041016,4.98,0.0,0
47038,-1.364,75.586,0.0,0.0,448.533,0.0,0.0,0.0,5.742,0,3.0,0.07,309.69,0.099,40.11,35.536075592041016,4.98,0.0,0
47038,-1.364,75.586,0.0,0.0,448.654,0.0,0.0,0.0,5.742,0,3.0,0.095,309.825,-1.1877,40.050000000000004,35.536075592041016,4.98,0.0,0
47038,-1.194,75.586,0.0,0.0,448.533,0.0,0.0,0.0,5.742,0,3.0,0.08,309.6,-4.0579,39.33,35.536075592041016,4.98,0.0,0
47038,-1.194,75.586,0.0,0.0,448.593,0.0,0.0,0.0,5.742,0,2.0,0.08,309.915,4.2229,38.94,35.536075592041016,4.98,0.0,0
47038,-1.194,75.586,0.0,0.0,449.017,0.0,0.0,0.0,5.742,0,3.0,0.075,309.69,3.5301,38.46,35.536075592041016,4.98,0.0,0
47038,-1.194,75.586,0.0,0.0,448.896,0.0,0.0,0.0,5.742,0,3.0,0.08,309.915,4.7507,38.25,35.536075592041016,4.98,0.0,0
47038,-1.0230000000000001,75.586,0.0,0.0,448.83500000000004,0.0,0.0,-0.2,5.742,0,3.0,0.07,309.69,-3.794,38.22,35.536075592041016,4.98,0.0,0
47038,-1.0230000000000001,75.586,0.0,0.0,448.956,0.0,0.0,0.0,5.742,0,3.0,0.08,309.825,1.1877,38.910000000000004,35.536075592041016,4.98,0.0,0
47038,-1.364,75.586,0.0,0.0,448.956,0.0,0.0,0.0,5.742,0,4.0,0.07,309.825,0.5938,38.58,35.536075592041016,4.98,0.0,0
47038,-0.853,75.586,0.0,0.0,448.83500000000004,0.0,0.0,0.0,5.742,0,3.0,0.085,309.825,3.1672000000000002,37.38,35.536075592041016,4.98,0.0,0
47038,-1.364,75.586,0.0,0.0,448.77500000000003,0.0,0.0,0.0,5.742,0,3.0,0.07,309.825,-0.2639,38.28,35.536075592041016,4.98,0.0,0
47038,-1.194,75.586,0.0,0.0,449.017,0.0,0.0,0.0,5.742,0,3.0,0.09,309.825,-1.3196,39.39,35.536075592041016,4.98,0.0,0
47038,-1.194,75.586,0.0,0.0,448.956,0.0,0.0,0.0,5.742,0,3.0,0.085,309.69,2.4743,40.230000000000004,35.536075592041016,4.98,0.0,0
47038,-1.194,75.586,0.0,0.0,448.77500000000003,0.0,0.0,0.0,5.742,0,2.0,0.075,309.825,0.7918000000000001,40.2,35.536075592041016,4.98,0.0,0
47038,-1.194,75.586,0.0,0.0,448.896,0.0,0.0,0.0,5.742,0,3.0,0.07,309.825,-1.5836000000000001,40.62,35.536075592041016,4.98,0.0,0
47038,-1.364,75.586,0.0,0.0,448.77500000000003,0.0,0.0,0.0,5.742,0,3.0,0.085,309.825,0.39590000000000003,39.81,35.536075592041016,4.98,0.0,0
47038,-1.0230000000000001,75.586,0.0,0.0,448.77500000000003,0.0,0.0,0.0,5.742,0,4.0,0.065,309.825,-1.0557,39.54,35.536075592041016,4.98,0.0,0
47038,-1.0230000000000001,75.586,0.0,0.0,448.956,0.0,0.0,0.0,5.742,0,3.0,0.07,309.915,4.486800000000001,38.82,35.536075592041016,4.98,0.0,0
47038,-1.194,75.586,0.0,0.0,449.13800000000003,0.0,0.0,0.0,5.742,0,3.0,0.08,309.825,4.486800000000001,38.1,35.536075592041016,4.98,0.0,0
47038,-1.5350000000000001,75.586,0.0,0.0,448.714,0.0,0.0,0.0,5.742,0,3.0,0.065,309.825,-4.0909,38.34,35.536075592041016,4.98,0.0,0
47038,-1.0230000000000001,75.586,0.0,0.0,448.956,0.0,0.0,0.0,5.742,0,3.0,0.075,309.69,-4.0579,38.19,35.536075592041016,4.98,0.0,0
47038,-1.0230000000000001,75.586,0.0,0.0,449.017,0.0,0.0,0.0,5.742,0,3.0,0.045,309.69,-0.2639,38.43,35.536075592041016,4.98,0.0,0
47038,-0.853,75.586,0.0,0.0,448.593,0.0,0.0,0.0,5.742,0,3.0,0.08,309.825,3.4311000000000003,38.97,35.536075592041016,4.98,0.0,0
47038,-1.364,75.586,0.0,0.0,448.47200000000004,0.0,0.0,0.0,5.742,0,3.0,0.06,309.825,3.6950000000000003,39.69,35.536075592041016,4.98,0.0,0
47038,-1.364,75.586,0.0,0.0,448.654,0.0,0.0,0.0,5.742,0,2.0,0.07,309.825,-1.4186,39.75,35.536075592041016,4.98,0.0,0
47038,-1.0230000000000001,75.586,0.0,0.0,448.654,0.0,0.0,0.0,5.742,0,2.0,0.065,309.825,-2.2022,39.72,35.536075592041016,4.98,0.0,0
47038,-1.0230000000000001,75.586,0.0,0.0,448.714,0.0,0.0,0.0,5.742,0,3.0,0.07,309.825,-2.3754,40.29,35.536075592041016,4.98,0.0,0
47038,-1.0230000000000001,75.586,0.0,0.0,448.47200000000004,0.0,0.0,0.0,5.742,0,3.0,0.06,309.69,-4.0662,41.04,35.536075592041016,4.98,0.0,0
47038,-1.0230000000000001,75.586,0.0,0.0,448.533,0.0,0.0,0.0,5.742,0,3.0,0.065,309.825,-1.5836000000000001,40.59,35.536075592041016,4.98,0.0,0
47038,-0.853,75.586,-0.5,0.0,448.593,0.0,0.0,0.0,5.742,0,3.0,0.08,309.825,3.629,39.51,35.536075592041016,4.98,0.0,0
47038,-1.194,75.586,0.0,0.0,448.714,0.0,0.0,0.0,5.742,0,3.0,0.065,309.69,2.9032,38.88,35.536075592041016,4.98,0.0,0
47038,-0.853,75.586,0.0,0.0,448.593,0.0,0.0,0.0,5.742,0,3.0,0.075,309.825,-1.8063,38.58,35.536075592041016,4.98,0.0,0
47038,-1.194,75.586,0.0,0.0,448.654,0.0,0.0,0.0,5.742,0,3.0,0.095,309.915,-3.2496,38.49,35.536075592041016,4.98,0.0,0
47038,-0.853,75.586,0.0,0.0,448.533,0.0,0.0,0.0,5.742,0,3.0,0.065,309.825,3.1012,38.61,35.536075592041016,4.98,0.0,0
47038,-1.0230000000000001,75.586,0.0,0.0,448.47200000000004,0.0,0.0,0.0,5.742,0,3.0,0.09,309.825,0.5938,38.550000000000004,35.536075592041016,4.98,0.0,0
47038,-0.853,75.586,0.0,0.0,448.291,0.0,0.0,0.0,5.742,0,3.0,0.06,309.825,-1.5423,39.27,35.536075592041016,4.98,0.0,0
47038,-0.853,75.586,0.0,0.0,448.593,0.0,0.0,0.0,5.742,0,4.0,0.075,309.69,-2.4826,40.410000000000004,35.536075592041016,4.98,0.0,0
47038,-1.364,75.586,0.0,0.0,449.017,0.0,0.0,0.0,5.742,0,3.0,0.06,309.915,-2.4826,40.56,35.536075592041016,4.98,0.0,0
47038,-1.194,75.586,0.0,0.0,448.77500000000003,0.0,0.0,0.0,5.742,0,4.0,0.095,309.825,0.132,40.68,35.536075592041016,4.98,0.0,0
47038,-1.194,75.586,0.0,0.0,448.654,0.0,0.0,0.0,5.742,0,2.0,0.08,309.69,3.0187,40.5,35.536075592041016,4.98,0.0,0
47038,-1.194,75.586,0.0,0.0,448.654,0.0,0.0,0.0,5.742,0,3.0,0.055,309.69,0.7011000000000001,40.2,35.536075592041016,4.98,0.0,0
47038,-1.0230000000000001,75.586,0.0,0.0,448.593,0.0,0.0,0.0,5.742,0,3.0,0.08,309.825,1.4516,39.300000000000004,35.536075592041016,4.98,0.0,0
47038,-1.0230000000000001,75.586,0.0,0.0,448.654,0.0,0.0,0.0,5.742,0,3.0,0.065,309.915,-3.0764,38.4,35.536075592041016,4.98,0.0,0
47038,-0.853,75.586,0.0,0.0,448.533,0.0,0.0,0.0,5.742,0,2.0,0.085,309.69,-2.7960000000000003,37.62,35.536075592041016,4.98,0.0,0
47038,-1.194,75.586,0.0,0.0,448.654,0.0,0.0,0.0,5.742,0,2.0,0.08,309.825,1.6496000000000002,37.800000000000004,35.536075592041016,4.98,0.0,0
47038,-1.0230000000000001,75.586,0.0,0.0,448.47200000000004,0.0,0.0,0.0,5.742,0,4.0,0.08,309.69,-2.3094,38.25,35.536075592041016,4.98,0.0,0
47038,-1.0230000000000001,75.586,0.0,0.0,448.654,0.0,0.0,0.0,5.742,0,3.0,0.065,309.825,3.1424000000000003,39.27,35.536075592041016,4.98,0.0,0
47038,-1.194,75.586,0.0,0.0,448.654,0.0,0.0,0.0,5.742,0,4.0,0.085,309.825,2.7713,39.84,35.536075592041016,4.98,0.0,0
47038,-1.364,75.586,0.0,0.0,448.47200000000004,0.0,0.0,0.0,5.742,0,3.0,0.065,309.825,0.37120000000000003,40.5,35.536075592041016,4.98,0.0,0
47038,-0.853,75.586,0.0,0.0,448.533,0.0,0.0,0.0,5.742,0,3.0,0.07,309.69,-1.9547,40.74,35.536075592041016,4.98,0.0,0
47038,-0.853,75.586,0.0,0.0,448.291,0.0,0.0,0.0,5.742,0,3.0,0.08,309.69,-3.9342,40.47,35.536075592041016,4.98,0.0,0
47038,-0.853,75.586,0.0,0.0,448.533,0.0,0.0,0.0,5.742,0,3.0,0.07,309.69,-5.1219,40.02,35.536075592041016,4.98,0.0,0
47038,-1.0230000000000001,75.586,0.0,0.0,448.956,0.0,0.0,0.0,5.742,0,3.0,0.075,309.69,4.3548,39.99,35.536075592041016,4.98,0.0,0
47038,-1.194,75.586,0.0,0.0,448.956,0.0,0.0,0.0,5.742,0,3.0,0.07,309.69,3.9589000000000003,39.96,35.536075592041016,4.98,0.0,0
47038,-1.364,75.586,0.0,0.0,448.593,0.0,0.0,0.0,5.742,0,3.0,0.065,309.69,1.9795,39.72,35.536075592041016,4.98,0.0,0
47038,-1.0230000000000001,75.586,0.0,0.0,448.896,0.0,0.0,0.0,5.742,0,3.0,0.07,309.825,1.4846000000000001,38.67,35.536075592041016,4.98,0.0,0
47038,-1.0230000000000001,75.586,0.0,0.0,448.83500000000004,0.0,0.0,0.0,5.742,0,3.0,0.06,309.915,5.806500000000001,37.38,35.536075592041016,4.98,0.0,0
47038,-0.853,75.586,0.0,0.0,448.83500000000004,0.0,0.0,0.0,5.742,0,3.0,0.075,309.69,-0.7918000000000001,36.51,35.536075592041016,4.98,0.0,0
47038,-1.0230000000000001,75.586,0.0,0.0,449.13800000000003,0.0,0.0,0.0,5.742,0,3.0,0.08,309.69,-5.4106000000000005,37.35,35.536075592041016,4.98,0.0,0
47038,-1.194,75.586,0.0,0.0,448.654,0.0,0.0,0.0,5.742,0,2.0,0.07,309.825,0.066,38.76,35.536075592041016,4.98,0.0,0
47038,-1.0230000000000001,75.586,0.0,0.0,448.714,0.0,0.0,0.0,5.742,0,3.0,0.08,309.6,-0.9238000000000001,40.14,35.536075592041016,4.98,0.0,0
47038,-1.0230000000000001,75.586,0.0,0.0,448.77500000000003,0.0,0.0,0.0,5.742,0,4.0,0.08,309.825,-3.0022,42.27,35.536075592041016,4.98,0.0,0
47038,-1.194,75.586,0.0,0.0,448.654,0.0,0.0,0.2,5.742,0,3.0,0.08,309.825,2.3754,42.27,35.536075592041016,4.98,0.0,0
47038,-1.5350000000000001,75.586,0.0,0.0,448.654,0.0,0.0,0.0,5.742,0,2.0,0.06,309.825,4.8497,41.13,35.536075592041016,4.98,0.0,0
47038,-0.853,75.586,0.0,0.0,448.47200000000004,0.0,0.0,0.0,5.742,0,3.0,0.1,309.915,1.8475000000000001,40.14,35.536075592041016,4.98,0.0,0
47038,-0.512,75.586,0.0,0.0,448.654,0.0,0.0,0.0,5.742,0,3.0,0.06,309.825,-1.0557,39.45,35.536075592041016,4.98,0.0,0
47038,-1.194,75.586,0.0,0.0,448.654,0.0,0.0,0.0,5.742,0,3.0,0.08,309.69,-3.1672000000000002,38.22,35.536075592041016,4.98,0.0,0
47038,-0.853,75.586,0.0,0.0,448.654,0.0,0.0,0.0,5.742,0,3.0,0.07,309.69,-4.8497,37.95,35.536075592041016,4.98,0.0,0
47038,-1.0230000000000001,75.586,0.0,0.0,448.47200000000004,0.0,0.0,0.0,5.742,0,4.0,0.07,309.825,0.0,37.59,35.536075592041016,4.98,0.0,0
47038,-1.0230000000000001,75.586,0.0,0.0,448.654,0.0,0.0,0.0,5.742,0,2.0,0.085,309.69,0.7918000000000001,37.77,35.536075592041016,4.98,0.0,0
47038,-1.194,75.586,0.0,0.0,448.41200000000003,0.0,0.0,0.0,5.742,0,3.0,0.07,309.825,-0.39590000000000003,38.1,35.536075592041016,4.98,0.0,0
47038,-0.682,75.586,0.0,0.0,448.47200000000004,0.0,0.0,0.0,5.742,0,3.0,0.075,309.69,3.2661000000000002,39.42,35.536075592041016,4.98,0.0,0
47038,-1.5350000000000001,75.586,0.0,0.0,448.533,0.0,0.0,0.0,5.742,0,3.0,0.075,309.69,-1.1877,40.74,35.536075592041016,4.98,0.0,0
47038,-1.0230000000000001,75.586,0.0,0.0,448.47200000000004,0.0,0.0,0.0,5.742,0,3.0,0.07,309.69,-1.4846000000000001,41.43,35.536075592041016,4.98,0.0,0
47038,-1.0230000000000001,75.586,0.0,0.0,448.23,0.0,0.0,0.0,5.742,0,4.0,0.08,309.825,6.0704,40.5,35.536075592041016,4.98,0.0,0
47038,-1.0230000000000001,75.586,0.0,0.0,448.47200000000004,0.0,0.0,0.0,5.742,0,3.0,0.105,309.69,-0.2639,39.09,35.536075592041016,4.98,0.0,0
47038,-1.0230000000000001,75.586,0.0,0.0,448.77500000000003,0.0,0.0,0.0,5.742,0,4.0,0.065,309.69,-4.8827,38.4,35.536075592041016,4.98,0.0,0
47038,-1.194,75.586,0.0,0.0,448.654,0.0,0.0,0.0,5.742,0,3.0,0.07,309.825,0.2639,39.09,35.536075592041016,4.98,0.0,0
47038,-1.0230000000000001,75.586,0.0,0.0,448.654,0.0,0.0,0.0,5.742,0,3.0,0.065,309.825,1.5176,39.12,35.536075592041016,4.98,0.0,0
47038,-1.0230000000000001,75.586,0.0,0.0,448.533,0.0,0.0,0.0,5.742,0,2.0,0.065,309.69,8.5777,38.76,35.536075592041016,4.98,0.0,0
47038,-1.364,75.586,0.0,0.0,448.47200000000004,0.0,0.0,0.0,5.742,0,2.0,0.06,309.69,-0.7918000000000001,38.37,35.536075592041016,4.98,0.0,0
47038,-1.0230000000000001,75.586,0.0,0.0,448.654,0.0,0.0,0.0,5.742,0,3.0,0.065,309.69,-7.1673,37.68,35.536075592041016,4.98,0.0,0
47038,-1.0230000000000001,75.586,0.0,0.0,448.714,0.0,0.0,0.0,5.742,0,3.0,0.07,309.69,-0.767,37.11,35.536075592041016,4.98,0.0,0
47038,-0.682,75.586,0.0,0.0,448.47200000000004,0.0,0.0,0.0,5.742,0,4.0,0.05,309.825,3.7363000000000004,37.62,35.536075592041016,4.98,0.0,0
47038,-0.853,75.586,0.0,0.0,448.291,0.0,0.0,0.0,5.742,0,3.0,0.08,309.825,5.385800000000001,38.82,35.536075592041016,4.98,0.0,0
47038,-1.0230000000000001,75.586,0.0,0.0,448.533,0.0,0.0,0.0,5.742,0,3.0,0.08,309.915,-1.7568000000000001,39.45,35.536075592041016,4.98,0.0,0
47038,-0.853,75.586,0.0,0.0,448.714,0.0,0.0,0.0,5.742,0,3.0,0.065,309.825,1.2949000000000002,39.480000000000004,35.536075592041016,4.98,0.0,0
47038,-1.364,75.586,0.0,0.0,448.714,0.0,0.0,0.0,5.742,0,3.0,0.075,309.69,-0.17320000000000002,39.36,35.536075592041016,4.98,0.0,0
47038,-1.0230000000000001,75.586,0.0,0.0,448.47200000000004,0.0,0.0,0.0,5.742,0,3.0,0.07,309.825,-2.928,39.39,35.536075592041016,4.98,0.0,0
47038,-0.853,75.586,0.0,0.0,448.291,0.0,0.0,0.0,5.742,0,2.0,0.075,309.69,1.2124000000000001,39.480000000000004,35.536075592041016,4.98,0.0,0
47038,-1.194,75.586,0.0,0.0,448.47200000000004,0.0,0.0,0.0,5.742,0,3.0,0.085,309.825,-0.2227,39.54,35.536075592041016,4.98,0.0,0
47038,-1.0230000000000001,75.586,0.0,0.0,448.41200000000003,0.0,0.0,0.0,5.742,0,4.0,0.06,309.915,-3.4476,39.12,35.536075592041016,4.98,0.0,0
47038,-1.194,75.586,0.0,0.0,448.169,0.0,0.0,0.0,5.742,0,3.0,0.06,309.69,0.5526,37.83,35.536075592041016,4.98,0.0,0
47038,-0.853,75.586,0.0,0.0,448.291,0.0,0.0,0.0,5.742,0,3.0,0.08,309.825,-0.5938,36.93,35.536075592041016,4.98,0.0,0
47038,-1.0230000000000001,75.586,0.0,0.0,448.291,0.0,0.0,0.0,5.742,0,3.0,0.065,309.915,2.664,36.660000000000004,35.536075592041016,4.98,0.0,0
47038,-0.853,75.586,0.0,0.0,448.10900000000004,0.0,0.0,0.0,5.742,0,4.0,0.075,309.915,4.7095,37.59,35.536075592041016,4.98,0.0,0
47038,-1.364,75.586,0.0,0.0,448.23,0.0,0.0,0.0,5.742,0,3.0,0.08,309.825,2.4826,38.25,35.536075592041016,4.98,0.0,0
47038,-1.194,75.586,0.0,0.0,448.47200000000004,0.0,0.0,0.0,5.742,0,3.0,0.065,309.69,-4.2476,39.21,35.536075592041016,4.98,0.0,0
47038,-0.853,75.586,0.0,0.0,448.47200000000004,0.0,0.0,0.0,5.742,0,3.0,0.085,309.69,-6.243600000000001,40.17,35.536075592041016,4.98,0.0,0
47038,-1.0230000000000001,75.586,0.0,0.0,448.714,0.0,0.0,0.0,5.742,0,4.0,0.065,309.915,2.2929,40.47,35.536075592041016,4.98,0.0,0
47038,-1.0230000000000001,75.586,0.0,0.0,448.714,0.0,0.0,0.0,5.742,0,4.0,0.07,309.915,3.3651,40.32,35.536075592041016,4.98,0.0,0
47038,-1.0230000000000001,75.586,0.0,0.0,448.654,0.0,0.0,0.0,5.742,0,3.0,0.08,309.69,3.2991,39.660000000000004,35.536075592041016,4.98,0.0,0
47038,-0.853,75.586,0.0,0.0,448.291,0.0,0.0,0.0,5.742,0,3.0,0.08,309.825,1.7485000000000002,38.85,35.536075592041016,4.98,0.0,0
47038,-1.194,75.586,0.0,0.0,448.291,0.0,0.0,0.0,5.742,0,2.0,0.09,309.69,-4.486800000000001,37.77,35.536075592041016,4.98,0.0,0
47038,-1.0230000000000001,75.586,0.0,0.0,448.23,0.0,0.0,0.0,5.742,0,3.0,0.05,309.915,-3.3321,37.11,35.536075592041016,4.98,0.0,0
47038,-0.853,75.586,0.0,0.0,448.291,0.0,0.0,0.0,5.742,0,3.0,0.07,309.825,1.9795,37.65,35.536075592041016,4.98,0.0,0
47038,-0.853,75.586,0.0,0.0,448.533,0.0,0.0,0.0,5.742,0,3.0,0.105,309.69,3.4311000000000003,38.04,35.536075592041016,4.98,0.0,0
47038,-0.853,75.586,0.0,0.0,448.41200000000003,0.0,0.0,0.0,5.742,0,2.0,0.075,309.69,-5.806500000000001,38.28,35.536075592041016,4.98,0.0,0
47038,-0.853,75.586,0.0,0.0,448.41200000000003,0.0,0.0,0.0,5.742,0,3.0,0.06,309.69,-3.8600000000000003,38.88,35.536075592041016,4.98,0.0,0
47038,-1.0230000000000001,75.586,0.0,0.0,448.10900000000004,0.0,0.0,0.0,5.742,0,3.0,0.075,309.825,2.3754,39.93,35.536075592041016,4.98,0.0,0
47038,-1.0230000000000001,75.586,0.0,0.0,448.291,0.0,0.0,0.0,5.742,0,2.0,0.075,309.825,2.2764,40.2,35.536075592041016,4.98,0.0,0
47038,-1.0230000000000001,75.586,0.0,0.0,448.169,0.0,0.0,0.0,5.742,0,3.0,0.085,309.69,1.7155,40.26,35.536075592041016,4.98,0.0,0
47038,-0.853,75.586,0.0,0.0,448.10900000000004,0.0,0.0,-0.2,5.742,0,3.0,0.095,309.69,-2.2764,39.96,35.536075592041016,4.98,0.0,0
47038,-1.0230000000000001,75.586,0.0,0.0,448.10900000000004,0.0,0.0,0.0,5.742,0,2.0,0.095,309.825,-3.6950000000000003,39.39,35.536075592041016,4.98,0.0,0
47038,-0.853,75.586,0.0,0.0,447.988,0.0,0.0,0.0,5.742,0,2.0,0.075,309.825,1.4846000000000001,39.39,35.536075592041016,4.98,0.0,0
47038,-0.853,75.586,0.0,0.0,448.47200000000004,0.0,0.0,0.0,5.742,0,2.0,0.055,309.825,4.3548,38.4,35.536075592041016,4.98,0.0,0
47038,-0.682,75.586,0.0,0.0,448.41200000000003,0.0,0.0,0.0,5.742,0,2.0,0.08,309.825,-2.3754,37.74,35.536075592041016,4.98,0.0,0
47038,-0.853,75.586,0.0,0.0,448.291,0.0,0.0,0.0,5.742,0,2.0,0.06,309.825,0.0,37.38,35.536075592041016,4.98,0.0,0
47038,-1.0230000000000001,75.586,0.0,0.0,448.291,0.0,0.0,0.0,5.742,0,4.0,0.07,309.825,3.9589000000000003,37.92,35.536075592041016,4.98,0.0,0
47038,-0.853,75.586,0.0,0.0,448.291,0.0,0.0,0.0,5.742,0,2.0,0.045,309.69,-2.7713,38.49,35.536075592041016,4.98,0.0,0
47038,-1.0230000000000001,75.586,0.0,0.0,448.47200000000004,0.0,0.0,0.0,5.742,0,1.0,0.045,309.825,-2.3754,39.39,35.536075592041016,4.98,0.0,0
47038,-0.853,75.586,0.0,0.0,448.593,0.0,0.0,0.0,5.742,0,3.0,0.06,309.69,-3.1672000000000002,40.410000000000004,35.536075592041016,4.98,0.0,0
47038,-1.0230000000000001,75.586,0.0,0.0,448.291,0.0,0.0,0.0,5.742,0,3.0,0.08,309.825,0.6928000000000001,40.68,35.536075592041016,4.98,0.0,0
47038,-0.853,75.586,-0.5,0.0,448.41200000000003,0.0,0.0,0.0,5.742,0,3.0,0.085,309.825,2.7713,40.11,35.536075592041016,4.98,0.0,0
47038,-0.853,75.586,0.0,0.0,448.291,0.0,0.0,0.0,5.742,0,3.0,0.08,309.915,4.0579,40.35,35.536075592041016,4.98,0.0,0
47038,-0.853,75.586,0.0,0.0,448.169,0.0,0.0,0.0,5.742,0,1.0,0.07,309.825,0.7918000000000001,39.57,35.536075592041016,4.98,0.0,0
47038,-0.853,75.586,0.0,0.0,448.291,0.0,0.0,0.0,5.742,0,3.0,0.09,309.915,0.46190000000000003,39.480000000000004,35.536075592041016,4.98,0.0,0
47038,-0.853,75.586,0.0,0.0,448.351,0.0,0.0,0.0,5.742,0,3.0,0.075,309.69,-3.8270000000000004,38.79,35.536075592041016,4.98,0.0,0
47038,-0.853,75.586,0.0,0.0,448.10900000000004,0.0,0.0,0.0,5.742,0,4.0,0.06,309.825,-1.3196,37.83,35.536075592041016,4.98,0.0,0
47038,-1.0230000000000001,75.586,0.0,0.0,448.47200000000004,0.0,0.0,0.0,5.742,0,2.0,0.075,309.825,0.6598,37.2,35.536075592041016,4.98,0.0,0
47038,-1.194,75.586,0.0,0.0,448.77500000000003,0.0,0.0,0.0,5.742,0,3.0,0.095,309.825,1.4846000000000001,37.47,35.536075592041016,4.98,0.0,0
47038,-0.853,75.586,0.0,0.0,448.41200000000003,0.0,0.0,0.0,5.742,0,3.0,0.115,309.825,0.0,37.62,35.536075592041016,4.98,0.0,0
47038,-0.853,75.586,0.0,0.0,448.23,0.0,0.0,0.0,5.742,0,3.0,0.09,309.69,-3.0682,39.24,35.536075592041016,4.98,0.0,0
47038,-0.853,75.586,0.0,0.0,448.291,0.0,0.0,0.0,5.742,0,1.0,0.085,309.825,-2.1114,40.02,35.536075592041016,4.98,0.0,0
47038,-1.0230000000000001,75.586,0.0,0.0,448.291,0.0,0.0,0.0,5.742,0,1.0,0.065,309.825,-1.8475000000000001,40.02,35.536075592041016,4.98,0.0,0
47038,-1.0230000000000001,75.586,0.0,0.0,448.10900000000004,0.0,0.0,0.0,5.742,0,3.0,0.065,309.825,1.3856000000000002,40.74,35.536075592041016,4.98,0.0,0
47038,-0.853,75.586,0.0,0.0,448.291,0.0,0.0,0.0,5.742,0,4.0,0.075,309.825,-0.6186,40.56,35.536075592041016,4.98,0.0,0
47038,-1.194,75.586,0.0,0.0,448.41200000000003,0.0,0.0,0.0,5.742,0,2.0,0.08,309.825,-0.9897,40.5,35.536075592041016,4.98,0.0,0
47038,-1.0230000000000001,75.586,0.0,0.0,448.47200000000004,0.0,0.0,0.0,5.742,0,4.0,0.075,309.825,2.9032,39.96,35.536075592041016,4.98,0.0,0
47038,-1.364,75.586,0.0,0.0,448.593,0.0,0.0,0.0,5.742,0,3.0,0.09,309.69,0.7918000000000001,39.51,35.536075592041016,4.98,0.0,0
47038,-1.0230000000000001,75.586,0.0,0.0,448.291,0.0,0.0,0.0,5.742,0,2.0,0.07,309.69,-4.4621,39.36,35.536075592041016,4.98,0.0,0
47038,-1.0230000000000001,75.586,0.0,0.0,448.47200000000004,0.0,0.0,0.0,5.742,0,3.0,0.1,309.69,-1.4104,38.49,35.536075592041016,4.98,0.0,0
47038,-0.853,75.586,0.0,0.0,448.291,0.0,0.0,0.0,5.742,0,3.0,0.07,309.69,1.5176,38.160000000000004,35.536075592041016,4.98,0.0,0
47038,-0.853,75.586,0.0,0.0,448.47200000000004,0.0,0.0,0.0,5.742,0,3.0,0.045,309.825,1.1877,37.62,35.536075592041016,4.98,0.0,0
47038,-1.0230000000000001,75.586,0.0,0.0,448.714,0.0,0.0,0.0,5.742,0,4.0,0.06,309.69,-0.19790000000000002,38.76,35.536075592041016,4.98,0.0,0
47038,-1.364,75.586,0.0,0.0,448.533,0.0,0.0,0.0,5.742,0,4.0,0.075,309.69,-1.3609,40.26,35.536075592041016,4.98,0.0,0
47038,-0.853,75.586,0.0,0.0,448.47200000000004,0.0,0.0,0.0,5.742,0,3.0,0.035,309.915,3.6785,41.25,35.536075592041016,4.98,0.0,0
47038,-0.682,75.586,0.0,0.0,448.533,0.0,0.0,0.0,5.742,0,3.0,0.095,309.825,3.0764,40.92,35.536075592041016,4.98,0.0,0
47038,-0.853,75.586,0.0,0.0,448.10900000000004,0.0,0.0,0.0,5.742,0,3.0,0.08,309.825,1.5588000000000002,40.08,35.536075592041016,4.98,0.0,0
47038,-1.0230000000000001,75.586,0.0,0.0,448.291,0.0,0.0,0.0,5.742,0,3.0,0.105,309.825,-3.563,39.36,35.536075592041016,4.98,0.0,0
47038,-1.0230000000000001,75.586,0.0,0.0,448.41200000000003,0.0,0.0,0.0,5.742,0,3.0,0.075,309.825,-2.1114,39.87,35.536075592041016,4.98,0.0,0
47038,-0.853,75.586,0.0,0.0,448.169,0.0,0.0,0.0,5.742,0,3.0,0.065,309.69,1.0145,40.050000000000004,35.536075592041016,4.98,0.0,0
47038,-0.853,75.586,0.0,0.0,448.291,0.0,0.0,0.0,5.742,0,5.0,0.07,309.69,0.42060000000000003,39.9,35.536075592041016,4.98,0.0,0
47038,-0.853,75.586,0.0,0.0,448.291,0.0,0.0,0.0,5.742,0,3.0,0.06,309.825,-0.39590000000000003,39.24,35.536075592041016,4.98,0.0,0
47038,-0.853,75.586,0.0,0.0,448.351,0.0,0.0,0.0,5.742,0,4.0,0.06,309.69,-2.3754,38.31,35.536075592041016,4.98,0.0,0
47038,-1.0230000000000001,75.586,0.0,0.0,448.654,0.0,0.0,0.0,5.742,0,2.0,0.075,309.69,-1.3609,37.59,35.536075592041016,4.98,0.0,0
47038,-0.853,75.586,0.0,0.0,448.291,0.0,0.0,0.0,5.742,0,2.0,0.11,309.69,1.0145,38.52,35.536075592041016,4.98,0.0,0
47038,-0.853,75.586,0.0,0.0,448.47200000000004,0.0,0.0,0.0,5.742,0,1.0,0.065,309.825,2.2187,39.63,35.536075592041016,4.98,0.0,0
47038,-0.853,75.586,0.0,0.0,448.10900000000004,0.0,0.0,0.0,5.742,0,3.0,0.005,309.69,-0.6598,40.77,35.536075592041016,4.98,0.0,0
47038,-0.853,75.586,0.0,0.0,448.23,0.0,0.0,0.0,5.742,0,2.0,0.07,309.825,-0.8165,40.38,35.536075592041016,4.98,0.0,0
47038,-1.0230000000000001,75.586,0.0,0.0,448.291,0.0,0.0,0.0,5.742,0,2.0,0.09,309.825,-1.1877,39.81,35.536075592041016,4.98,0.0,0
47038,-0.682,75.586,0.0,0.0,448.23,0.0,0.0,0.0,5.742,0,3.0,0.075,309.69,3.2991,39.72,35.536075592041016,4.98,0.0,0
47038,-0.853,75.586,0.0,0.0,448.47200000000004,0.0,0.0,0.0,5.742,0,3.0,0.07,309.915,0.5773,39.300000000000004,35.536075592041016,4.98,0.0,0
47038,-0.853,75.586,0.0,0.0,448.351,0.0,0.0,0.0,5.742,0,4.0,0.06,309.825,1.3196,39.72,35.536075592041016,4.98,0.0,0
47038,-0.853,75.586,0.0,0.0,448.23,0.0,0.0,0.0,5.742,0,3.0,0.09,309.915,1.8723,38.94,35.536075592041016,4.98,0.0,0
47038,-0.853,75.586,0.0,0.0,448.169,0.0,0.0,0.0,5.742,0,2.0,0.07,309.825,0.17320000000000002,38.1,35.536075592041016,4.98,0.0,0
47038,-0.853,75.586,0.0,0.0,447.867,0.0,0.0,0.0,5.742,0,3.0,0.07,309.825,1.7815,37.62,35.536075592041016,4.98,0.0,0
47038,-0.853,75.586,0.0,0.0,448.048,0.0,0.0,0.0,5.742,0,2.0,0.065,309.915,-2.4578,37.74,35.536075592041016,4.98,0.0,0
47038,-0.853,75.586,0.0,0.0,448.47200000000004,0.0,0.0,0.0,5.742,0,3.0,0.065,309.915,-1.9795,37.800000000000004,35.536075592041016,4.98,0.0,0
47038,-1.0230000000000001,75.586,0.0,0.0,448.714,0.0,0.0,0.0,5.742,0,3.0,0.055,309.69,-2.5403000000000002,38.52,35.536075592041016,4.98,0.0,0
47038,-0.682,75.586,0.0,0.0,448.533,0.0,0.0,-0.2,5.742,0,2.0,0.065,309.825,-1.5836000000000001,39.21,35.536075592041016,4.98,0.0,0
47038,-1.194,75.586,0.0,0.0,448.593,0.0,0.0,0.0,5.742,0,4.0,0.075,309.825,0.5938,40.65,35.536075592041016,4.98,0.0,0
47038,-0.512,75.586,0.0,0.0,448.291,0.0,0.0,0.0,5.742,0,3.0,0.03,309.825,3.1672000000000002,41.07,35.536075592041016,4.98,0.0,0
47038,-1.0230000000000001,75.586,0.0,0.0,448.533,0.0,0.0,0.0,5.742,0,3.0,0.045,309.825,1.3196,40.83,35.536075592041016,4.98,0.0,0
47038,-0.853,75.586,0.0,0.0,448.10900000000004,0.0,0.0,0.0,5.742,0,3.0,0.065,309.825,0.9238000000000001,39.45,35.536075592041016,4.98,0.0,0
47038,-0.853,75.586,0.0,0.0,448.10900000000004,0.0,0.0,0.0,5.742,0,3.0,0.045,309.69,1.4186,38.13,35.536075592041016,4.98,0.0,0
47038,-0.853,75.586,0.0,0.0,448.291,0.0,0.0,0.0,5.742,0,4.0,0.03,309.69,-3.2991,37.89,35.536075592041016,4.98,0.0,0
47038,-0.853,75.586,0.0,0.0,448.10900000000004,0.0,0.0,0.0,5.742,0,2.0,0.105,309.6,-1.1547,38.28,35.536075592041016,4.98,0.0,0
47038,-0.853,75.586,0.0,0.0,448.291,0.0,0.0,0.0,5.742,0,2.0,0.04,309.825,3.9589000000000003,37.77,35.536075592041016,4.98,0.0,0
47038,-0.853,75.586,0.0,0.0,448.654,0.0,0.0,0.0,5.742,0,3.0,0.045,309.69,-0.2639,38.13,35.536075592041016,4.98,0.0,0
47038,-0.853,75.586,0.0,0.0,448.593,0.0,0.0,0.0,5.742,0,3.0,0.115,309.69,1.0557,38.85,35.536075592041016,4.98,0.0,0
47038,-0.512,75.586,0.0,0.0,448.593,0.0,0.0,0.0,5.742,0,2.0,0.035,309.825,0.6186,38.94,35.536075592041016,4.98,0.0,0
47038,-1.0230000000000001,75.586,0.0,0.0,448.291,0.0,0.0,0.0,5.742,0,2.0,0.045,309.69,0.8165,39.39,35.536075592041016,4.98,0.0,0
47038,-0.853,75.586,0.0,0.0,448.291,0.0,0.0,0.0,5.742,0,3.0,0.055,309.825,2.5486,40.14,35.536075592041016,4.98,0.0,0
47038,-1.0230000000000001,75.586,0.0,0.0,448.169,0.0,0.0,0.0,5.742,0,3.0,0.035,309.69,-4.024900000000001,40.17,35.536075592041016,4.98,0.0,0
47038,-0.853,75.586,0.0,0.0,448.10900000000004,0.0,0.0,0.0,5.742,0,4.0,0.065,309.69,-2.5073000000000003,40.050000000000004,35.536075592041016,4.98,0.0,0
47038,-0.853,75.586,0.0,0.0,448.23,0.0,0.0,0.0,5.742,0,4.0,0.055,309.69,1.2784,39.63,35.536075592041016,4.98,0.0,0
47038,-0.853,75.586,0.0,0.0,448.10900000000004,0.0,0.0,0.0,5.742,0,5.0,0.06,309.69,0.7258,38.85,35.536075592041016,4.98,0.0,0
47038,-0.853,75.586,0.0,0.0,448.169,0.0,0.0,0.0,5.742,0,3.0,0.05,309.825,-0.2227,38.61,35.536075592041016,4.98,0.0,0
47038,-0.853,75.586,0.0,0.0,448.10900000000004,0.0,0.0,0.0,5.742,0,3.0,0.04,309.69,2.1774,38.82,35.536075592041016,4.98,0.0,0
47038,-0.853,75.586,0.0,0.0,448.351,0.0,0.0,0.0,5.742,0,3.0,0.14,309.69,2.4661,38.1,35.536075592041016,4.98,0.0,0
47038,-0.853,75.586,0.0,0.0,448.47200000000004,0.0,0.0,0.0,5.742,0,4.0,0.055,309.825,-0.6598,37.47,35.536075592041016,4.98,0.0,0
47038,-1.0230000000000001,75.586,0.0,0.0,448.169,0.0,0.0,0.0,5.742,0,3.0,0.075,309.825,-0.39590000000000003,36.93,35.536075592041016,4.98,0.0,0
47038,-1.0230000000000001,75.586,0.0,0.0,448.048,0.0,0.0,0.0,5.742,0,2.0,0.055,309.825,0.767,37.62,35.536075592041016,4.98,0.0,0
47038,-0.853,75.586,0.0,0.0,448.291,0.0,0.0,0.0,5.742,0,2.0,0.065,309.825,1.9547,38.550000000000004,35.536075592041016,4.98,0.0,0
47038,-0.853,75.586,0.0,0.0,448.533,0.0,0.0,0.0,5.742,0,2.0,0.065,309.69,0.6186,39.09,35.536075592041016,4.98,0.0,0
47038,-0.853,75.586,0.0,0.0,448.654,0.0,0.0,0.0,5.742,0,4.0,0.045,309.69,-4.9487000000000005,39.45,35.536075592041016,4.98,0.0,0
47038,-0.853,75.586,0.0,0.0,448.593,0.0,0.0,0.0,5.742,0,3.0,0.095,309.69,-3.9342,40.11,35.536075592041016,4.98,0.0,0
47038,-1.0230000000000001,75.586,0.0,0.0,448.351,0.0,0.0,0.0,5.742,0,4.0,0.03,309.69,-0.9650000000000001,39.72,35.536075592041016,4.98,0.0,0
47038,-1.194,75.586,0.0,0.0,448.351,0.0,0.0,0.0,5.742,0,2.0,0.07,309.69,0.39590000000000003,39.21,35.536075592041016,4.98,0.0,0
47038,-0.682,75.586,0.0,0.0,448.169,0.0,0.0,0.0,5.742,0,3.0,0.08,309.69,2.7713,38.22,35.536075592041016,4.98,0.0,0
47038,-0.682,75.586,0.0,0.0,448.351,0.0,0.0,0.0,5.742,0,2.0,0.085,309.69,0.5938,37.11,35.536075592041016,4.98,0.0,0
47038,-0.853,75.586,0.0,0.0,448.47200000000004,0.0,0.0,0.0,5.742,0,1.0,0.06,309.825,-0.5938,36.18,35.536075592041016,4.98,0.0,0
47038,-0.853,75.586,0.0,0.0,448.291,0.0,0.0,0.0,5.742,0,4.0,0.04,309.69,3.1672000000000002,36.0,35.536075592041016,4.98,0.0,0
47038,-0.853,75.586,0.0,0.0,448.048,0.0,0.0,0.0,5.742,0,4.0,0.065,309.825,3.7363000000000004,36.42,35.536075592041016,4.98,0.0,0
47038,-0.853,75.586,0.0,0.0,448.351,0.0,0.0,0.0,5.742,0,2.0,0.085,309.69,-0.17320000000000002,38.04,35.536075592041016,4.98,0.0,0
47038,-1.0230000000000001,75.586,0.0,0.0,448.654,0.0,0.0,0.0,5.742,0,3.0,0.06,309.69,-0.9650000000000001,39.87,35.536075592041016,4.98,0.0,0
47038,-0.853,75.586,0.0,0.0,448.41200000000003,0.0,0.0,0.0,5.742,0,1.0,0.1,309.825,-2.1774,40.86,35.536075592041016,4.98,0.0,0
47038,-1.194,75.586,0.0,0.0,448.41200000000003,0.0,0.0,0.0,5.742,0,2.0,0.065,309.825,1.5836000000000001,39.93,35.536075592041016,4.98,0.0,0
47038,-0.853,75.586,0.0,0.0,448.533,0.0,0.0,0.0,5.742,0,3.0,0.09,309.825,2.3754,39.75,35.536075592041016,4.98,0.0,0
47038,-0.853,75.586,0.0,0.0,448.533,0.0,0.0,0.0,5.742,0,3.0,0.055,309.69,-1.5836000000000001,38.37,35.536075592041016,4.98,0.0,0
47038,-0.853,75.586,0.0,0.0,448.77500000000003,0.0,0.0,0.0,5.742,0,2.0,0.085,309.69,-1.9795,37.59,35.536075592041016,4.98,0.0,0
47038,-0.682,75.586,0.0,0.0,448.714,0.0,0.0,0.0,5.742,0,3.0,0.05,309.825,1.5836000000000001,37.800000000000004,35.536075592041016,4.98,0.0,0
47038,-0.853,75.586,0.0,0.0,447.806,0.0,0.0,0.0,5.742,0,4.0,0.055,309.825,1.5836000000000001,37.62,35.536075592041016,4.98,0.0,0
47038,-0.853,75.586,0.0,0.0,448.291,0.0,0.0,0.0,5.742,0,4.0,0.075,309.825,-0.8908,36.99,35.536075592041016,4.98,0.0,0
47038,-1.0230000000000001,75.586,0.0,0.0,448.351,0.0,0.0,0.0,5.742,0,3.0,0.095,309.69,-3.4311000000000003,36.39,35.536075592041016,4.98,0.0,0
47038,-0.682,75.586,0.0,0.0,448.23,0.0,0.0,0.0,5.742,0,5.0,0.08,309.69,-2.0125,35.79,35.536075592041016,4.98,0.0,0
47038,-0.853,75.586,0.0,0.0,448.714,0.0,0.0,0.0,5.742,0,4.0,0.03,309.69,-1.1877,37.230000000000004,35.536075592041016,4.98,0.0,0
47038,-0.682,75.586,0.0,0.0,448.593,0.0,0.0,0.0,5.742,0,3.0,0.015,309.825,-0.8908,38.49,35.536075592041016,4.98,0.0,0
47038,-0.853,75.586,0.0,0.0,448.291,0.0,0.0,0.0,5.742,0,2.0,0.07,309.825,0.6598,39.660000000000004,35.536075592041016,4.98,0.0,0
47038,-0.853,75.586,0.0,0.0,448.47200000000004,0.0,0.0,0.0,5.742,0,2.0,0.115,309.69,2.6393,39.75,35.536075592041016,4.98,0.0,0
47038,-0.682,75.586,0.0,0.0,448.10900000000004,0.0,0.0,0.0,5.742,0,1.0,0.035,309.825,-0.5279,39.12,35.536075592041016,4.98,0.0,0
47038,-0.682,75.586,0.0,0.0,448.169,0.0,0.0,0.0,5.742,0,2.0,0.09,309.825,-1.5836000000000001,38.7,35.536075592041016,4.98,0.0,0
47038,-0.512,75.586,0.0,0.0,448.291,0.0,0.0,0.0,5.742,0,2.0,0.045,309.825,2.3754,39.06,35.536075592041016,4.98,0.0,0
47038,-0.682,75.586,0.0,0.0,448.291,0.0,0.0,-0.2,5.742,0,3.0,0.09,309.825,0.0,39.0,35.536075592041016,4.98,0.0,0
47038,-0.512,75.586,0.0,0.0,448.47200000000004,0.0,0.0,0.0,5.742,0,3.0,0.05,309.825,0.39590000000000003,38.79,35.536075592041016,4.98,0.0,0
47038,-0.682,75.586,0.0,0.0,448.77500000000003,0.0,0.0,0.0,5.742,0,2.0,0.05,309.69,-0.6928000000000001,37.980000000000004,35.536075592041016,4.98,0.0,0
47038,-1.194,75.586,0.0,0.0,448.654,0.0,0.0,0.0,5.742,0,3.0,0.125,309.69,-3.563,37.35,35.536075592041016,4.98,0.0,0
47038,-0.682,75.586,0.0,0.0,448.593,0.0,0.0,0.0,5.742,0,4.0,0.055,309.915,0.9897,36.300000000000004,35.536075592041016,4.98,0.0,0
47038,-0.853,75.586,0.0,0.0,448.593,0.0,0.0,0.0,5.742,0,3.0,0.075,309.825,7.654000000000001,36.72,35.536075592041016,4.98,0.0,0
47038,-0.853,75.586,0.0,0.0,448.533,0.0,0.0,0.0,5.742,0,2.0,0.065,309.69,-0.5279,37.800000000000004,35.536075592041016,4.98,0.0,0
47038,-1.0230000000000001,75.586,0.0,0.0,448.291,0.0,0.0,0.0,5.742,0,2.0,0.06,309.825,-5.938400000000001,39.660000000000004,35.536075592041016,4.98,0.0,0
47038,-0.512,75.586,0.0,0.0,448.291,0.0,0.0,0.0,5.742,0,3.0,0.075,309.825,3.1672000000000002,40.56,35.536075592041016,4.98,0.0,0
47038,-0.853,75.586,-0.5,0.0,448.77500000000003,0.0,0.0,0.0,5.742,0,4.0,0.06,309.69,0.0,39.96,35.536075592041016,4.98,0.0,0
47038,-0.682,75.586,0.0,0.0,448.654,0.0,0.0,0.0,5.742,0,5.0,0.06,309.825,-2.3754,39.09,35.536075592041016,4.98,0.0,0
47038,-0.682,75.586,0.0,0.0,448.77500000000003,0.0,0.0,0.0,5.742,0,2.0,0.07,309.825,3.563,39.0,35.536075592041016,4.98,0.0,0
47038,-0.853,75.586,0.0,0.0,448.896,0.0,0.0,0.0,5.742,0,3.0,0.08,309.69,-1.5836000000000001,39.18,35.536075592041016,4.98,0.0,0
47038,-1.0230000000000001,75.586,0.0,0.0,448.77500000000003,0.0,0.0,0.0,5.742,0,2.0,0.075,309.69,-2.6393,39.0,35.536075592041016,4.98,0.0,0
47038,-0.853,75.586,0.0,0.0,448.593,0.0,0.0,0.0,5.742,0,3.0,0.06,309.69,2.4743,38.4,35.536075592041016,4.98,0.0,0
47038,-0.853,75.586,0.0,0.0,448.533,0.0,0.0,-0.2,5.742,0,2.0,0.06,309.825,1.4516,37.29,35.536075592041016,4.98,0.0,0
47038,-0.853,75.586,0.0,0.0,448.533,0.0,0.0,0.0,5.742,0,2.0,0.06,309.69,0.3299,37.230000000000004,35.536075592041016,4.98,0.0,0
47038,-0.853,75.586,0.0,0.0,448.654,0.0,0.0,0.0,5.742,0,2.0,0.075,309.69,-1.7815,36.300000000000004,35.536075592041016,4.98,0.0,0
47038,-0.682,75.586,0.0,0.0,448.47200000000004,0.0,0.0,0.0,5.742,0,2.0,0.045,309.69,-1.5836000000000001,36.36,35.536075592041016,4.98,0.0,0
47038,-0.853,75.586,0.0,0.0,448.47200000000004,0.0,0.0,0.0,5.742,0,2.0,0.06,309.69,0.8825000000000001,38.22,35.536075592041016,4.98,0.0,0
47038,-0.853,75.586,0.0,0.0,448.169,0.0,0.0,0.0,5.742,0,2.0,0.065,309.69,-0.066,39.57,35.536075592041016,4.98,0.0,0
47038,-0.853,75.586,0.0,0.0,448.351,0.0,0.0,0.0,5.742,0,2.0,0.05,309.825,2.6146000000000003,40.410000000000004,35.536075592041016,4.98,0.0,0
47038,-0.853,75.586,0.0,0.0,448.654,0.0,0.0,0.0,5.742,0,2.0,0.03,309.825,1.6908,40.53,35.536075592041016,4.98,0.0,0
47038,-0.682,75.586,0.0,0.0,448.593,0.0,0.0,0.0,5.742,0,2.0,0.0,309.69,-2.7713,39.21,35.536075592041016,4.98,0.0,0
47038,-0.682,75.586,0.0,0.0,448.654,0.0,0.0,0.0,5.742,0,3.0,0.04,309.69,-0.6351,38.910000000000004,35.536075592041016,4.98,0.0,0
47038,-0.853,75.586,0.0,0.0,448.533,0.0,0.0,0.0,5.742,0,3.0,0.05,309.69,-1.5836000000000001,38.28,35.536075592041016,4.98,0.0,0
47038,-0.682,75.586,0.0,0.0,448.533,0.0,0.0,0.0,5.742,0,2.0,0.04,309.825,-1.5423,38.160000000000004,35.536075592041016,4.98,0.0,0
47038,-0.853,75.586,0.0,0.0,448.654,0.0,0.0,0.0,5.742,0,3.0,0.065,309.825,4.4373000000000005,38.43,35.536075592041016,4.98,0.0,0
47038,-0.682,75.586,0.0,0.0,448.714,0.0,0.0,0.0,5.742,0,4.0,0.07,309.825,7.4313,38.34,35.536075592041016,4.98,0.0,0
47038,-0.853,75.586,0.0,0.0,448.41200000000003,0.0,0.0,0.0,5.742,0,4.0,0.1,309.915,0.42060000000000003,37.62,35.536075592041016,4.98,0.0,0
47038,-0.853,75.586,0.0,0.0,448.47200000000004,0.0,0.0,0.0,5.742,0,3.0,0.05,309.69,-1.2949000000000002,37.44,35.536075592041016,4.98,0.0,0
47038,-1.194,75.586,0.0,0.0,448.47200000000004,0.0,0.0,0.0,5.742,0,3.0,0.02,309.825,1.2702,38.61,35.536075592041016,4.98,0.0,0
47038,-0.682,75.586,0.0,0.0,448.41200000000003,0.0,0.0,0.0,5.742,0,2.0,0.105,309.825,-3.8105,39.87,35.536075592041016,4.98,0.0,0
47038,-0.682,75.586,0.0,0.0,448.593,0.0,0.0,0.0,5.742,0,3.0,0.075,309.825,0.47840000000000005,40.410000000000004,35.536075592041016,4.98,0.0,0
47038,-0.853,75.586,0.0,0.0,448.654,0.0,0.0,0.0,5.742,0,5.0,0.055,309.69,3.9837000000000002,40.5,35.536075592041016,4.98,0.0,0
47038,-0.853,75.586,0.0,0.0,448.714,0.0,0.0,0.0,5.742,0,3.0,0.045,309.69,-2.9032,40.47,35.536075592041016,4.98,0.0,0
47038,-0.682,75.586,0.0,0.0,449.077,0.0,0.0,0.0,5.742,0,3.0,0.06,309.69,-4.396100000000001,39.99,35.536075592041016,4.98,0.0,0
47038,-0.512,75.586,0.0,0.0,449.017,0.0,0.0,0.0,5.742,0,4.0,0.05,309.69,0.2227,39.36,35.536075592041016,4.98,0.0,0
47038,-0.853,75.586,0.0,0.0,448.83500000000004,0.0,0.0,0.0,5.742,0,4.0,0.105,309.915,4.4456,38.19,35.536075592041016,4.98,0.0,0
47038,-0.512,75.586,0.0,0.0,448.291,0.0,0.0,0.0,5.742,0,2.0,0.045,309.6,-1.2784,38.01,35.536075592041016,4.98,0.0,0
47038,-0.853,75.586,0.0,0.0,448.47200000000004,0.0,0.0,0.0,5.742,0,2.0,0.05,309.69,-0.8578,38.07,35.536075592041016,4.98,0.0,0
47038,-0.853,75.586,0.0,0.0,448.47200000000004,0.0,0.0,0.0,5.742,0,0.0,0.08,309.825,0.3299,37.95,35.536075592041016,4.98,0.0,0
47038,-1.0230000000000001,75.586,0.0,0.0,448.351,0.0,0.0,0.0,5.742,0,3.0,0.09,309.69,1.6331,38.61,35.536075592041016,4.98,0.0,0
47038,-0.682,75.586,0.0,0.0,448.77500000000003,0.0,0.0,0.0,5.742,0,4.0,0.06,309.825,-0.7918000000000001,39.39,35.536075592041016,4.98,0.0,0
47038,-0.853,75.586,0.0,0.0,448.956,0.0,0.0,0.0,5.742,0,3.0,0.095,309.69,-2.5486,39.93,35.536075592041016,4.98,0.0,0
47038,-0.853,75.586,0.0,0.0,448.47200000000004,0.0,0.0,0.0,5.742,0,3.0,0.055,309.69,0.42060000000000003,40.62,35.536075592041016,4.98,0.0,0
47038,-0.682,75.586,0.0,0.0,448.533,0.0,0.0,0.0,5.742,0,2.0,0.025,309.915,-0.6763,40.74,35.536075592041016,4.98,0.0,0
47038,-1.0230000000000001,75.586,0.0,0.0,448.533,0.0,0.0,0.0,5.742,0,2.0,0.06,309.825,2.6805000000000003,40.980000000000004,35.536075592041016,4.98,0.0,0
47038,-0.682,75.586,0.0,0.0,448.593,0.0,0.0,0.0,5.742,0,3.0,0.06,309.825,0.767,39.78,35.536075592041016,4.98,0.0,0
47038,-0.853,75.586,0.0,0.0,448.77500000000003,0.0,0.0,0.0,5.742,0,3.0,0.05,309.69,-1.7155,39.660000000000004,35.536075592041016,4.98,0.0,0
47038,-0.512,75.586,0.0,0.0,448.654,0.0,0.0,0.0,5.742,0,3.0,0.06,309.69,-2.6393,39.63,35.536075592041016,4.98,0.0,0
47038,-0.682,75.586,0.0,0.0,448.351,0.0,0.0,0.0,5.742,0,2.0,0.055,309.825,0.5279,38.76,35.536075592041016,4.98,0.0,0
47038,-0.682,75.586,0.0,0.0,448.169,0.0,0.0,0.0,5.742,0,3.0,0.055,309.825,-0.132,38.19,35.536075592041016,4.98,0.0,0
47038,-0.853,75.586,0.0,0.0,448.47200000000004,0.0,0.0,0.0,5.742,0,1.0,0.06,309.69,0.0,38.01,35.536075592041016,4.98,0.0,0
47038,-0.512,75.586,0.0,0.0,448.47200000000004,0.0,0.0,0.0,5.742,0,1.0,0.05,309.825,-1.1877,38.67,35.536075592041016,4.98,0.0,0
47038,-0.512,75.586,0.0,0.0,448.169,0.0,0.0,0.0,5.742,0,2.0,0.055,309.825,2.3754,39.75,35.536075592041016,4.98,0.0,0
47038,-0.853,75.586,0.0,0.0,448.10900000000004,0.0,0.0,0.0,5.742,0,2.0,0.05,309.6,1.0557,39.96,35.536075592041016,4.98,0.0,0
47038,-0.853,75.586,0.0,0.0,448.10900000000004,0.0,0.0,0.0,5.742,0,1.0,0.055,309.825,1.8475000000000001,40.5,35.536075592041016,4.98,0.0,0
47038,-0.682,75.586,0.0,0.0,448.351,0.0,0.0,0.0,5.742,0,3.0,0.055,309.69,-3.8270000000000004,40.29,35.536075592041016,4.98,0.0,0
47038,-0.853,75.586,0.5,0.0,448.47200000000004,0.0,0.0,0.0,5.742,0,3.0,0.045,309.69,-0.8578,39.12,35.536075592041016,4.98,0.0,0
47038,-0.853,75.586,0.0,0.0,448.47200000000004,0.0,0.0,0.0,5.742,0,4.0,0.06,309.825,1.9795,39.27,35.536075592041016,4.98,0.0,0
47038,-0.512,75.586,0.0,0.0,448.41200000000003,0.0,0.0,0.0,5.742,0,3.0,0.04,309.825,2.2764,39.660000000000004,35.536075592041016,4.98,0.0,0
47038,-0.853,75.586,0.0,0.0,448.47200000000004,0.0,0.0,0.0,5.742,0,4.0,0.03,309.825,2.7713,39.21,35.536075592041016,4.98,0.0,0
47038,-0.853,75.586,0.0,0.0,448.291,0.0,0.0,0.0,5.742,0,2.0,0.07,309.825,0.0,39.0,35.536075592041016,4.98,0.0,0
47038,-0.682,75.586,-0.5,0.0,448.654,0.0,0.0,0.0,5.742,0,2.0,0.065,309.825,-3.2991,38.730000000000004,35.536075592041016,4.98,0.0,0
47038,-0.853,75.586,0.0,0.0,448.47200000000004,0.0,0.0,0.0,5.742,0,3.0,0.07,309.69,-1.4846000000000001,38.85,35.536075592041016,4.98,0.0,0
47038,-0.341,75.586,0.0,0.0,448.47200000000004,0.0,0.0,0.0,5.742,0,2.0,0.075,309.825,2.1114,38.31,35.536075592041016,4.98,0.0,0
47038,-0.853,75.586,0.0,0.0,448.47200000000004,0.0,0.0,0.0,5.742,0,5.0,0.06,309.825,-0.7918000000000001,38.76,35.536075592041016,4.98,0.0,0
47038,-0.682,75.586,0.0,0.0,448.351,0.0,0.0,0.0,5.742,0,2.0,0.065,309.915,3.0352,40.14,35.536075592041016,4.98,0.0,0
47038,-0.853,75.586,0.0,0.0,448.351,0.0,0.0,0.0,5.742,0,3.0,0.05,309.69,1.9135000000000002,40.2,35.536075592041016,4.98,0.0,0
47038,-0.853,75.586,0.0,0.0,448.47200000000004,0.0,0.0,0.0,5.742,0,2.0,0.055,309.825,1.7815,40.29,35.536075592041016,4.98,0.0,0
47038,-0.682,75.586,0.0,0.0,448.896,0.0,0.0,0.2,5.742,0,3.0,0.08,309.825,-0.7258,40.38,35.536075592041016,4.98,0.0,0
47038,-0.853,75.586,0.0,0.0,448.714,0.0,0.0,0.0,5.742,0,3.0,0.025,309.69,-2.862,39.96,35.536075592041016,4.98,0.0,0
47038,-0.853,75.586,0.0,0.0,448.654,0.0,0.0,0.0,5.742,0,3.0,0.08,309.825,0.19790000000000002,40.2,35.536075592041016,4.98,0.0,0
47038,-0.853,75.586,0.0,0.0,448.47200000000004,0.0,0.0,0.0,5.742,0,4.0,0.055,309.69,1.3856000000000002,40.29,35.536075592041016,4.98,0.0,0
47038,-0.853,75.586,0.0,0.0,448.351,0.0,0.0,0.0,5.742,0,3.0,0.085,309.825,2.3506,39.54,35.536075592041016,4.98,0.0,0
47038,-0.853,75.586,0.0,0.0,448.351,0.0,0.0,0.0,5.742,0,2.0,0.055,309.69,-1.2949000000000002,38.49,35.536075592041016,4.98,0.0,0
47038,-0.853,75.586,-0.5,0.0,448.41200000000003,0.0,0.0,0.0,5.742,0,1.0,0.07,309.69,-1.0557,38.13,35.536075592041016,4.98,0.0,0
47038,-1.0230000000000001,75.586,0.0,0.0,448.593,0.0,0.0,0.0,5.742,0,3.0,0.065,309.915,1.0392000000000001,37.800000000000004,35.536075592041016,4.98,0.0,0
47038,-0.853,75.586,0.0,0.0,448.593,0.0,0.0,0.0,5.742,0,4.0,0.045,309.825,3.4063000000000003,38.88,35.536075592041016,4.98,0.0,0
47038,-0.853,75.586,0.0,0.0,448.77500000000003,0.0,0.0,0.0,5.742,0,2.0,0.065,309.69,-0.23920000000000002,40.5,35.536075592041016,4.98,0.0,0
47038,-0.853,75.586,0.0,0.0,448.83500000000004,0.0,0.0,0.0,5.742,0,2.0,0.055,309.69,-3.1919,41.7,35.536075592041016,4.98,0.0,0
47038,-0.853,75.586,0.0,0.0,448.654,0.0,0.0,0.0,5.742,0,3.0,0.04,309.69,-4.726,41.4,35.536075592041016,4.98,0.0,0
47038,-0.853,75.586,0.0,0.0,448.533,0.0,0.0,0.0,5.742,0,3.0,0.12,309.825,1.5588000000000002,40.14,35.536075592041016,4.98,0.0,0
47038,-0.853,75.586,0.0,0.0,448.714,0.0,0.0,0.0,5.742,0,2.0,0.065,309.915,4.6023000000000005,39.18,35.536075592041016,4.98,0.0,0
47038,-0.682,75.586,0.0,0.0,449.077,0.0,0.0,0.0,5.742,0,1.0,0.045,309.825,1.2289,39.03,35.536075592041016,4.98,0.0,0
47038,-1.0230000000000001,75.586,0.0,0.0,448.654,0.0,0.0,0.0,5.742,0,2.0,0.065,309.825,0.39590000000000003,39.39,35.536075592041016,4.98,0.0,0
47038,-0.682,75.586,0.0,0.0,449.077,0.0,0.0,0.0,5.742,0,3.0,0.045,309.69,-4.8415,39.72,35.536075592041016,4.98,0.0,0
47038,-0.853,75.586,0.0,0.0,449.077,0.0,0.0,0.0,5.742,0,2.0,0.045,309.825,-3.3898,38.730000000000004,35.536075592041016,4.98,0.0,0
47038,-0.682,75.586,0.0,0.0,448.654,0.0,0.0,0.0,5.742,0,2.0,0.065,309.69,-3.3404000000000003,38.37,35.536075592041016,4.98,0.0,0
47038,-1.0230000000000001,75.586,0.0,0.0,448.77500000000003,0.0,0.0,0.2,5.742,0,2.0,0.085,309.825,1.1629,38.31,35.536075592041016,4.98,0.0,0
47038,-0.682,75.586,0.0,0.0,448.593,0.0,0.0,0.0,5.742,0,2.0,0.06,309.825,1.3856000000000002,38.910000000000004,35.536075592041016,4.98,0.0,0
47038,-0.682,75.586,0.0,0.0,448.654,0.0,0.0,0.0,5.742,0,2.0,0.035,309.825,2.3506,39.480000000000004,35.536075592041016,4.98,0.0,0
47038,-0.512,75.586,0.0,0.0,448.77500000000003,0.0,0.0,0.0,5.742,0,3.0,0.065,309.69,0.42060000000000003,39.6,35.536075592041016,4.98,0.0,0
47038,-0.682,75.586,0.0,0.0,448.896,0.0,0.0,0.0,5.742,0,4.0,0.055,309.825,1.1629,39.81,35.536075592041016,4.98,0.0,0
47038,-0.512,75.586,0.0,0.0,448.714,0.0,0.0,0.0,5.742,0,4.0,0.08,309.69,-2.7465,39.6,35.536075592041016,4.98,0.0,0
47038,-1.0230000000000001,75.586,0.0,0.0,448.714,0.0,0.0,0.0,5.742,0,4.0,0.06,309.825,0.5938,40.050000000000004,35.536075592041016,4.98,0.0,0
47038,-0.682,75.586,0.0,0.0,448.77500000000003,0.0,0.0,0.0,5.742,0,5.0,0.055,309.825,1.1877,40.17,35.536075592041016,4.98,0.0,0
47038,-0.682,75.586,0.0,0.0,449.017,0.0,0.0,0.0,5.742,0,3.0,0.075,309.69,0.8908,39.84,35.536075592041016,4.98,0.0,0
47038,-0.853,75.586,0.0,0.0,448.896,0.0,0.0,0.0,5.742,0,2.0,0.065,309.6,-3.0352,38.85,35.536075592041016,4.98,0.0,0
47038,-1.0230000000000001,75.586,0.0,0.0,448.593,0.0,0.0,0.0,5.742,0,2.0,0.07,309.69,-3.596,37.95,35.536075592041016,4.98,0.0,0
47038,-0.682,75.586,0.0,0.0,448.593,0.0,0.0,0.0,5.742,0,3.0,0.05,309.915,3.8270000000000004,36.69,35.536075592041016,4.98,0.0,0
47038,-0.682,75.586,0.0,0.0,448.47200000000004,0.0,0.0,0.0,5.742,0,2.0,0.07,309.825,6.1694,36.27,35.536075592041016,4.98,0.0,0
47038,-0.853,75.586,0.0,0.0,448.47200000000004,0.0,0.0,0.0,5.742,0,1.0,0.065,309.69,1.1877,37.35,35.536075592041016,4.98,0.0,0
47038,-0.512,75.586,0.0,0.0,448.23,0.0,0.0,0.0,5.742,0,4.0,0.055,309.825,-3.1012,38.58,35.536075592041016,4.98,0.0,0
47038,-0.512,75.586,0.0,0.0,448.47200000000004,0.0,0.0,0.0,5.742,0,0.0,0.085,309.69,-2.2434000000000003,39.69,35.536075592041016,4.98,0.0,0
47038,-0.682,75.586,0.0,0.0,448.654,0.0,0.0,0.0,5.742,0,3.0,0.05,309.69,-0.7918000000000001,40.11,35.536075592041016,4.98,0.0,0
47038,-0.853,75.586,0.0,0.0,448.47200000000004,0.0,0.0,0.0,5.742,0,2.0,0.07,309.825,-1.9795,39.84,35.536075592041016,4.98,0.0,0
47038,-0.512,75.586,0.0,0.0,448.533,0.0,0.0,0.0,5.742,0,3.0,0.075,309.69,-3.1672000000000002,39.480000000000004,35.536075592041016,4.98,0.0,0
47038,-0.853,75.586,0.0,0.0,448.351,0.0,0.0,0.0,5.742,0,2.0,0.085,309.825,3.563,39.21,35.536075592041016,4.98,0.0,0
47038,-0.853,75.586,0.0,0.0,448.169,0.0,0.0,0.0,5.742,0,1.0,0.05,309.825,2.3754,39.09,35.536075592041016,4.98,0.0,0
47038,-0.682,75.586,0.0,0.0,448.654,0.0,0.0,0.0,5.742,0,4.0,0.07,309.69,-0.39590000000000003,38.94,35.536075592041016,4.98,0.0,0
47038,-0.341,75.586,0.0,0.0,448.83500000000004,0.0,0.0,0.2,5.742,0,3.0,0.075,309.825,-1.5836000000000001,38.160000000000004,35.536075592041016,4.98,0.0,0
47038,-0.853,75.586,0.0,0.0,449.077,0.0,0.0,0.0,5.742,0,2.0,0.07,309.825,-1.1877,37.11,35.536075592041016,4.98,0.0,0
47038,-1.0230000000000001,75.586,0.0,0.0,448.654,0.0,0.0,0.0,5.742,0,3.0,0.08,309.69,1.5836000000000001,37.230000000000004,35.536075592041016,4.98,0.0,0
47038,-0.341,75.586,0.0,0.0,448.593,0.0,0.0,0.0,5.742,0,2.0,0.04,309.825,-1.1877,37.86,35.536075592041016,4.98,0.0,0
47038,-0.512,75.586,0.0,0.0,448.654,0.0,0.0,0.0,5.742,0,2.0,0.055,309.915,0.19790000000000002,38.13,35.536075592041016,4.98,0.0,0
47038,-0.512,75.586,0.0,0.0,448.593,0.0,0.0,0.0,5.742,0,2.0,0.025,309.825,5.938400000000001,39.75,35.536075592041016,4.98,0.0,0
47038,-0.171,75.586,0.0,0.0,448.77500000000003,0.0,0.0,0.0,5.742,0,2.0,0.06,309.825,-0.5279,40.47,35.536075592041016,4.98,0.0,0
47038,-0.853,75.586,0.0,0.0,448.47200000000004,0.0,0.0,0.0,5.742,0,1.0,0.055,309.915,-0.39590000000000003,40.56,35.536075592041016,4.98,0.0,0
47038,-0.512,75.586,0.0,0.0,448.654,0.0,0.0,0.0,5.742,0,2.0,0.055,309.825,-0.2639,39.99,35.536075592041016,4.98,0.0,0
47038,-0.171,75.586,0.0,0.0,448.714,0.0,0.0,0.0,5.742,0,1.0,0.065,309.69,-5.938400000000001,38.76,35.536075592041016,4.98,0.0,0
47038,-0.853,75.586,0.0,0.0,448.533,0.0,0.0,0.0,5.742,0,3.0,0.115,309.825,-2.8372,37.92,35.536075592041016,4.98,0.0,0
47038,-0.682,75.586,0.0,0.0,448.41200000000003,0.0,0.0,0.0,5.742,0,3.0,0.06,309.825,1.8475000000000001,37.26,35.536075592041016,4.98,0.0,0
47038,-1.0230000000000001,75.586,0.0,0.0,448.351,0.0,0.0,0.0,5.742,0,2.0,0.08,309.825,3.0682,37.59,35.536075592041016,4.98,0.0,0
47038,-0.853,75.586,0.0,0.0,448.351,0.0,0.0,0.0,5.742,0,2.0,0.075,309.825,3.0764,37.65,35.536075592041016,4.98,0.0,0
47038,-0.682,75.586,0.0,0.0,448.593,0.0,0.0,0.0,5.742,0,1.0,0.06,309.825,1.9795,37.65,35.536075592041016,4.98,0.0,0
47038,-0.853,75.586,0.0,0.0,448.593,0.0,0.0,0.0,5.742,0,2.0,0.055,309.69,-2.5486,38.25,35.536075592041016,4.98,0.0,0
47038,-0.853,75.586,0.0,0.0,448.169,0.0,0.0,0.0,5.742,0,0.0,0.075,309.825,-1.1877,39.15,35.536075592041016,4.98,0.0,0
47038,-0.682,75.586,0.0,0.0,448.351,0.0,0.0,0.0,5.742,0,2.0,0.065,309.825,0.5938,39.84,35.536075592041016,4.98,0.0,0
47038,-0.682,75.586,0.0,0.0,448.291,0.0,0.0,0.0,5.742,0,3.0,0.07,309.825,1.9547,40.38,35.536075592041016,4.98,0.0,0
47038,-0.512,75.586,0.0,0.0,448.351,0.0,0.0,0.0,5.742,0,4.0,0.06,309.825,1.7815,40.050000000000004,35.536075592041016,4.98,0.0,0
47038,-0.853,75.586,0.0,0.0,448.593,0.0,0.0,0.0,5.742,0,1.0,0.055,309.69,-3.3404000000000003,39.480000000000004,35.536075592041016,4.98,0.0,0
47038,-0.853,75.586,0.0,0.0,448.654,0.0,0.0,0.0,5.742,0,4.0,0.07,309.69,-2.6805000000000003,39.6,35.536075592041016,4.98,0.0,0
47038,-0.853,75.586,0.0,0.0,448.714,0.0,0.0,0.0,5.742,0,2.0,0.06,309.69,0.3547,40.08,35.536075592041016,4.98,0.0,0
47038,-0.853,75.586,-0.5,0.0,448.654,0.0,0.0,0.0,5.742,0,4.0,0.07,309.825,1.7568000000000001,39.15,35.536075592041016,4.98,0.0,0
47038,-0.853,75.586,0.0,0.0,449.017,0.0,0.0,0.0,5.742,0,3.0,0.065,309.825,0.17320000000000002,38.37,35.536075592041016,4.98,0.0,0
47038,-0.512,75.586,0.0,0.0,448.896,0.0,0.0,0.0,5.742,0,3.0,0.05,309.825,1.9795,37.56,35.536075592041016,4.98,0.0,0
47038,-0.853,75.586,0.0,0.0,448.654,0.0,0.0,0.0,5.742,0,3.0,0.08,309.825,1.3856000000000002,36.93,35.536075592041016,4.98,0.0,0
47038,-0.853,75.586,0.0,0.0,448.47200000000004,0.0,0.0,0.0,5.742,0,3.0,0.06,309.825,-1.4104,37.92,35.536075592041016,4.98,0.0,0
47038,-0.853,75.586,0.0,0.0,448.291,0.0,0.0,0.0,5.742,0,1.0,0.065,309.69,-0.9650000000000001,39.33,35.536075592041016,4.98,0.0,0
47038,-0.853,75.586,0.0,0.0,448.291,0.0,0.0,0.0,5.742,0,0.0,0.055,309.825,1.8475000000000001,40.230000000000004,35.536075592041016,4.98,0.0,0
47038,-0.682,75.586,0.0,0.0,448.291,0.0,0.0,0.0,5.742,0,1.0,0.06,309.825,0.7258,40.2,35.536075592041016,4.98,0.0,0
47038,-0.853,75.586,0.0,0.0,448.351,0.0,0.0,0.0,5.742,0,3.0,0.045,309.825,1.3856000000000002,39.9,35.536075592041016,4.98,0.0,0
47038,-0.682,75.586,0.0,0.0,448.41200000000003,0.0,0.0,0.0,5.742,0,2.0,0.055,309.825,-2.5733,39.33,35.536075592041016,4.98,0.0,0
47038,-0.853,75.586,0.0,0.0,448.533,0.0,0.0,0.0,5.742,0,3.0,0.075,309.825,-0.5938,39.42,35.536075592041016,4.98,0.0,0
47038,-0.512,75.586,0.0,0.0,448.291,0.0,0.0,0.0,5.742,0,3.0,0.05,309.825,-2.9692000000000003,39.87,35.536075592041016,4.98,0.0,0
47038,-0.853,75.586,0.0,0.0,448.47200000000004,0.0,0.0,0.0,5.742,0,3.0,0.07,309.69,-1.7815,39.39,35.536075592041016,4.98,0.0,0
47038,-0.853,75.586,0.0,0.0,448.654,0.0,0.0,0.0,5.742,0,4.0,0.06,309.915,3.0847,39.27,35.536075592041016,4.98,0.0,0
47038,-0.512,75.586,0.0,0.0,448.47200000000004,0.0,0.0,0.0,5.742,0,3.0,0.04,309.69,0.5279,38.52,35.536075592041016,4.98,0.0,0
47038,-0.512,75.586,0.0,0.0,448.47200000000004,0.0,0.0,0.0,5.742,0,3.0,0.055,309.825,0.767,38.01,35.536075592041016,4.98,0.0,0
47038,-0.512,75.586,0.0,0.0,448.533,0.0,0.0,0.0,5.742,0,4.0,0.06,309.915,-1.4681,38.19,35.536075592041016,4.98,0.0,0
47038,-0.512,75.586,0.0,0.0,448.41200000000003,0.0,0.0,0.0,5.742,0,3.0,0.055,309.825,0.0412,39.27,35.536075592041016,4.98,0.0,0
47038,-0.682,75.586,0.0,0.0,448.654,0.0,0.0,0.0,5.742,0,2.0,0.08,309.825,0.5279,40.44,35.536075592041016,4.98,0.0,0
47038,-0.682,75.586,0.0,0.0,448.41200000000003,0.0,0.0,0.0,5.742,0,3.0,0.045,310.005,-3.3816,40.74,35.536075592041016,4.98,0.0,0
47038,-0.512,75.586,0.0,0.0,448.41200000000003,0.0,0.0,0.0,5.742,0,2.0,0.08,309.69,0.066,40.47,35.536075592041016,4.98,0.0,0
47038,-0.682,75.586,0.0,0.0,448.47200000000004,0.0,0.0,0.0,5.742,0,3.0,0.075,309.69,-1.1877,40.47,35.536075592041016,4.98,0.0,0
47038,-0.512,75.586,0.0,0.0,448.41200000000003,0.0,0.0,0.0,5.742,0,3.0,0.045,309.915,0.7258,40.44,35.536075592041016,4.98,0.0,0
47038,-0.682,75.586,0.0,0.0,448.47200000000004,0.0,0.0,0.0,5.742,0,4.0,0.055,309.825,-4.0909,40.2,35.536075592041016,4.98,0.0,0
47038,-0.682,75.586,0.0,0.0,448.593,0.0,0.0,0.0,5.742,0,1.0,0.06,309.69,-1.3196,40.62,35.536075592041016,4.98,0.0,0
47038,-0.341,75.586,0.0,0.0,448.351,0.0,0.0,0.0,5.742,0,3.0,0.045,309.825,-1.4516,39.96,35.536075592041016,4.98,0.0,0
47038,-0.853,75.586,0.0,0.0,448.47200000000004,0.0,0.0,0.0,5.742,0,2.0,0.06,309.69,-4.651800000000001,38.61,35.536075592041016,4.98,0.0,0
47038,-0.341,75.586,0.0,0.0,448.714,0.0,0.0,0.0,5.742,0,3.0,0.045,309.825,1.3196,37.71,35.536075592041016,4.98,0.0,0
47038,-0.682,75.586,0.0,0.0,448.47200000000004,0.0,0.0,0.0,5.742,0,3.0,0.05,309.825,3.4311000000000003,36.78,35.536075592041016,4.98,0.0,0
47038,-0.512,75.586,0.0,0.0,448.169,0.0,0.0,-0.2,5.742,0,2.0,0.055,309.825,0.39590000000000003,38.04,35.536075592041016,4.98,0.0,0
47038,-0.682,75.586,0.0,0.0,448.10900000000004,0.0,0.0,0.0,5.742,0,2.0,0.08,309.69,-2.5403000000000002,39.42,35.536075592041016,4.98,0.0,0
47038,-0.682,75.586,0.0,0.0,448.654,0.0,0.0,0.0,5.742,0,2.0,0.055,309.825,-0.5279,41.1,35.536075592041016,4.98,0.0,0
47038,-0.853,75.586,0.0,0.0,448.47200000000004,0.0,0.0,0.0,5.742,0,1.0,0.06,309.915,5.7405,41.730000000000004,35.536075592041016,4.98,0.0,0
47038,-0.512,75.586,-0.5,0.0,448.47200000000004,0.0,0.0,0.0,5.742,0,2.0,0.02,309.825,3.563,41.34,35.536075592041016,4.98,0.0,0
47038,-0.341,75.586,0.0,0.0,448.47200000000004,0.0,0.0,0.0,5.742,0,3.0,0.055,309.825,-0.5279,40.29,35.536075592041016,4.98,0.0,0
47038,-0.341,75.586,0.0,0.0,448.291,0.0,0.0,0.0,5.742,0,2.0,0.055,309.825,-1.8475000000000001,39.42,35.536075592041016,4.98,0.0,0
47038,-0.682,75.586,0.0,0.0,448.291,0.0,0.0,0.0,5.742,0,3.0,0.065,309.825,-1.5836000000000001,38.94,35.536075592041016,4.98,0.0,0
47038,-0.682,75.586,0.0,0.0,448.10900000000004,0.0,0.0,0.0,5.742,0,2.0,0.05,309.825,2.3754,38.85,35.536075592041016,4.98,0.0,0
47038,-1.0230000000000001,75.586,0.0,0.0,448.169,0.0,0.0,0.0,5.742,0,3.0,0.065,309.825,-1.5836000000000001,38.13,35.536075592041016,4.98,0.0,0
47038,-0.512,75.586,0.0,0.0,447.867,0.0,0.0,0.0,5.742,0,2.0,0.07,309.69,-4.7507,37.410000000000004,35.536075592041016,4.98,0.0,0
47038,-0.853,75.586,0.0,0.0,448.351,0.0,0.0,0.0,5.742,0,2.0,0.06,309.825,-0.7918000000000001,38.4,35.536075592041016,4.98,0.0,0
47038,-0.341,75.586,0.0,0.0,448.23,0.0,0.0,0.0,5.742,0,2.0,0.06,309.825,1.1877,39.21,35.536075592041016,4.98,0.0,0
47038,-0.512,75.586,-0.5,0.0,448.10900000000004,0.0,0.0,0.0,5.742,0,4.0,0.05,309.69,2.3754,40.26,35.536075592041016,4.98,0.0,0
47038,-0.171,75.586,0.0,0.0,448.048,0.0,0.0,0.0,5.742,0,2.0,0.07,309.825,-0.7918000000000001,40.14,35.536075592041016,4.98,0.0,0
47038,-0.682,75.586,0.0,0.0,448.23,0.0,0.0,0.0,5.742,0,2.0,0.06,309.915,1.7815,39.75,35.536075592041016,4.98,0.0,0
47038,-0.512,75.586,0.0,0.0,447.867,0.0,0.0,0.0,5.742,0,3.0,0.065,309.69,2.3754,39.27,35.536075592041016,4.98,0.0,0
47038,-0.171,75.586,0.0,0.0,448.048,0.0,0.0,0.0,5.742,0,3.0,0.035,309.825,0.2639,39.78,35.536075592041016,4.98,0.0,0
47038,-0.341,75.586,0.0,0.0,448.23,0.0,0.0,0.0,5.742,0,3.0,0.045,309.825,-0.6598,39.39,35.536075592041016,4.98,0.0,0
47038,-0.682,75.586,0.0,0.0,448.351,0.0,0.0,0.0,5.742,0,3.0,0.07,309.825,-0.8908,38.64,35.536075592041016,4.98,0.0,0
47038,-0.682,75.586,0.0,0.0,448.351,0.0,0.0,0.0,5.742,0,4.0,0.06,309.825,-1.4104,38.49,35.536075592041016,4.98,0.0,0
47038,-0.682,75.586,0.0,0.0,448.351,0.0,0.0,0.0,5.742,0,4.0,0.075,309.825,-0.19790000000000002,38.04,35.536075592041016,4.98,0.0,0
47038,-0.682,75.586,0.0,0.0,448.291,0.0,0.0,0.0,5.742,0,1.0,0.065,309.69,-0.37120000000000003,37.44,35.536075592041016,4.98,0.0,0
47038,-0.512,75.586,0.0,0.0,448.169,0.0,0.0,0.0,5.742,0,1.0,0.06,309.825,-2.7713,37.230000000000004,35.536075592041016,4.98,0.0,0
47038,-0.682,75.586,0.0,0.0,448.351,0.0,0.0,0.0,5.742,0,3.0,0.07,309.825,-0.9897,37.68,35.536075592041016,4.98,0.0,0
47038,-0.341,75.586,0.0,0.0,448.291,0.0,0.0,0.0,5.742,0,4.0,0.055,309.825,-0.2227,39.24,35.536075592041016,4.98,0.0,0
47038,-0.853,75.586,0.0,0.0,448.291,0.0,0.0,0.0,5.742,0,3.0,0.045,309.69,-0.767,39.99,35.536075592041016,4.98,0.0,0
47038,-0.682,75.586,0.0,0.0,448.23,0.0,0.0,0.0,5.742,0,3.0,0.065,309.69,0.42060000000000003,41.4,35.536075592041016,4.98,0.0,0
47038,-0.853,75.586,0.0,0.0,448.169,0.0,0.0,0.0,5.742,0,2.0,0.065,309.825,-0.3547,41.28,35.536075592041016,4.98,0.0,0
47038,-0.682,75.586,-0.5,0.0,448.291,0.0,0.0,0.0,5.742,0,4.0,0.045,309.825,0.899,40.14,35.536075592041016,4.98,0.0,0
47038,-0.512,75.586,0.0,0.0,448.169,0.0,0.0,0.0,5.742,0,3.0,0.06,309.6,-2.2269,39.54,35.536075592041016,4.98,0.0,0
47038,-0.853,75.586,0.0,0.0,448.291,0.0,0.0,0.0,5.742,0,3.0,0.065,309.69,-3.0104,39.33,35.536075592041016,4.98,0.0,0
47038,-0.512,75.586,0.0,0.0,448.654,0.0,0.0,0.0,5.742,0,0.0,0.055,309.69,-0.7011000000000001,38.4,35.536075592041016,4.98,0.0,0
47038,-0.682,75.586,0.0,0.0,448.47200000000004,0.0,0.0,0.0,5.742,0,2.0,0.065,309.69,1.2372,37.74,35.536075592041016,4.98,0.0,0
47038,-0.853,75.586,0.0,0.0,448.47200000000004,0.0,0.0,0.0,5.742,0,3.0,0.045,309.825,2.3506,37.77,35.536075592041016,4.98,0.0,0
47038,-0.512,75.586,0.0,0.0,448.47200000000004,0.0,0.0,0.0,5.742,0,1.0,0.035,309.69,3.3651,37.71,35.536075592041016,4.98,0.0,0
47038,-0.341,75.586,0.0,0.0,448.47200000000004,0.0,0.0,0.0,5.742,0,3.0,0.065,309.69,-0.19790000000000002,38.31,35.536075592041016,4.98,0.0,0
47038,-0.682,75.586,0.0,0.0,448.593,0.0,0.0,0.0,5.742,0,2.0,0.07,309.825,-0.39590000000000003,38.85,35.536075592041016,4.98,0.0,0
47038,-0.682,75.586,0.0,0.0,448.351,0.0,0.0,0.0,5.742,0,3.0,0.055,309.825,5.0147,39.36,35.536075592041016,4.98,0.0,0
47038,-0.682,75.586,0.5,0.0,448.048,0.0,0.0,0.0,5.742,0,2.0,0.065,309.69,1.5176,39.96,35.536075592041016,4.98,0.0,0
47038,-0.512,75.586,0.0,0.0,448.291,0.0,0.0,0.0,5.742,0,3.0,0.06,309.825,-2.5733,40.14,35.536075592041016,4.98,0.0,0
47038,-0.512,75.586,0.0,0.0,448.351,0.0,0.0,0.0,5.742,0,4.0,0.07,309.825,0.5938,39.99,35.536075592041016,4.98,0.0,0
47038,-0.853,75.586,0.0,0.0,448.351,0.0,0.0,0.0,5.742,0,4.0,0.065,309.825,0.7918000000000001,39.87,35.536075592041016,4.98,0.0,0
47038,-0.341,75.586,0.0,0.0,448.593,0.0,0.0,0.0,5.742,0,3.0,0.065,309.825,0.7918000000000001,39.660000000000004,35.536075592041016,4.98,0.0,0
47038,-0.341,75.586,0.0,0.0,448.10900000000004,0.0,0.0,0.0,5.742,0,3.0,0.05,309.69,-3.0682,38.28,35.536075592041016,4.98,0.0,0
47038,-0.682,75.586,0.0,0.0,448.351,0.0,0.0,0.0,5.742,0,3.0,0.06,309.825,1.1877,37.89,35.536075592041016,4.98,0.0,0
47038,-0.853,75.586,0.0,0.0,448.23,0.0,0.0,0.0,5.742,0,2.0,0.065,309.69,2.7383,37.59,35.536075592041016,4.98,0.0,0
47038,-0.341,75.586,0.0,0.0,448.654,0.0,0.0,0.0,5.742,0,4.0,0.07,309.825,1.3196,37.53,35.536075592041016,4.98,0.0,0
47038,-0.512,75.586,0.0,0.0,448.654,0.0,0.0,0.0,5.742,0,2.0,0.075,309.69,-2.2764,37.47,35.536075592041016,4.98,0.0,0
47038,-0.341,75.586,0.0,0.0,448.169,0.0,0.0,0.0,5.742,0,2.0,0.055,309.825,2.9032,38.4,35.536075592041016,4.98,0.0,0
47038,-0.853,75.586,0.0,0.0,447.988,0.0,0.0,0.0,5.742,0,1.0,0.045,309.825,2.3754,39.63,35.536075592041016,4.98,0.0,0
47038,-0.682,75.586,0.0,0.0,448.291,0.0,0.0,0.0,5.742,0,4.0,0.07,309.825,-0.2639,39.24,35.536075592041016,4.98,0.0,0
47038,-0.341,75.586,0.0,0.0,448.654,0.0,0.0,0.0,5.742,0,2.0,0.075,309.825,-1.0557,38.82,35.536075592041016,4.98,0.0,0
47038,-0.682,75.586,0.0,0.0,448.47200000000004,0.0,0.0,0.0,5.742,0,3.0,0.07,309.69,-0.7918000000000001,38.25,35.536075592041016,4.98,0.0,0
47038,-0.512,75.586,0.5,0.0,448.714,0.0,0.0,0.0,5.742,0,2.0,0.04,309.69,-2.2764,38.49,35.536075592041016,4.98,0.0,0
47038,-0.682,75.586,0.5,0.0,448.654,0.0,0.0,0.0,5.742,0,4.0,0.1,309.69,-4.7507,39.12,35.536075592041016,4.98,0.0,0
47038,-0.171,75.586,0.0,0.0,448.41200000000003,0.0,0.0,0.0,5.742,0,5.0,0.065,309.6,-0.9897,38.52,35.536075592041016,4.98,0.0,0
47038,-0.682,75.586,0.0,0.0,448.593,0.0,0.0,0.0,5.742,0,3.0,0.04,309.825,2.6393,37.56,35.536075592041016,4.98,0.0,0
47038,-0.512,75.586,0.0,0.0,448.291,0.0,0.0,0.0,5.742,0,4.0,0.06,309.825,1.7485000000000002,37.050000000000004,35.536075592041016,4.98,0.0,0
47038,-0.682,75.586,0.0,0.0,448.23,0.0,0.0,0.0,5.742,0,2.0,0.04,309.69,3.4311000000000003,36.81,35.536075592041016,4.98,0.0,0
47038,-0.341,75.586,0.0,0.0,448.169,0.0,0.0,0.0,5.742,0,5.0,0.07,309.69,-0.6928000000000001,36.54,35.536075592041016,4.98,0.0,0
47038,-0.341,75.586,0.0,0.0,448.291,0.0,0.0,0.0,5.742,0,3.0,0.045,309.69,-4.7507,36.87,35.536075592041016,4.98,0.0,0
47038,-1.0230000000000001,75.586,0.0,0.0,448.351,0.0,0.0,0.0,5.742,0,2.0,0.075,309.825,-0.099,38.4,35.536075592041016,4.98,0.0,0
47038,-0.682,75.586,0.0,0.0,448.169,0.0,0.0,0.0,5.742,0,3.0,0.065,309.825,4.3548,39.0,35.536075592041016,4.98,0.0,0
47038,-0.512,75.586,0.0,0.0,448.291,0.0,0.0,0.0,5.742,0,4.0,0.08,309.825,3.8600000000000003,39.480000000000004,35.536075592041016,4.98,0.0,0
47038,-0.512,75.586,0.0,0.0,448.351,0.0,0.0,0.0,5.742,0,4.0,0.06,309.6,-1.9795,39.03,35.536075592041016,4.98,0.0,0
47038,-0.512,75.586,-0.5,0.0,448.654,0.0,0.0,0.0,5.742,0,3.0,0.06,309.69,-3.0682,38.730000000000004,35.536075592041016,4.98,0.0,0
47038,-0.341,75.586,0.0,0.0,448.956,0.0,0.0,0.0,5.742,0,1.0,0.065,309.825,1.1877,38.79,35.536075592041016,4.98,0.0,0
47038,-0.341,75.586,0.5,0.0,448.593,0.0,0.0,0.0,5.742,0,2.0,0.06,309.825,5.641500000000001,38.4,35.536075592041016,4.98,0.0,0
47038,-0.341,75.586,-0.5,0.0,448.47200000000004,0.0,0.0,0.0,5.742,0,4.0,0.04,309.69,-1.9795,37.35,35.536075592041016,4.98,0.0,0
47038,-0.341,75.586,0.0,0.0,448.47200000000004,0.0,0.0,0.0,5.742,0,1.0,0.05,309.825,-2.2022,37.29,35.536075592041016,4.98,0.0,0
47038,-0.171,75.586,0.0,0.0,448.47200000000004,0.0,0.0,0.0,5.742,0,3.0,0.06,309.69,-2.5486,36.57,35.536075592041016,4.98,0.0,0
47038,-0.682,75.586,0.0,0.0,448.47200000000004,0.0,0.0,0.0,5.742,0,3.0,0.04,309.825,0.7918000000000001,36.09,35.536075592041016,4.98,0.0,0
47038,-0.853,75.586,0.0,0.0,448.351,0.0,0.0,0.0,5.742,0,2.0,0.055,309.825,1.9547,36.33,35.536075592041016,4.98,0.0,0
47038,-0.682,75.586,0.5,0.0,448.291,0.0,0.0,0.0,5.742,0,2.0,0.08,309.69,0.9897,37.62,35.536075592041016,4.98,0.0,0
47038,-0.512,75.586,0.0,0.0,448.23,0.0,0.0,0.0,5.742,0,2.0,0.06,309.825,-4.1569,39.480000000000004,35.536075592041016,4.98,0.0,0
47038,-0.171,75.586,0.0,0.0,448.23,0.0,0.0,0.0,5.742,0,2.0,0.065,309.825,-0.7918000000000001,39.84,35.536075592041016,4.98,0.0,0
47038,-0.512,75.586,-0.5,0.0,448.10900000000004,0.0,0.0,0.0,5.742,0,4.0,0.08,309.825,2.3506,39.81,35.536075592041016,4.98,0.0,0
47038,-0.512,75.586,0.0,0.0,448.10900000000004,0.0,0.0,0.0,5.742,0,2.0,0.06,309.825,1.1877,38.88,35.536075592041016,4.98,0.0,0
47038,-0.512,75.586,0.0,0.0,448.10900000000004,0.0,0.0,0.0,5.742,0,2.0,0.075,309.69,0.39590000000000003,38.550000000000004,35.536075592041016,4.98,0.0,0
47038,-0.682,75.586,0.0,0.0,448.654,0.0,0.0,0.0,5.742,0,2.0,0.06,309.825,-0.9897,38.31,35.536075592041016,4.98,0.0,0
47038,-0.682,75.586,0.0,0.0,448.47200000000004,0.0,0.0,0.0,5.742,0,2.0,0.06,309.825,0.9897,39.03,35.536075592041016,4.98,0.0,0
47038,-0.682,75.586,0.0,0.0,448.23,0.0,0.0,0.0,5.742,0,4.0,0.065,309.69,-2.9692000000000003,38.730000000000004,35.536075592041016,4.98,0.0,0
47038,-0.512,75.586,0.0,0.0,448.23,0.0,0.0,0.0,5.742,0,3.0,0.06,309.69,-3.9589000000000003,38.67,35.536075592041016,4.98,0.0,0
47038,-0.682,75.586,0.0,0.0,448.47200000000004,0.0,0.0,0.0,5.742,0,3.0,0.05,309.915,-1.3196,37.95,35.536075592041016,4.98,0.0,0
47038,-0.682,75.586,0.0,0.0,448.47200000000004,0.0,0.0,0.0,5.742,0,2.0,0.065,309.825,5.2786,37.17,35.536075592041016,4.98,0.0,0
47038,-0.853,75.586,0.0,0.0,447.927,0.0,0.0,0.0,5.742,0,3.0,0.065,309.69,-2.1114,36.660000000000004,35.536075592041016,4.98,0.0,0
47038,-0.341,75.586,-0.5,0.0,448.47200000000004,0.0,0.0,0.0,5.742,0,2.0,0.07,309.69,-4.8497,36.84,35.536075592041016,4.98,0.0,0
47038,-0.171,75.586,0.0,0.0,448.47200000000004,0.0,0.0,0.0,5.742,0,3.0,0.035,309.825,3.6950000000000003,38.79,35.536075592041016,4.98,0.0,0
47038,-0.341,75.586,0.0,0.0,448.048,0.0,0.0,0.0,5.742,0,2.0,0.045,309.825,0.6928000000000001,39.9,35.536075592041016,4.98,0.0,0
47038,-0.341,75.586,0.0,0.0,448.10900000000004,0.0,0.0,0.0,5.742,0,3.0,0.045,309.825,4.0909,40.59,35.536075592041016,4.98,0.0,0
47038,-0.512,75.586,0.0,0.0,448.169,0.0,0.0,0.0,5.742,0,2.0,0.05,309.69,-1.4846000000000001,39.63,35.536075592041016,4.98,0.0,0
47038,-0.341,75.586,0.0,0.0,448.47200000000004,0.0,0.0,0.0,5.742,0,3.0,0.06,309.825,-2.5073000000000003,38.82,35.536075592041016,4.98,0.0,0
47038,-0.341,75.586,0.0,0.0,448.291,0.0,0.0,0.0,5.742,0,1.0,0.05,309.825,3.4311000000000003,38.28,35.536075592041016,4.98,0.0,0
47038,-1.0230000000000001,75.586,0.5,0.0,448.291,0.0,0.0,0.0,5.742,0,3.0,0.04,309.825,2.1114,38.22,35.536075592041016,4.98,0.0,0
47038,-0.341,75.586,0.0,0.0,448.169,0.0,0.0,0.0,5.742,0,2.0,0.06,309.825,1.0557,38.04,35.536075592041016,4.98,0.0,0
47038,-0.512,75.586,0.0,0.0,448.291,0.0,0.0,0.0,5.742,0,2.0,0.075,309.825,-0.2639,38.43,35.536075592041016,4.98,0.0,0
47038,-0.512,75.586,0.0,0.0,448.47200000000004,0.0,0.0,0.0,5.742,0,3.0,0.1,309.69,-3.0682,38.4,35.536075592041016,4.98,0.0,0
47038,-0.171,75.586,-0.5,0.0,448.048,0.0,0.0,0.2,5.742,0,1.0,0.05,309.825,-0.5279,37.53,35.536075592041016,4.98,0.0,0
47038,-0.512,75.586,0.0,0.0,447.867,0.0,0.0,0.0,5.742,0,2.0,0.055,309.69,2.2104,37.53,35.536075592041016,4.98,0.0,0
47038,-0.512,75.586,0.0,0.0,448.169,0.0,0.0,0.0,5.742,0,2.0,0.05,309.825,1.8475000000000001,38.550000000000004,35.536075592041016,4.98,0.0,0
47038,-0.171,75.586,0.5,0.0,448.10900000000004,0.0,0.0,0.0,5.742,0,2.0,0.06,309.915,-0.8578,39.300000000000004,35.536075592041016,4.98,0.0,0
47038,-0.682,75.586,-0.5,0.0,447.927,0.0,0.0,0.0,5.742,0,2.0,0.08,309.69,1.1877,39.57,35.536075592041016,4.98,0.0,0
47038,-0.853,75.586,0.0,0.0,448.10900000000004,0.0,0.0,0.0,5.742,0,2.0,0.055,309.825,-1.3196,39.36,35.536075592041016,4.98,0.0,0
47038,-0.853,75.586,0.0,0.0,448.048,0.0,0.0,0.0,5.742,0,2.0,0.045,309.69,-3.8270000000000004,39.03,35.536075592041016,4.98,0.0,0
47038,-0.341,75.586,0.0,0.0,448.10900000000004,0.0,0.0,0.0,5.742,0,4.0,0.075,309.69,0.7918000000000001,39.03,35.536075592041016,4.98,0.0,0
47038,-0.682,75.586,0.0,0.0,448.048,0.0,0.0,0.0,5.742,0,3.0,0.05,309.69,-4.7507,38.67,35.536075592041016,4.98,0.0,0
47038,-0.341,75.586,0.0,0.0,447.927,0.0,0.0,0.0,5.742,0,3.0,0.075,309.69,1.0557,38.28,35.536075592041016,4.98,0.0,0
47038,-0.512,75.586,0.0,0.0,447.927,0.0,0.0,0.0,5.742,0,1.0,0.055,309.69,1.7155,38.64,35.536075592041016,4.98,0.0,0
47038,-0.853,75.586,0.0,0.0,448.23,0.0,0.0,0.0,5.742,0,3.0,0.05,309.69,-1.5836000000000001,38.160000000000004,35.536075592041016,4.98,0.0,0
47038,-0.171,75.586,0.0,0.0,448.291,0.0,0.0,0.0,5.742,0,4.0,0.045,309.69,0.0,38.34,35.536075592041016,4.98,0.0,0
47038,-0.512,75.586,0.0,0.0,448.291,0.0,0.0,0.0,5.742,0,4.0,0.045,309.825,-0.0247,38.43,35.536075592041016,4.98,0.0,0
47038,-0.512,75.586,0.0,0.0,448.169,0.0,0.0,0.0,5.742,0,1.0,0.08,309.825,1.1629,39.69,35.536075592041016,4.98,0.0,0
47038,-0.171,75.586,0.0,0.0,448.10900000000004,0.0,0.0,0.0,5.742,0,2.0,0.085,309.825,0.9650000000000001,40.53,35.536075592041016,4.98,0.0,0
47038,-0.171,75.586,0.0,0.0,448.169,0.0,0.0,0.0,5.742,0,1.0,0.065,309.69,-1.9795,40.53,35.536075592041016,4.98,0.0,0
47038,-0.512,75.586,0.0,0.0,448.654,0.0,0.0,0.0,5.742,0,1.0,0.055,309.825,-1.3856000000000002,40.32,35.536075592041016,4.98,0.0,0
47038,-0.171,75.586,0.0,0.0,448.41200000000003,0.0,0.0,0.0,5.742,0,2.0,0.06,309.69,-2.3754,39.72,35.536075592041016,4.98,0.0,0
47038,-0.341,75.586,0.0,0.0,447.988,0.0,0.0,0.0,5.742,0,2.0,0.075,309.69,0.5938,39.63,35.536075592041016,4.98,0.0,0
47038,-0.512,75.586,0.0,0.0,448.10900000000004,0.0,0.0,0.0,5.742,0,3.0,0.055,309.69,-0.5691,39.300000000000004,35.536075592041016,4.98,0.0,0
47038,-0.512,75.586,-0.5,0.0,448.291,0.0,0.0,0.0,5.742,0,2.0,0.05,309.915,5.6332,38.79,35.536075592041016,4.98,0.0,0
47038,-0.341,75.586,0.0,0.0,448.23,0.0,0.0,0.0,5.742,0,3.0,0.055,309.825,2.1774,38.22,35.536075592041016,4.98,0.0,0
47038,-0.682,75.586,0.0,0.0,448.351,0.0,0.0,0.0,5.742,0,1.0,0.055,309.825,-2.4661,37.56,35.536075592041016,4.98,0.0,0
47038,-0.341,75.586,0.0,0.0,448.351,0.0,0.0,0.0,5.742,0,3.0,0.055,309.69,-2.6805000000000003,37.74,35.536075592041016,4.98,0.0,0
47038,-0.341,75.586,0.0,0.0,448.048,0.0,0.0,0.0,5.742,0,3.0,0.055,309.825,-1.3856000000000002,38.79,35.536075592041016,4.98,0.0,0
47038,-0.512,75.586,0.0,0.0,448.048,0.0,0.0,0.0,5.742,0,1.0,0.06,309.825,-0.2227,39.9,35.536075592041016,4.98,0.0,0
47038,-0.341,75.586,0.0,0.0,448.23,0.0,0.0,0.0,5.742,0,2.0,0.055,309.69,1.5836000000000001,40.08,35.536075592041016,4.98,0.0,0
47038,-0.171,75.586,0.0,0.0,448.351,0.0,0.0,0.0,5.742,0,2.0,0.06,309.69,-3.7363000000000004,40.44,35.536075592041016,4.98,0.0,0
47038,-0.171,75.586,0.0,0.0,447.746,0.0,0.0,0.0,5.742,0,1.0,0.055,309.69,2.5321000000000002,40.77,35.536075592041016,4.98,0.0,0
47038,-0.512,75.586,0.0,0.0,448.10900000000004,0.0,0.0,0.0,5.742,0,1.0,0.06,309.825,2.1774,40.5,35.536075592041016,4.98,0.0,0
47038,-0.341,75.586,0.0,0.0,448.47200000000004,0.0,0.0,0.0,5.742,0,3.0,0.055,309.825,1.6248,39.69,35.536075592041016,4.98,0.0,0
47038,-0.171,75.586,0.0,0.0,448.10900000000004,0.0,0.0,0.0,5.742,0,4.0,0.055,309.825,1.6661000000000001,38.910000000000004,35.536075592041016,4.98,0.0,0
47038,-0.512,75.586,0.0,0.0,447.988,0.0,0.0,0.0,5.742,0,2.0,0.065,309.69,-5.3198,38.25,35.536075592041016,4.98,0.0,0
47038,-0.682,75.586,0.0,0.0,447.988,0.0,0.0,0.0,5.742,0,2.0,0.065,309.825,-2.1774,37.32,35.536075592041016,4.98,0.0,0
47038,-0.682,75.586,0.0,0.0,447.988,0.0,0.0,0.0,5.742,0,3.0,0.07,309.69,1.4104,37.95,35.536075592041016,4.98,0.0,0
47038,-0.682,75.586,0.5,0.0,448.291,0.0,0.0,0.0,5.742,0,2.0,0.065,309.825,5.385800000000001,38.19,35.536075592041016,4.98,0.0,0
47038,-0.341,75.586,-0.5,0.0,448.10900000000004,0.0,0.0,0.0,5.742,0,2.0,0.085,309.825,2.8372,39.24,35.536075592041016,4.98,0.0,0
47038,-0.682,75.586,0.5,0.0,447.927,0.0,0.0,0.0,5.742,0,2.0,0.06,309.825,-0.19790000000000002,40.02,35.536075592041016,4.98,0.0,0
47038,-0.682,75.586,0.0,0.0,447.806,0.0,0.0,0.0,5.742,0,4.0,0.065,309.69,-2.2846,40.29,35.536075592041016,4.98,0.0,0
47038,-0.512,75.586,0.0,0.0,448.10900000000004,0.0,0.0,-0.2,5.742,0,2.0,0.045,309.69,-2.862,40.38,35.536075592041016,4.98,0.0,0
47038,-0.512,75.586,0.0,0.0,448.10900000000004,0.0,0.0,0.0,5.742,0,4.0,0.045,309.69,-2.3754,40.32,35.536075592041016,4.98,0.0,0
47038,-0.341,75.586,0.5,0.0,448.10900000000004,0.0,0.0,0.2,5.742,0,3.0,0.055,309.825,1.5836000000000001,39.96,35.536075592041016,4.98,0.0,0
47038,-0.682,75.586,0.0,0.0,448.048,0.0,0.0,0.0,5.742,0,0.0,0.075,309.915,7.1261,39.87,35.536075592041016,4.98,0.0,0
47038,-0.171,75.586,0.0,0.0,448.291,0.0,0.0,0.0,5.742,0,2.0,0.05,309.6,-0.46190000000000003,40.26,35.536075592041016,4.98,0.0,0
47038,-0.341,75.586,0.0,0.0,448.10900000000004,0.0,0.0,0.0,5.742,0,2.0,0.05,309.825,-4.0909,39.54,35.536075592041016,4.98,0.0,0
47038,0.0,75.586,0.0,0.0,447.927,0.0,0.0,0.0,5.742,0,1.0,0.055,309.915,-0.2639,38.28,35.536075592041016,4.98,0.0,0
47038,-0.512,75.586,0.0,0.0,447.927,0.0,0.0,0.0,5.742,0,2.0,0.055,309.69,3.0352,37.800000000000004,35.536075592041016,4.98,0.0,0
47038,-0.682,75.586,0.0,0.0,448.23,0.0,0.0,0.0,5.742,0,3.0,0.06,309.69,-0.4289,37.77,35.536075592041016,4.98,0.0,0
47038,-0.171,75.586,0.5,0.0,448.533,0.0,0.0,0.0,5.742,0,3.0,0.06,309.825,-1.8475000000000001,38.52,35.536075592041016,4.98,0.0,0
47038,-0.341,75.586,0.0,0.0,448.593,0.0,0.0,0.0,5.742,0,2.0,0.085,309.825,-1.6826,39.84,35.536075592041016,4.98,0.0,0
47038,-0.171,75.586,0.0,0.0,448.47200000000004,0.0,0.0,0.0,5.742,0,3.0,0.055,309.825,0.7918000000000001,40.77,35.536075592041016,4.98,0.0,0
47038,-0.341,75.586,0.5,0.0,448.10900000000004,0.0,0.0,0.0,5.742,0,3.0,0.06,309.69,0.8908,40.92,35.536075592041016,4.98,0.0,0
47038,-0.853,75.586,0.0,0.0,448.23,0.0,0.0,0.0,5.742,0,1.0,0.065,309.69,-3.563,40.74,35.536075592041016,4.98,0.0,0
47038,-0.341,75.586,0.0,0.0,448.23,0.0,0.0,0.0,5.742,0,1.0,0.085,309.825,2.3754,40.11,35.536075592041016,4.98,0.0,0
47038,-0.341,75.586,0.0,0.0,448.10900000000004,0.0,0.0,0.0,5.742,0,2.0,0.05,309.69,1.1877,39.81,35.536075592041016,4.98,0.0,0
47038,-0.341,75.586,0.0,0.0,448.41200000000003,0.0,0.0,0.0,5.742,0,2.0,0.065,309.825,-0.8908,39.87,35.536075592041016,4.98,0.0,0
47038,-0.682,75.586,0.0,0.0,448.291,0.0,0.0,0.0,5.742,0,2.0,0.07,309.825,3.563,39.42,35.536075592041016,4.98,0.0,0
47038,-0.682,75.586,0.0,0.0,448.10900000000004,0.0,0.0,0.0,5.742,0,2.0,0.055,309.69,0.0,39.21,35.536075592041016,4.98,0.0,0
47038,-0.341,75.586,0.0,0.0,448.169,0.0,0.0,0.0,5.742,0,1.0,0.06,309.69,-4.3548,37.980000000000004,35.536075592041016,4.98,0.0,0
47038,-0.341,75.586,0.0,0.0,448.41200000000003,0.0,0.0,0.0,5.742,0,0.0,0.07,309.69,-2.2764,37.230000000000004,35.536075592041016,4.98,0.0,0
47038,-0.171,75.586,0.0,0.0,448.291,0.0,0.0,0.0,5.742,0,1.0,0.055,309.69,-0.39590000000000003,37.95,35.536075592041016,4.98,0.0,0
47038,-0.512,75.586,0.0,0.0,448.291,0.0,0.0,0.0,5.742,0,3.0,0.06,309.825,1.4846000000000001,39.33,35.536075592041016,4.98,0.0,0
47038,-0.341,75.586,0.0,0.0,448.291,0.0,0.0,0.0,5.742,0,2.0,0.095,309.825,2.3754,40.92,35.536075592041016,4.98,0.0,0
47038,-0.682,75.586,0.0,0.0,447.927,0.0,0.0,0.0,5.742,0,2.0,0.065,309.825,2.2764,41.67,35.536075592041016,4.98,0.0,0
47038,-0.512,75.586,0.0,0.0,448.10900000000004,0.0,0.0,0.0,5.742,0,3.0,0.07,309.69,-0.39590000000000003,41.19,35.536075592041016,4.98,0.0,0
47038,-0.171,75.586,-0.5,0.0,448.10900000000004,0.0,0.0,0.0,5.742,0,4.0,0.065,309.825,0.19790000000000002,41.19,35.536075592041016,4.98,0.0,0
47038,-0.171,75.586,0.0,0.0,448.291,0.0,0.0,0.0,5.742,0,2.0,0.06,309.825,1.9795,40.26,35.536075592041016,4.98,0.0,0
47038,-0.512,75.586,0.0,0.0,448.47200000000004,0.0,0.0,0.0,5.742,0,4.0,0.065,309.69,-1.1629,38.85,35.536075592041016,4.98,0.0,0
47038,-0.682,75.586,0.5,0.0,448.351,0.0,0.0,0.0,5.742,0,2.0,0.065,309.825,-2.5981,38.88,35.536075592041016,4.98,0.0,0
47038,-0.341,75.586,0.0,0.0,448.351,0.0,0.0,0.0,5.742,0,3.0,0.065,309.825,2.5073000000000003,39.0,35.536075592041016,4.98,0.0,0
47038,-0.512,75.586,0.0,0.0,448.41200000000003,0.0,0.0,0.0,5.742,0,2.0,0.065,309.825,4.9487000000000005,38.58,35.536075592041016,4.98,0.0,0
47038,-0.171,75.586,0.0,0.0,448.351,0.0,0.0,0.0,5.742,0,1.0,0.065,309.69,-1.2949000000000002,37.62,35.536075592041016,4.98,0.0,0
47038,-0.682,75.586,0.0,0.0,448.291,0.0,0.0,0.0,5.742,0,2.0,0.06,309.825,-5.3281,37.17,35.536075592041016,4.98,0.0,0
47038,-0.512,75.586,0.0,0.0,448.10900000000004,0.0,0.0,0.0,5.742,0,3.0,0.05,309.69,-2.6805000000000003,37.95,35.536075592041016,4.98,0.0,0
47038,-0.512,75.586,0.0,0.0,448.291,0.0,0.0,0.0,5.742,0,3.0,0.055,309.825,3.761,39.12,35.536075592041016,4.98,0.0,0
47038,-0.512,75.586,0.0,0.0,448.048,0.0,0.0,0.0,5.742,0,1.0,0.045,309.825,1.5836000000000001,40.74,35.536075592041016,4.98,0.0,0
47038,-0.341,75.586,0.0,0.0,448.351,0.0,0.0,0.0,5.742,0,3.0,0.07,309.825,2.7465,40.800000000000004,35.536075592041016,4.98,0.0,0
47038,-0.853,75.586,-0.5,0.0,448.291,0.0,0.0,0.0,5.742,0,2.0,0.055,309.825,-1.1877,39.99,35.536075592041016,4.98,0.0,0
47038,-0.682,75.586,0.0,0.0,447.988,0.0,0.0,0.0,5.742,0,1.0,0.085,309.69,-1.9795,38.910000000000004,35.536075592041016,4.98,0.0,0
47038,-0.512,75.586,0.0,0.0,448.10900000000004,0.0,0.0,0.0,5.742,0,2.0,0.035,309.825,-3.9589000000000003,38.52,35.536075592041016,4.98,0.0,0
47038,-0.341,75.586,0.0,0.0,448.169,0.0,0.0,0.0,5.742,0,2.0,0.055,309.69,-2.9692000000000003,38.31,35.536075592041016,4.98,0.0,0
47038,-0.341,75.586,0.5,0.0,448.291,0.0,0.0,0.0,5.742,0,3.0,0.065,309.69,1.1877,38.04,35.536075592041016,4.98,0.0,0
47038,-0.512,75.586,0.0,0.0,448.291,0.0,0.0,0.0,5.742,0,3.0,0.05,309.69,-0.5938,37.95,35.536075592041016,4.98,0.0,0
47038,-0.171,75.586,0.0,0.0,448.291,0.0,0.0,0.0,5.742,0,3.0,0.04,309.825,4.3301,37.62,35.536075592041016,4.98,0.0,0
47038,-0.341,75.586,0.0,0.0,448.351,0.0,0.0,0.0,5.742,0,3.0,0.045,309.69,-0.132,37.47,35.536075592041016,4.98,0.0,0
47038,-0.171,75.586,0.0,0.0,448.41200000000003,0.0,0.0,0.0,5.742,0,1.0,0.06,309.69,-3.0352,38.07,35.536075592041016,4.98,0.0,0
47038,-0.682,75.586,0.0,0.0,448.593,0.0,0.0,0.0,5.742,0,2.0,0.07,309.69,-0.5691,38.910000000000004,35.536075592041016,4.98,0.0,0
47038,-0.171,75.586,0.0,0.0,448.533,0.0,0.0,0.0,5.742,0,2.0,0.07,309.69,-0.39590000000000003,39.06,35.536075592041016,4.98,0.0,0
47038,-0.171,75.586,0.0,0.0,448.291,0.0,0.0,0.0,5.742,0,2.0,0.055,309.825,-0.099,39.99,35.536075592041016,4.98,0.0,0
47038,-0.682,75.586,0.0,0.0,448.47200000000004,0.0,0.0,0.0,5.742,0,1.0,0.065,309.69,2.5073000000000003,40.29,35.536075592041016,4.98,0.0,0
47038,-0.341,75.586,0.0,0.0,448.351,0.0,0.0,0.0,5.742,0,3.0,0.065,309.825,4.651800000000001,40.65,35.536075592041016,4.98,0.0,0
47038,-0.853,75.586,0.0,0.0,448.10900000000004,0.0,0.0,0.0,5.742,0,3.0,0.065,309.69,-4.8827,39.9,35.536075592041016,4.98,0.0,0
47038,-0.341,75.586,0.5,0.0,447.806,0.0,0.0,0.0,5.742,0,3.0,0.06,309.69,-0.7918000000000001,39.06,35.536075592041016,4.98,0.0,0
47038,-0.341,75.586,0.0,0.0,448.351,0.0,0.0,0.0,5.742,0,3.0,0.06,309.825,1.9795,38.58,35.536075592041016,4.98,0.0,0
47038,-0.341,75.586,0.0,0.0,448.10900000000004,0.0,0.0,0.0,5.742,0,3.0,0.085,309.825,-1.6826,38.550000000000004,35.536075592041016,4.98,0.0,0
47038,-0.682,75.586,0.0,0.0,447.927,0.0,0.0,0.0,5.742,0,2.0,0.045,309.825,0.7918000000000001,38.07,35.536075592041016,4.98,0.0,0
47038,-0.171,75.586,0.0,0.0,448.169,0.0,0.0,0.0,5.742,0,1.0,0.06,309.825,1.5836000000000001,37.56,35.536075592041016,4.98,0.0,0
47038,-0.682,75.586,0.0,0.0,448.169,0.0,0.0,0.0,5.742,0,3.0,0.055,309.825,-0.39590000000000003,37.59,35.536075592041016,4.98,0.0,0
47038,-0.512,75.586,0.0,0.0,447.988,0.0,0.0,0.0,5.742,0,3.0,0.055,309.915,0.19790000000000002,38.61,35.536075592041016,4.98,0.0,0
47038,-0.341,75.586,0.0,0.0,447.867,0.0,0.0,0.0,5.742,0,1.0,0.06,309.825,0.39590000000000003,39.0,35.536075592041016,4.98,0.0,0
47038,-0.341,75.586,0.0,0.0,448.23,0.0,0.0,0.0,5.742,0,3.0,0.055,309.825,1.0557,39.18,35.536075592041016,4.98,0.0,0
47038,-0.512,75.586,0.0,0.0,448.048,0.0,0.0,0.0,5.742,0,3.0,0.075,309.825,-1.8475000000000001,39.69,35.536075592041016,4.98,0.0,0
47038,-0.171,75.586,0.5,0.0,448.10900000000004,0.0,0.0,0.0,5.742,0,2.0,0.06,309.69,-3.8600000000000003,39.51,35.536075592041016,4.98,0.0,0
47038,-0.171,75.586,0.5,0.0,448.10900000000004,0.0,0.0,0.0,5.742,0,2.0,0.075,309.69,-4.1321,39.42,35.536075592041016,4.98,0.0,0
47038,-0.341,75.586,0.0,0.0,447.927,0.0,0.0,0.0,5.742,0,3.0,0.045,309.825,-1.5836000000000001,39.15,35.536075592041016,4.98,0.0,0
47038,-0.512,75.586,0.0,0.0,448.048,0.0,0.0,0.0,5.742,0,2.0,0.085,309.69,0.0247,38.94,35.536075592041016,4.98,0.0,0
47038,-0.171,75.586,0.0,0.0,448.169,0.0,0.0,0.0,5.742,0,1.0,0.1,309.825,2.5486,37.92,35.536075592041016,4.98,0.0,0
47038,-0.171,75.586,0.0,0.0,448.23,0.0,0.0,0.0,5.742,0,1.0,0.06,309.69,-2.5733,37.47,35.536075592041016,4.98,0.0,0
47038,-0.682,75.586,0.0,0.0,447.806,0.0,0.0,0.0,5.742,0,1.0,0.07,309.69,0.19790000000000002,37.08,35.536075592041016,4.98,0.0,0
47038,-0.171,75.586,0.0,0.0,447.988,0.0,0.0,0.0,5.742,0,3.0,0.055,309.69,-0.767,37.08,35.536075592041016,4.98,0.0,0
47038,-0.341,75.586,-0.5,0.0,448.169,0.0,0.0,0.0,5.742,0,3.0,0.055,309.825,-2.5981,37.92,35.536075592041016,4.98,0.0,0
47038,-0.171,75.586,0.0,0.0,448.10900000000004,0.0,0.0,0.0,5.742,0,2.0,0.075,309.825,4.6188,40.02,35.536075592041016,4.98,0.0,0
47038,-0.512,75.586,0.0,0.0,448.351,0.0,0.0,0.0,5.742,0,1.0,0.065,309.825,5.847700000000001,40.89,35.536075592041016,4.98,0.0,0
47038,-0.171,75.586,0.0,0.0,448.10900000000004,0.0,0.0,0.0,5.742,0,2.0,0.05,309.825,1.0310000000000001,40.71,35.536075592041016,4.98,0.0,0
47038,-0.512,75.586,0.0,0.0,447.927,0.0,0.0,0.0,5.742,0,3.0,0.05,309.825,-1.6496000000000002,39.78,35.536075592041016,4.98,0.0,0
47038,-0.171,75.586,0.0,0.0,448.47200000000004,0.0,0.0,0.0,5.742,0,3.0,0.075,309.69,-3.1424000000000003,38.85,35.536075592041016,4.98,0.0,0
47038,-0.341,75.586,0.5,0.0,448.10900000000004,0.0,0.0,0.0,5.742,0,2.0,0.075,309.825,1.1877,38.88,35.536075592041016,4.98,0.0,0
47038,-0.682,75.586,-0.5,0.0,447.927,0.0,0.0,0.0,5.742,0,2.0,0.065,309.915,3.8765,39.0,35.536075592041016,4.98,0.0,0
47038,-0.682,75.586,0.0,0.0,448.048,0.0,0.0,0.0,5.742,0,4.0,0.06,309.69,2.1114,38.61,35.536075592041016,4.98,0.0,0
47038,-0.171,75.586,0.0,0.0,448.23,0.0,0.0,0.0,5.742,0,2.0,0.05,309.825,-2.6393,37.86,35.536075592041016,4.98,0.0,0
47038,-0.512,75.586,0.0,0.0,448.351,0.0,0.0,0.0,5.742,0,2.0,0.06,309.825,-1.3691,37.29,35.536075592041016,4.98,0.0,0
47038,-0.341,75.586,0.0,0.0,448.10900000000004,0.0,0.0,0.0,5.742,0,2.0,0.06,309.825,2.2599,37.29,35.536075592041016,4.98,0.0,0
47038,-0.171,75.586,0.0,0.0,448.41200000000003,0.0,0.0,0.0,5.742,0,3.0,0.05,309.825,-0.39590000000000003,38.7,35.536075592041016,4.98,0.0,0
47038,-0.171,75.586,0.0,0.0,448.47200000000004,0.0,0.0,0.0,5.742,0,3.0,0.07,309.915,0.8413,39.660000000000004,35.536075592041016,4.98,0.0,0
47038,-0.682,75.586,0.0,0.0,448.10900000000004,0.0,0.0,0.0,5.742,0,2.0,0.065,309.69,-3.0764,40.95,35.536075592041016,4.98,0.0,0
47038,-0.512,75.586,0.0,0.0,447.806,0.0,0.0,0.0,5.742,0,0.0,0.06,309.69,-3.8270000000000004,40.59,35.536075592041016,4.98,0.0,0
47038,-0.171,75.586,-0.5,0.0,447.927,0.0,0.0,0.0,5.742,0,4.0,0.065,309.825,1.732,40.050000000000004,35.536075592041016,4.98,0.0,0
47038,-0.341,75.586,0.5,0.0,448.351,0.0,0.0,0.0,5.742,0,2.0,0.075,309.69,0.0,39.78,35.536075592041016,4.98,0.0,0
47038,-0.682,75.586,0.5,0.0,448.47200000000004,0.0,0.0,0.0,5.742,0,3.0,0.075,309.825,-3.3898,39.33,35.536075592041016,4.98,0.0,0
47038,-0.171,75.586,0.0,0.0,448.291,0.0,0.0,0.0,5.742,0,2.0,0.075,309.825,0.19790000000000002,39.09,35.536075592041016,4.98,0.0,0
47038,-0.682,75.586,0.0,0.0,448.10900000000004,0.0,0.0,0.0,5.742,0,4.0,0.07,309.825,2.9445,38.4,35.536075592041016,4.98,0.0,0
47038,-0.341,75.586,0.0,0.0,448.23,0.0,0.0,0.0,5.742,0,3.0,0.06,309.825,-0.2227,37.74,35.536075592041016,4.98,0.0,0
47038,-0.512,75.586,0.0,0.0,448.351,0.0,0.0,0.0,5.742,0,4.0,0.065,309.69,-2.1527000000000003,38.01,35.536075592041016,4.98,0.0,0
47038,-0.171,75.586,-0.5,0.0,448.41200000000003,0.0,0.0,0.0,5.742,0,5.0,0.05,309.69,-1.5836000000000001,38.28,35.536075592041016,4.98,0.0,0
47038,-0.341,75.586,0.0,0.0,448.23,0.0,0.0,0.0,5.742,0,2.0,0.045,309.69,-2.3754,38.22,35.536075592041016,4.98,0.0,0
47038,0.0,75.586,-0.5,0.0,448.291,0.0,0.0,0.0,5.742,0,3.0,0.045,309.825,-0.7918000000000001,39.54,35.536075592041016,4.98,0.0,0
47038,-0.341,75.586,0.0,0.0,448.169,0.0,0.0,0.0,5.742,0,3.0,0.06,309.825,4.8827,41.43,35.536075592041016,4.98,0.0,0
47038,-0.341,75.586,0.5,0.0,448.10900000000004,0.0,0.0,0.0,5.742,0,3.0,0.06,309.825,3.0682,41.01,35.536075592041016,4.98,0.0,0
47038,-0.341,75.586,0.0,0.0,448.593,0.0,0.0,0.0,5.742,0,2.0,0.065,309.69,-6.0704,40.29,35.536075592041016,4.98,0.0,0
47038,0.0,75.586,0.5,0.0,448.10900000000004,0.0,0.0,0.0,5.742,0,1.0,0.07,309.915,-1.3856000000000002,40.14,35.536075592041016,4.98,0.0,0
47038,-0.171,75.586,0.5,0.0,448.10900000000004,0.0,0.0,0.0,5.742,0,2.0,0.065,309.69,-0.39590000000000003,40.230000000000004,35.536075592041016,4.98,0.0,0
47038,-0.512,75.586,-0.5,0.0,448.23,0.0,0.0,0.0,5.742,0,1.0,0.055,309.825,0.9567,40.050000000000004,35.536075592041016,4.98,0.0,0
47038,-0.171,75.586,0.0,0.0,448.048,0.0,0.0,0.0,5.742,0,2.0,0.06,309.69,0.2639,39.27,35.536075592041016,4.98,0.0,0
47038,-0.341,75.586,0.0,0.0,448.10900000000004,0.0,0.0,0.0,5.742,0,2.0,0.06,309.825,3.0682,38.67,35.536075592041016,4.98,0.0,0
47038,-0.341,75.586,0.0,0.0,448.291,0.0,0.0,0.0,5.742,0,3.0,0.08,309.69,-4.8827,38.58,35.536075592041016,4.98,0.0,0
47038,-0.171,75.586,0.0,0.0,448.47200000000004,0.0,0.0,0.0,5.742,0,1.0,0.05,309.825,-3.2661000000000002,37.86,35.536075592041016,4.98,0.0,0
47038,-0.341,75.586,0.0,0.0,448.654,0.0,0.0,0.0,5.742,0,2.0,0.085,309.825,1.1877,38.43,35.536075592041016,4.98,0.0,0
47038,-0.682,75.586,0.0,0.0,448.654,0.0,0.0,0.0,5.742,0,2.0,0.06,309.825,5.4435,39.21,35.536075592041016,4.98,0.0,0
47038,-0.512,75.586,0.0,0.0,448.351,0.0,0.0,0.0,5.742,0,3.0,0.095,309.825,0.0,40.38,35.536075592041016,4.98,0.0,0
47038,-0.341,75.586,0.0,0.0,448.048,0.0,0.0,0.0,5.742,0,2.0,0.07,309.825,-3.9589000000000003,40.62,35.536075592041016,4.98,0.0,0
47038,-0.341,75.586,0.0,0.0,447.927,0.0,0.0,0.0,5.742,0,1.0,0.045,309.825,3.2991,40.65,35.536075592041016,4.98,0.0,0
47038,-0.341,75.586,-0.5,0.0,447.867,0.0,0.0,0.0,5.742,0,4.0,0.065,309.825,3.9589000000000003,40.11,35.536075592041016,4.98,0.0,0
47038,-0.171,75.586,0.0,0.0,448.351,0.0,0.0,0.0,5.742,0,3.0,0.065,309.825,-3.2991,39.72,35.536075592041016,4.98,0.0,0
47038,-0.512,75.586,0.0,0.0,448.169,0.0,0.0,0.0,5.742,0,3.0,0.06,309.825,-1.5836000000000001,39.18,35.536075592041016,4.98,0.0,0
47038,-0.171,75.586,0.0,0.0,448.533,0.0,0.0,0.0,5.742,0,2.0,0.06,309.69,-2.3754,38.79,35.536075592041016,4.98,0.0,0
47038,-0.171,75.586,0.0,0.0,448.351,0.0,0.0,0.0,5.742,0,2.0,0.05,309.69,0.099,38.58,35.536075592041016,4.98,0.0,0
47038,-0.341,75.586,0.0,0.0,448.351,0.0,0.0,0.0,5.742,0,3.0,0.06,309.69,-0.7918000000000001,38.25,35.536075592041016,4.98,0.0,0
47038,-0.682,75.586,0.5,0.0,448.351,0.0,0.0,0.0,5.742,0,1.0,0.05,309.69,-1.5836000000000001,37.800000000000004,35.536075592041016,4.98,0.0,0
47038,-0.341,75.586,0.0,0.0,448.351,0.0,0.0,0.0,5.742,0,3.0,0.055,309.825,-0.132,37.59,35.536075592041016,4.98,0.0,0
47038,-0.171,75.586,0.0,0.0,448.23,0.0,0.0,0.0,5.742,0,3.0,0.04,309.825,4.651800000000001,39.12,35.536075592041016,4.98,0.0,0
47038,-0.171,75.586,0.5,0.0,447.927,0.0,0.0,0.0,5.742,0,0.0,0.055,309.825,4.7507,40.230000000000004,35.536075592041016,4.98,0.0,0
47038,-0.171,75.586,0.0,0.0,448.10900000000004,0.0,0.0,0.0,5.742,0,3.0,0.06,309.915,-0.066,41.07,35.536075592041016,4.98,0.0,0
47038,-0.341,75.586,-0.5,0.0,448.10900000000004,0.0,0.0,0.0,5.742,0,4.0,0.055,309.915,0.8413,41.160000000000004,35.536075592041016,4.98,0.0,0
47038,-0.171,75.586,0.0,0.0,448.351,0.0,0.0,0.0,5.742,0,2.0,0.065,309.69,0.0907,41.28,35.536075592041016,4.98,0.0,0
47038,-0.512,75.586,0.0,0.0,448.291,0.0,0.0,0.0,5.742,0,1.0,0.055,309.825,-0.066,40.77,35.536075592041016,4.98,0.0,0
47038,-0.512,75.586,0.0,0.0,448.048,0.0,0.0,0.0,5.742,0,2.0,0.07,309.825,1.3361,39.84,35.536075592041016,4.98,0.0,0
47038,-0.171,75.586,0.0,0.0,447.927,0.0,0.0,0.0,5.742,0,1.0,0.055,309.69,0.42060000000000003,38.43,35.536075592041016,4.98,0.0,0
47038,-0.512,75.586,0.0,0.0,448.291,0.0,0.0,0.0,5.742,0,2.0,0.065,309.825,-0.9897,37.410000000000004,35.536075592041016,4.98,0.0,0
47038,-0.341,75.586,0.0,0.0,448.10900000000004,0.0,0.0,0.0,5.742,0,2.0,0.05,309.825,0.9897,37.56,35.536075592041016,4.98,0.0,0
47038,-0.171,75.586,0.0,0.0,447.927,0.0,0.0,0.0,5.742,0,3.0,0.07,309.69,-2.9032,38.28,35.536075592041016,4.98,0.0,0
47038,-0.512,75.586,0.0,0.0,447.746,0.0,0.0,0.0,5.742,0,2.0,0.07,309.69,-3.0764,38.85,35.536075592041016,4.98,0.0,0
47038,-0.171,75.586,-0.5,0.0,448.048,0.0,0.0,0.0,5.742,0,2.0,0.055,309.825,-2.3094,39.6,35.536075592041016,4.98,0.0,0
47038,-0.341,75.586,0.5,0.0,447.927,0.0,0.0,0.0,5.742,0,3.0,0.05,309.825,1.0805,39.84,35.536075592041016,4.98,0.0,0
47038,-0.512,75.586,0.0,0.0,448.169,0.0,0.0,0.0,5.742,0,3.0,0.07,309.825,2.9445,39.81,35.536075592041016,4.98,0.0,0
47038,-0.512,75.586,-0.5,0.0,448.169,0.0,0.0,0.0,5.742,0,1.0,0.045,309.825,1.9547,40.11,35.536075592041016,4.98,0.0,0
47038,-0.341,75.586,0.0,0.0,448.41200000000003,0.0,0.0,0.0,5.742,0,3.0,0.05,309.69,0.6186,40.32,35.536075592041016,4.98,0.0,0
47038,-0.171,75.586,0.5,0.0,448.291,0.0,0.0,0.0,5.742,0,2.0,0.065,309.6,-6.3838,40.35,35.536075592041016,4.98,0.0,0
47038,-0.682,75.586,0.0,0.0,448.23,0.0,0.0,0.0,5.742,0,2.0,0.07,309.69,-3.8022,39.39,35.536075592041016,4.98,0.0,0
47038,-0.171,75.586,0.0,0.0,448.351,0.0,0.0,0.0,5.742,0,3.0,0.065,309.69,0.48660000000000003,37.92,35.536075592041016,4.98,0.0,0
47038,-0.341,75.586,0.0,0.0,448.10900000000004,0.0,0.0,0.0,5.742,0,3.0,0.06,309.825,2.5981,38.25,35.536075592041016,4.98,0.0,0
47038,-0.171,75.586,0.0,0.0,448.23,0.0,0.0,0.0,5.742,0,3.0,0.055,309.825,4.7507,38.01,35.536075592041016,4.98,0.0,0
47038,-0.682,75.586,0.0,0.0,448.593,0.0,0.0,0.0,5.742,0,2.0,0.065,309.825,-0.8165,37.5,35.536075592041016,4.98,0.0,0
47038,-0.341,75.586,0.0,0.0,448.654,0.0,0.0,0.0,5.742,0,3.0,0.06,309.825,0.37120000000000003,38.31,35.536075592041016,4.98,0.0,0
47038,-0.512,75.586,0.0,0.0,448.47200000000004,0.0,0.0,0.0,5.742,0,3.0,0.045,309.69,0.2227,39.480000000000004,35.536075592041016,4.98,0.0,0
47038,-0.171,75.586,0.0,0.0,448.41200000000003,0.0,0.0,0.0,5.742,0,-1.0,0.06,309.825,-1.2124000000000001,40.11,35.536075592041016,4.98,0.0,0
47038,-0.682,75.586,0.0,0.0,447.927,0.0,0.0,0.0,5.742,0,3.0,0.065,309.69,1.2124000000000001,39.93,35.536075592041016,4.98,0.0,0
47038,-0.171,75.586,0.5,0.0,448.048,0.0,0.0,0.0,5.742,0,2.0,0.065,309.825,1.9547,39.75,35.536075592041016,4.98,0.0,0
47038,-0.341,75.586,0.0,0.0,448.10900000000004,0.0,0.0,0.0,5.742,0,2.0,0.07,309.825,1.7815,39.51,35.536075592041016,4.98,0.0,0
47038,-0.341,75.586,-0.5,0.0,448.10900000000004,0.0,0.0,0.0,5.742,0,2.0,0.06,309.69,-1.8887,39.42,35.536075592041016,4.98,0.0,0
47038,0.0,75.586,-0.5,0.0,448.351,0.0,0.0,0.0,5.742,0,1.0,0.065,309.825,-2.6393,39.300000000000004,35.536075592041016,4.98,0.0,0
47038,-0.341,75.586,0.0,0.0,448.351,0.0,0.0,0.0,5.742,0,4.0,0.09,309.825,-2.3754,39.39,35.536075592041016,4.98,0.0,0
47038,-0.853,75.586,0.0,0.0,448.291,0.0,0.0,0.0,5.742,0,2.0,0.06,309.825,3.1672000000000002,38.52,35.536075592041016,4.98,0.0,0
47038,-0.171,75.586,0.0,0.0,448.10900000000004,0.0,0.0,0.0,5.742,0,2.0,0.065,309.915,1.1547,37.35,35.536075592041016,4.98,0.0,0
47038,-0.171,75.586,0.0,0.0,448.169,0.0,0.0,0.0,5.742,0,2.0,0.075,309.69,-2.6393,36.300000000000004,35.536075592041016,4.98,0.0,0
47038,-0.341,75.586,0.0,0.0,448.169,0.0,0.0,0.0,5.742,0,4.0,0.065,309.825,-2.9032,36.06,35.536075592041016,4.98,0.0,0
47038,-0.171,75.586,0.0,0.0,448.10900000000004,0.0,0.0,0.0,5.742,0,3.0,0.055,309.69,-3.0352,37.26,35.536075592041016,4.98,0.0,0
47038,-0.171,75.586,0.0,0.0,448.23,0.0,0.0,0.0,5.742,0,2.0,0.065,309.69,-3.9589000000000003,38.58,35.536075592041016,4.98,0.0,0
47038,-0.171,75.586,0.0,0.0,448.10900000000004,0.0,0.0,0.0,5.742,0,1.0,0.06,309.69,-5.0147,39.96,35.536075592041016,4.98,0.0,0
47038,-0.341,75.586,0.0,0.0,447.988,0.0,0.0,0.0,5.742,0,2.0,0.035,309.825,6.499300000000001,39.87,35.536075592041016,4.98,0.0,0
47038,-0.341,75.586,0.0,0.0,447.806,0.0,0.0,0.0,5.742,0,2.0,0.055,309.825,6.5982,39.42,35.536075592041016,4.98,0.0,0
47038,-0.341,75.586,0.0,0.0,447.746,0.0,0.0,0.0,5.742,0,1.0,0.075,309.69,2.3754,39.15,35.536075592041016,4.98,0.0,0
47038,-0.512,75.586,0.0,0.0,448.048,0.0,0.0,0.0,5.742,0,4.0,0.05,309.915,-1.5836000000000001,38.79,35.536075592041016,4.98,0.0,0
47038,-0.171,75.586,0.0,0.0,447.746,0.0,0.0,0.0,5.742,0,2.0,0.065,309.825,-0.2639,39.06,35.536075592041016,4.98,0.0,0
47038,-0.171,75.586,-0.5,0.0,447.867,0.0,0.0,0.0,5.742,0,2.0,0.045,309.915,3.8270000000000004,38.07,35.536075592041016,4.98,0.0,0
47038,-0.171,75.586,0.0,0.0,447.867,0.0,0.0,0.0,5.742,0,1.0,0.065,309.825,-0.46190000000000003,37.38,35.536075592041016,4.98,0.0,0
47038,-0.341,75.586,0.0,0.0,448.169,0.0,0.0,0.0,5.742,0,2.0,0.065,309.825,1.1877,36.57,35.536075592041016,4.98,0.0,0
47038,-0.341,75.586,0.0,0.0,447.927,0.0,0.0,0.0,5.742,0,1.0,0.065,309.915,-3.9589000000000003,36.300000000000004,35.536075592041016,4.98,0.0,0
47038,-0.341,75.586,0.0,0.0,447.806,0.0,0.0,0.0,5.742,0,1.0,0.05,309.825,0.7918000000000001,37.11,35.536075592041016,4.98,0.0,0
47038,-0.341,75.586,0.0,0.0,448.10900000000004,0.0,0.0,0.0,5.742,0,2.0,0.045,309.825,3.4311000000000003,38.28,35.536075592041016,4.98,0.0,0
47038,-0.171,75.586,0.0,0.0,448.10900000000004,0.0,0.0,0.0,5.742,0,1.0,0.04,309.825,3.6950000000000003,38.49,35.536075592041016,4.98,0.0,0
47038,-0.171,75.586,0.0,0.0,447.988,0.0,0.0,0.0,5.742,0,3.0,0.065,309.825,-4.0084,39.69,35.536075592041016,4.98,0.0,0
47038,-0.512,75.586,-0.5,0.0,448.169,0.0,0.0,0.0,5.742,0,4.0,0.065,309.825,-2.7713,39.93,35.536075592041016,4.98,0.0,0
47038,-0.171,75.586,0.0,0.0,447.988,0.0,0.0,0.0,5.742,0,1.0,0.08,309.825,-1.3856000000000002,39.42,35.536075592041016,4.98,0.0,0
47038,-0.341,75.586,0.0,0.0,448.048,0.0,0.0,0.0,5.742,0,1.0,0.065,309.69,-0.19790000000000002,38.64,35.536075592041016,4.98,0.0,0
47038,-0.171,75.586,0.5,0.0,448.291,0.0,0.0,0.0,5.742,0,0.0,0.055,309.69,-0.37120000000000003,38.64,35.536075592041016,4.98,0.0,0
47038,-0.171,75.586,0.0,0.0,448.23,0.0,0.0,0.0,5.742,0,0.0,0.045,309.69,-1.7815,38.88,35.536075592041016,4.98,0.0,0
47038,-0.341,75.586,0.0,0.0,448.291,0.0,0.0,0.0,5.742,0,3.0,0.06,309.825,2.9445,38.160000000000004,35.536075592041016,4.98,0.0,0
47038,0.0,75.586,0.0,0.0,448.10900000000004,0.0,0.0,0.0,5.742,0,2.0,0.055,309.69,1.2784,36.87,35.536075592041016,4.98,0.0,0
47038,-0.341,75.586,0.0,0.0,448.47200000000004,0.0,0.0,0.0,5.742,0,2.0,0.06,309.69,-2.8372,35.85,35.536075592041016,4.98,0.0,0
47038,-0.682,75.586,0.0,0.0,448.41200000000003,0.0,0.0,0.0,5.742,0,3.0,0.065,309.825,-2.3754,36.24,35.536075592041016,4.98,0.0,0
47038,-0.171,75.586,-0.5,0.0,447.867,0.0,0.0,0.0,5.742,0,2.0,0.07,309.69,3.9589000000000003,37.26,35.536075592041016,4.98,0.0,0
47038,-0.171,75.586,0.0,0.0,447.927,0.0,0.0,0.0,5.742,0,4.0,0.045,309.825,2.9692000000000003,38.46,35.536075592041016,4.98,0.0,0
47038,-0.171,75.586,0.0,0.0,448.10900000000004,0.0,0.0,0.0,5.742,0,2.0,0.07,309.825,-1.9795,39.69,35.536075592041016,4.98,0.0,0
47038,-0.341,75.586,-0.5,0.0,448.23,0.0,0.0,0.0,5.742,0,2.0,0.06,309.69,-0.17320000000000002,40.02,35.536075592041016,4.98,0.0,0
47038,-0.341,75.586,0.0,0.0,447.988,0.0,0.0,0.0,5.742,0,3.0,0.06,309.6,-3.4558,39.480000000000004,35.536075592041016,4.98,0.0,0
47038,-0.171,75.586,0.0,0.0,448.10900000000004,0.0,0.0,0.0,5.742,0,4.0,0.03,309.825,-1.1464,38.88,35.536075592041016,4.98,0.0,0
47038,-0.341,75.586,0.0,0.0,448.10900000000004,0.0,0.0,0.0,5.742,0,3.0,0.07,309.825,2.7465,37.95,35.536075592041016,4.98,0.0,0
47038,-0.171,75.586,0.5,0.0,448.41200000000003,0.0,0.0,0.0,5.742,0,0.0,0.05,309.69,3.1012,37.65,35.536075592041016,4.98,0.0,0
47038,-0.171,75.586,0.5,0.0,448.169,0.0,0.0,0.0,5.742,0,3.0,0.075,309.69,0.42060000000000003,38.97,35.536075592041016,4.98,0.0,0
47038,-0.341,75.586,0.5,0.0,448.10900000000004,0.0,0.0,0.0,5.742,0,2.0,0.06,309.825,-0.39590000000000003,38.85,35.536075592041016,4.98,0.0,0
47038,-0.512,75.586,0.0,0.0,448.23,0.0,0.0,0.0,5.742,0,4.0,0.05,309.69,0.5938,37.410000000000004,35.536075592041016,4.98,0.0,0
47038,-0.341,75.586,0.0,0.0,448.291,0.0,0.0,0.0,5.742,0,3.0,0.055,309.825,0.46190000000000003,36.45,35.536075592041016,4.98,0.0,0
47038,-0.171,75.586,0.0,0.0,448.533,0.0,0.0,0.2,5.742,0,2.0,0.055,309.825,-2.0455,36.300000000000004,35.536075592041016,4.98,0.0,0
47038,-0.341,75.586,-0.5,0.0,448.169,0.0,0.0,0.0,5.742,0,3.0,0.07,309.69,0.5938,37.86,35.536075592041016,4.98,0.0,0
47038,-0.171,75.586,0.0,0.0,447.988,0.0,0.0,0.0,5.742,0,2.0,0.065,309.69,-0.39590000000000003,38.07,35.536075592041016,4.98,0.0,0
47038,-0.341,75.586,-0.5,0.0,448.048,0.0,0.0,0.0,5.742,0,2.0,0.065,309.69,-2.2764,39.45,35.536075592041016,4.98,0.0,0
47038,-0.341,75.586,0.0,0.0,448.291,0.0,0.0,0.0,5.742,0,3.0,0.055,309.825,-1.5836000000000001,39.9,35.536075592041016,4.98,0.0,0
47038,-0.512,75.586,0.0,0.0,448.048,0.0,0.0,0.0,5.742,0,4.0,0.065,309.69,3.1672000000000002,39.96,35.536075592041016,4.98,0.0,0
47038,-0.171,75.586,0.0,0.0,448.23,0.0,0.0,0.0,5.742,0,3.0,0.06,309.915,3.4311000000000003,39.15,35.536075592041016,4.98,0.0,0
47038,0.0,75.586,-0.5,0.0,448.533,0.0,0.0,0.0,5.742,0,2.0,0.065,309.69,-4.1239,38.58,35.536075592041016,4.98,0.0,0
47038,-0.171,75.586,0.0,0.0,448.291,0.0,0.0,0.0,5.742,0,2.0,0.055,309.825,2.7713,37.47,35.536075592041016,4.98,0.0,0
47038,-0.171,75.586,0.0,0.0,448.291,0.0,0.0,0.0,5.742,0,2.0,0.06,309.69,-1.6826,37.68,35.536075592041016,4.98,0.0,0
47038,-0.341,75.586,0.0,0.0,448.048,0.0,0.0,0.0,5.742,0,2.0,0.07,309.825,-0.39590000000000003,37.47,35.536075592041016,4.98,0.0,0
47038,-0.682,75.586,-0.5,0.0,447.867,0.0,0.0,0.0,5.742,0,1.0,0.07,309.69,3.2661000000000002,37.14,35.536075592041016,4.98,0.0,0
47038,-0.171,75.586,0.0,0.0,447.927,0.0,0.0,0.0,5.742,0,2.0,0.05,309.825,3.563,36.99,35.536075592041016,4.98,0.0,0
47038,-0.341,75.586,0.0,0.0,447.927,0.0,0.0,0.0,5.742,0,1.0,0.065,309.915,0.19790000000000002,37.02,35.536075592041016,4.98,0.0,0
47038,-0.341,75.586,0.5,0.0,447.867,0.0,0.0,0.0,5.742,0,1.0,0.04,309.825,1.9795,38.4,35.536075592041016,4.98,0.0,0
47038,-0.341,75.586,0.0,0.0,447.988,0.0,0.0,0.0,5.742,0,2.0,0.06,309.825,0.2639,39.75,35.536075592041016,4.98,0.0,0
47038,-0.171,75.586,0.0,0.0,447.625,0.0,0.0,0.0,5.742,0,1.0,0.075,309.915,0.39590000000000003,40.62,35.536075592041016,4.98,0.0,0
47038,-0.171,75.586,0.0,0.0,447.927,0.0,0.0,0.0,5.742,0,2.0,0.065,309.915,-0.066,40.92,35.536075592041016,4.98,0.0,0
47038,-0.341,75.586,0.0,0.0,447.927,0.0,0.0,0.0,5.742,0,2.0,0.08,309.915,1.0392000000000001,40.92,35.536075592041016,4.98,0.0,0
47038,-0.171,75.586,0.0,0.0,447.806,0.0,0.0,0.0,5.742,0,2.0,0.06,309.825,3.4971,39.9,35.536075592041016,4.98,0.0,0
47038,-0.341,75.586,0.5,0.0,448.10900000000004,0.0,0.0,0.0,5.742,0,3.0,0.08,309.825,0.8743000000000001,39.36,35.536075592041016,4.98,0.0,0
47038,-0.341,75.586,0.0,0.0,448.10900000000004,0.0,0.0,0.0,5.742,0,1.0,0.06,309.69,-8.2066,38.19,35.536075592041016,4.98,0.0,0
47038,-0.171,75.586,-0.5,0.0,447.685,0.0,0.0,0.0,5.742,0,2.0,0.045,309.825,0.0,37.65,35.536075592041016,4.98,0.0,0
47038,-0.341,75.586,0.0,0.0,447.927,0.0,0.0,0.0,5.742,0,2.0,0.055,309.69,-0.9650000000000001,37.410000000000004,35.536075592041016,4.98,0.0,0
47038,-0.171,75.586,0.0,0.0,448.048,0.0,0.0,0.0,5.742,0,2.0,0.065,309.825,1.5588000000000002,38.28,35.536075592041016,4.98,0.0,0
47038,-0.171,75.586,-0.5,0.0,447.988,0.0,0.0,0.0,5.742,0,1.0,0.075,309.825,2.7713,38.61,35.536075592041016,4.98,0.0,0
47038,-0.512,75.586,0.0,0.0,448.23,0.0,0.0,0.0,5.742,0,2.0,0.055,309.825,0.43710000000000004,39.03,35.536075592041016,4.98,0.0,0
47038,-0.341,75.586,0.0,0.0,448.41200000000003,0.0,0.0,0.0,5.742,0,3.0,0.07,309.825,-2.8372,39.99,35.536075592041016,4.98,0.0,0
47038,-0.171,75.586,0.0,0.0,448.048,0.0,0.0,0.0,5.742,0,2.0,0.07,309.69,-2.3754,40.410000000000004,35.536075592041016,4.98,0.0,0
47038,-0.341,75.586,-0.5,0.0,447.867,0.0,0.0,0.0,5.742,0,1.0,0.045,309.825,0.19790000000000002,40.08,35.536075592041016,4.98,0.0,0
47038,-0.512,75.586,0.0,0.0,447.867,0.0,0.0,0.0,5.742,0,3.0,0.075,309.825,1.3609,39.96,35.536075592041016,4.98,0.0,0
47038,-0.171,75.586,0.5,0.0,447.927,0.0,0.0,0.0,5.742,0,3.0,0.065,309.915,-0.1072,39.96,35.536075592041016,4.98,0.0,0
47038,-0.512,75.586,0.0,0.0,447.988,0.0,0.0,0.0,5.742,0,2.0,0.065,309.69,-0.0412,39.42,35.536075592041016,4.98,0.0,0
47038,-0.171,75.586,0.0,0.0,448.048,0.0,0.0,0.0,5.742,0,3.0,0.09,309.825,0.0,38.910000000000004,35.536075592041016,4.98,0.0,0
47038,-0.171,75.586,0.5,0.0,448.048,0.0,0.0,0.0,5.742,0,3.0,0.075,309.69,-4.2889,38.49,35.536075592041016,4.98,0.0,0
47038,-0.171,75.586,0.0,0.0,448.169,0.0,0.0,0.0,5.742,0,2.0,0.055,309.825,-4.577500000000001,38.58,35.536075592041016,4.98,0.0,0
47038,-0.171,75.586,-0.5,0.0,448.048,0.0,0.0,0.0,5.742,0,2.0,0.065,309.825,2.5073000000000003,38.04,35.536075592041016,4.98,0.0,0
47038,-0.341,75.586,0.0,0.0,447.988,0.0,0.0,0.0,5.742,0,2.0,0.065,309.69,4.6188,38.01,35.536075592041016,4.98,0.0,0
47038,-0.171,75.586,0.0,0.0,447.988,0.0,0.0,0.0,5.742,0,1.0,0.065,309.69,-4.7507,38.730000000000004,35.536075592041016,4.98,0.0,0
47038,-0.171,75.586,0.0,0.0,447.625,0.0,0.0,0.0,5.742,0,3.0,0.045,309.915,-0.47840000000000005,39.96,35.536075592041016,4.98,0.0,0
47038,0.0,75.586,0.5,0.0,447.988,0.0,0.0,0.0,5.742,0,3.0,0.08,309.915,7.1096,40.14,35.536075592041016,4.98,0.0,0
47038,-0.341,75.586,-0.5,0.0,448.048,0.0,0.0,0.0,5.742,0,2.0,0.075,309.825,3.8022,39.81,35.536075592041016,4.98,0.0,0
47038,-0.341,75.586,-0.5,0.0,448.291,0.0,0.0,0.0,5.742,0,2.0,0.065,309.69,-3.761,40.02,35.536075592041016,4.98,0.0,0
47038,-0.341,75.586,0.0,0.0,448.351,0.0,0.0,0.0,5.742,0,2.0,0.075,309.825,-4.998200000000001,40.68,35.536075592041016,4.98,0.0,0
47038,-0.171,75.586,0.0,0.0,448.048,0.0,0.0,0.0,5.742,0,2.0,0.07,309.915,-0.34640000000000004,40.410000000000004,35.536075592041016,4.98,0.0,0
47038,-0.171,75.586,0.0,0.0,447.685,0.0,0.0,0.0,5.742,0,3.0,0.075,309.825,1.4269,39.06,35.536075592041016,4.98,0.0,0
47038,-0.171,75.586,-0.5,0.0,447.685,0.0,0.0,0.0,5.742,0,3.0,0.065,309.825,1.2207000000000001,38.88,35.536075592041016,4.98,0.0,0
47038,-0.341,75.586,0.0,0.0,447.927,0.0,0.0,0.0,5.742,0,3.0,0.07,309.69,-1.9795,37.38,35.536075592041016,4.98,0.0,0
47038,-0.171,75.586,0.5,0.0,447.806,0.0,0.0,0.0,5.742,0,2.0,0.065,309.69,-1.6826,37.14,35.536075592041016,4.98,0.0,0
47038,-0.512,75.586,0.0,0.0,447.685,0.0,0.0,0.0,5.742,0,1.0,0.055,309.69,-4.7507,37.35,35.536075592041016,4.98,0.0,0
47038,-0.171,75.586,0.0,0.0,447.806,0.0,0.0,0.0,5.742,0,3.0,0.06,309.825,-2.4743,38.58,35.536075592041016,4.98,0.0,0
47038,-0.171,75.586,0.0,0.0,448.41200000000003,0.0,0.0,0.0,5.742,0,3.0,0.055,309.825,5.938400000000001,40.26,35.536075592041016,4.98,0.0,0
47038,-0.512,75.586,0.0,0.0,447.988,0.0,0.0,0.0,5.742,0,2.0,0.07,309.825,3.8600000000000003,40.62,35.536075592041016,4.98,0.0,0
47038,-0.171,75.586,0.0,0.0,447.927,0.0,0.0,0.0,5.742,0,3.0,0.055,309.915,2.2434000000000003,40.92,35.536075592041016,4.98,0.0,0
47038,-0.341,75.586,-0.5,0.0,447.927,0.0,0.0,0.0,5.742,0,2.0,0.055,309.825,2.9032,40.44,35.536075592041016,4.98,0.0,0
47038,-0.512,75.586,0.0,0.0,448.10900000000004,0.0,0.0,0.0,5.742,0,2.0,0.065,309.825,-0.7918000000000001,39.81,35.536075592041016,4.98,0.0,0
47038,-0.171,75.586,0.0,0.0,448.291,0.0,0.0,0.0,5.742,0,3.0,0.07,309.825,-4.9487000000000005,39.660000000000004,35.536075592041016,4.98,0.0,0
47038,-0.171,75.586,0.0,0.0,448.23,0.0,0.0,0.0,5.742,0,1.0,0.06,309.825,-3.2991,40.02,35.536075592041016,4.98,0.0,0
47038,-0.171,75.586,0.5,0.0,448.291,0.0,0.0,0.0,5.742,0,3.0,0.07,309.825,1.5836000000000001,38.550000000000004,35.536075592041016,4.98,0.0,0
47038,-0.171,75.586,0.0,0.0,448.169,0.0,0.0,0.0,5.742,0,2.0,0.065,309.69,-1.8475000000000001,38.34,35.536075592041016,4.98,0.0,0
47038,-0.341,75.586,-0.5,0.0,447.988,0.0,0.0,0.0,5.742,0,2.0,0.07,309.69,-3.0682,38.4,35.536075592041016,4.98,0.0,0
47038,-0.341,75.586,0.0,0.0,448.10900000000004,0.0,0.0,0.0,5.742,0,2.0,0.07,309.69,-1.1877,38.88,35.536075592041016,4.98,0.0,0
47038,0.0,75.586,0.0,0.0,447.927,0.0,0.0,0.0,5.742,0,2.0,0.075,309.69,2.6393,39.300000000000004,35.536075592041016,4.98,0.0,0
47038,-0.171,75.586,0.0,0.0,447.927,0.0,0.0,0.0,5.742,0,4.0,0.05,309.69,1.0557,40.08,35.536075592041016,4.98,0.0,0
47038,-0.171,75.586,0.0,0.0,448.048,0.0,0.0,0.0,5.742,0,3.0,0.055,309.825,-1.6826,40.74,35.536075592041016,4.98,0.0,0
47038,-0.171,75.586,-0.5,0.0,448.048,0.0,0.0,0.0,5.742,0,2.0,0.05,309.825,-2.0702000000000003,40.800000000000004,35.536075592041016,4.98,0.0,0
47038,0.0,75.586,0.5,0.0,448.10900000000004,0.0,0.0,0.0,5.742,0,3.0,0.045,309.825,0.899,40.95,35.536075592041016,4.98,0.0,0
47038,-0.341,75.586,0.0,0.0,448.23,0.0,0.0,0.0,5.742,0,2.0,0.075,309.825,1.3609,40.59,35.536075592041016,4.98,0.0,0
47038,-0.341,75.586,0.0,0.0,447.988,0.0,0.0,0.0,5.742,0,1.0,0.07,309.69,-1.3609,39.78,35.536075592041016,4.98,0.0,0
47038,-0.341,75.586,0.5,0.0,447.927,0.0,0.0,0.0,5.742,0,3.0,0.07,309.69,-2.3506,40.02,35.536075592041016,4.98,0.0,0
47038,-0.171,75.586,0.0,0.0,448.169,0.0,0.0,0.0,5.742,0,2.0,0.06,309.915,-0.28040000000000004,39.63,35.536075592041016,4.98,0.0,0
47038,-0.171,75.586,0.0,0.0,448.291,0.0,0.0,0.0,5.742,0,2.0,0.07,309.69,3.2991,39.21,35.536075592041016,4.98,0.0,0
47038,-0.512,75.586,0.0,0.0,447.988,0.0,0.0,0.0,5.742,0,2.0,0.065,309.825,1.5588000000000002,38.07,35.536075592041016,4.98,0.0,0
47038,0.0,75.586,0.0,0.0,447.988,0.0,0.0,0.0,5.742,0,2.0,0.07,309.825,-1.4516,37.65,35.536075592041016,4.98,0.0,0
47038,-0.171,75.586,0.0,0.0,448.169,0.0,0.0,0.0,5.742,0,1.0,0.07,309.825,-0.48660000000000003,38.4,35.536075592041016,4.98,0.0,0
47038,0.0,75.586,0.0,0.0,448.23,0.0,0.0,0.0,5.742,0,1.0,0.05,309.915,-0.5691,39.57,35.536075592041016,4.98,0.0,0
47038,-0.171,75.586,0.0,0.0,448.10900000000004,0.0,0.0,0.0,5.742,0,0.0,0.05,309.825,-0.7258,41.04,35.536075592041016,4.98,0.0,0
47038,-0.171,75.586,0.5,0.0,447.806,0.0,0.0,0.0,5.742,0,2.0,0.06,309.915,0.5526,41.61,35.536075592041016,4.98,0.0,0
47038,-0.341,75.586,0.0,0.0,447.927,0.0,0.0,0.0,5.742,0,4.0,0.08,309.825,-2.1609000000000003,40.59,35.536075592041016,4.98,0.0,0
47038,-0.512,75.586,0.0,0.0,448.291,0.0,0.0,0.0,5.742,0,2.0,0.055,309.825,1.2949000000000002,39.660000000000004,35.536075592041016,4.98,0.0,0
47038,-0.171,75.586,0.0,0.0,448.10900000000004,0.0,0.0,0.0,5.742,0,2.0,0.055,309.825,-4.4043,39.27,35.536075592041016,4.98,0.0,0
47038,-0.341,75.586,0.0,0.0,448.10900000000004,0.0,0.0,0.0,5.742,0,2.0,0.06,309.825,-1.8063,38.730000000000004,35.536075592041016,4.98,0.0,0
47038,0.0,75.586,0.0,0.0,447.806,0.0,0.0,0.0,5.742,0,1.0,0.045,309.825,5.0806000000000004,38.22,35.536075592041016,4.98,0.0,0
47038,-0.341,75.586,0.0,0.0,447.867,0.0,0.0,0.0,5.742,0,2.0,0.055,309.69,2.2434000000000003,37.77,35.536075592041016,4.98,0.0,0
47038,-0.171,75.586,0.0,0.0,447.927,0.0,0.0,0.0,5.742,0,3.0,0.055,309.69,-6.9034,38.01,35.536075592041016,4.98,0.0,0
47038,-0.171,75.586,0.0,0.0,447.927,0.0,0.0,0.0,5.742,0,2.0,0.05,309.69,-4.6435,38.01,35.536075592041016,4.98,0.0,0
47038,-0.341,75.586,0.5,0.0,448.351,0.0,0.0,0.0,5.742,0,2.0,0.08,309.915,4.0497000000000005,38.4,35.536075592041016,4.98,0.0,0
47038,-0.171,75.586,0.5,0.0,448.47200000000004,0.0,0.0,0.0,5.742,0,2.0,0.07,309.69,3.2991,39.63,35.536075592041016,4.98,0.0,0
47038,-0.171,75.586,0.0,0.0,448.351,0.0,0.0,0.0,5.742,0,2.0,0.065,309.825,4.1321,40.2,35.536075592041016,4.98,0.0,0
47038,-0.171,75.586,0.5,0.0,448.351,0.0,0.0,0.0,5.742,0,4.0,0.055,309.69,-3.0104,40.44,35.536075592041016,4.98,0.0,0
47038,-0.171,75.586,-0.5,0.0,447.927,0.0,0.0,0.0,5.742,0,2.0,0.055,309.825,-2.862,40.17,35.536075592041016,4.98,0.0,0
47038,-0.512,75.586,0.0,0.0,448.23,0.0,0.0,0.0,5.742,0,2.0,0.055,309.915,1.8310000000000002,38.88,35.536075592041016,4.98,0.0,0
47038,-0.171,75.586,0.0,0.0,448.048,0.0,0.0,0.0,5.742,0,2.0,0.07,309.825,4.1981,38.85,35.536075592041016,4.98,0.0,0
47038,-0.171,75.586,0.0,0.0,448.048,0.0,0.0,0.0,5.742,0,1.0,0.075,309.825,3.596,38.79,35.536075592041016,4.98,0.0,0
47038,-0.171,75.586,0.0,0.0,447.988,0.0,0.0,0.0,5.742,0,0.0,0.07,309.825,0.5279,38.07,35.536075592041016,4.98,0.0,0
47038,-0.171,75.586,0.0,0.0,448.048,0.0,0.0,0.0,5.742,0,3.0,0.055,309.825,-0.9897,38.1,35.536075592041016,4.98,0.0,0
47038,-0.341,75.586,0.0,0.0,447.625,0.0,0.0,0.0,5.742,0,2.0,0.06,309.825,-1.3196,37.74,35.536075592041016,4.98,0.0,0
47038,0.0,75.586,0.0,0.0,447.564,0.0,0.0,0.0,5.742,0,2.0,0.07,309.69,-1.4846000000000001,37.59,35.536075592041016,4.98,0.0,0
47038,-0.512,75.586,0.0,0.0,447.685,0.0,0.0,0.0,5.742,0,2.0,0.055,309.69,-3.9589000000000003,37.77,35.536075592041016,4.98,0.0,0
47038,-0.171,75.586,0.0,0.0,447.625,0.0,0.0,0.0,5.742,0,2.0,0.045,309.825,-2.3754,38.88,35.536075592041016,4.98,0.0,0
47038,-0.341,75.586,0.0,0.0,447.867,0.0,0.0,0.0,5.742,0,2.0,0.06,309.69,-1.1877,39.87,35.536075592041016,4.98,0.0,0
47038,-0.171,75.586,0.0,0.0,448.048,0.0,0.0,0.0,5.742,0,2.0,0.06,309.825,-0.099,39.93,35.536075592041016,4.98,0.0,0
47038,-0.171,75.586,0.0,0.0,447.746,0.0,0.0,0.0,5.742,0,3.0,0.085,309.825,2.7713,40.26,35.536075592041016,4.98,0.0,0
47038,-0.171,75.586,-0.5,0.0,447.867,0.0,0.0,0.0,5.742,0,2.0,0.05,309.69,-0.7918000000000001,40.32,35.536075592041016,4.98,0.0,0
47038,-0.341,75.586,0.5,0.0,448.10900000000004,0.0,0.0,0.0,5.742,0,2.0,0.06,309.69,-7.654000000000001,39.81,35.536075592041016,4.98,0.0,0
47038,-0.171,75.586,0.0,0.0,447.927,0.0,0.0,0.0,5.742,0,1.0,0.06,309.825,-2.3754,39.300000000000004,35.536075592041016,4.98,0.0,0
47038,0.0,75.586,0.5,0.0,447.927,0.0,0.0,0.0,5.742,0,3.0,0.045,309.69,4.486800000000001,39.0,35.536075592041016,4.98,0.0,0
47038,-0.171,75.586,0.0,0.0,448.048,0.0,0.0,0.0,5.742,0,2.0,0.05,309.69,1.5836000000000001,38.07,35.536075592041016,4.98,0.0,0
47038,-0.512,75.586,0.0,0.0,447.625,0.0,0.0,0.0,5.742,0,2.0,0.07,309.69,-2.3754,37.77,35.536075592041016,4.98,0.0,0
47038,-0.171,75.586,0.0,0.0,447.625,0.0,0.0,0.0,5.742,0,3.0,0.075,309.825,3.8600000000000003,37.44,35.536075592041016,4.98,0.0,0
47038,-0.171,75.586,-0.5,0.0,448.291,0.0,0.0,0.0,5.742,0,2.0,0.06,309.825,1.9795,38.04,35.536075592041016,4.98,0.0,0
47038,-0.171,75.586,0.5,0.0,448.291,0.0,0.0,0.0,5.742,0,2.0,0.05,309.825,-0.099,38.31,35.536075592041016,4.98,0.0,0
47038,-0.171,75.586,0.0,0.0,448.291,0.0,0.0,0.0,5.742,0,1.0,0.055,309.825,-0.42060000000000003,38.34,35.536075592041016,4.98,0.0,0
47038,-0.171,75.586,0.0,0.0,448.291,0.0,0.0,0.0,5.742,0,1.0,0.05,309.915,1.897,39.480000000000004,35.536075592041016,4.98,0.0,0
47038,-0.171,75.586,0.0,0.0,448.048,0.0,0.0,0.0,5.742,0,2.0,0.065,309.69,0.6186,40.35,35.536075592041016,4.98,0.0,0
47038,-0.341,75.586,0.0,0.0,447.625,0.0,0.0,0.0,5.742,0,2.0,0.065,309.825,-4.024900000000001,41.25,35.536075592041016,4.98,0.0,0
47038,-0.171,75.586,0.0,0.0,447.625,0.0,0.0,0.0,5.742,0,2.0,0.06,309.825,-2.73,40.89,35.536075592041016,4.98,0.0,0
47038,-0.341,75.586,0.0,0.0,448.048,0.0,0.0,0.0,5.742,0,2.0,0.08,309.69,0.0,39.45,35.536075592041016,4.98,0.0,0
47038,-0.171,75.586,-0.5,0.0,447.988,0.0,0.0,0.0,5.742,0,3.0,0.06,309.69,-3.761,38.52,35.536075592041016,4.98,0.0,0
47038,-0.171,75.586,-0.5,0.0,447.988,0.0,0.0,0.0,5.742,0,3.0,0.045,309.69,0.0247,38.19,35.536075592041016,4.98,0.0,0
47038,-0.341,75.586,0.0,0.0,448.048,0.0,0.0,0.0,5.742,0,2.0,0.075,309.825,6.1776,37.53,35.536075592041016,4.98,0.0,0
47038,-0.171,75.586,0.0,0.0,448.048,0.0,0.0,0.0,5.742,0,2.0,0.045,309.69,-0.46190000000000003,36.78,35.536075592041016,4.98,0.0,0
47038,-0.512,75.586,0.0,0.0,447.806,0.0,0.0,0.0,5.742,0,0.0,0.06,309.825,-0.5938,37.02,35.536075592041016,4.98,0.0,0
47038,-0.171,75.586,0.0,0.0,447.927,0.0,0.0,0.0,5.742,0,2.0,0.045,309.915,4.2064,37.65,35.536075592041016,4.98,0.0,0
47038,0.0,75.586,0.0,0.0,448.048,0.0,0.0,0.0,5.742,0,3.0,0.05,309.825,4.66,39.06,35.536075592041016,4.98,0.0,0
47038,-0.341,75.586,0.0,0.0,448.048,0.0,0.0,0.0,5.742,0,2.0,0.07,309.69,-2.0867,40.17,35.536075592041016,4.98,0.0,0
47038,-0.171,75.586,0.0,0.0,447.746,0.0,0.0,0.0,5.742,0,1.0,0.06,309.825,-3.6125000000000003,40.71,35.536075592041016,4.98,0.0,0
47038,-0.171,75.586,-0.5,0.0,447.806,0.0,0.0,0.0,5.742,0,2.0,0.06,309.915,1.1052,40.77,35.536075592041016,4.98,0.0,0
47038,-0.171,75.586,0.0,0.0,447.927,0.0,0.0,0.0,5.742,0,2.0,0.05,309.915,6.3838,40.44,35.536075592041016,4.98,0.0,0
47038,-0.171,75.586,0.0,0.0,447.806,0.0,0.0,0.0,5.742,0,3.0,0.06,309.69,-0.37120000000000003,40.02,35.536075592041016,4.98,0.0,0
47038,0.0,75.586,0.0,0.0,447.685,0.0,0.0,0.0,5.742,0,3.0,0.065,309.825,-7.1261,39.15,35.536075592041016,4.98,0.0,0
47038,0.0,75.586,-0.5,0.0,447.927,0.0,0.0,0.0,5.742,0,3.0,0.055,309.69,-3.5878,38.58,35.536075592041016,4.98,0.0,0
47038,-0.171,75.586,0.0,0.0,447.927,0.0,0.0,-0.2,5.742,0,2.0,0.06,309.825,3.1672000000000002,37.56,35.536075592041016,4.98,0.0,0
47038,0.0,75.586,0.5,0.0,447.746,0.0,0.0,0.0,5.742,0,1.0,0.06,309.825,2.7713,36.96,35.536075592041016,4.98,0.0,0
47038,-0.171,75.586,0.5,0.0,448.10900000000004,0.0,0.0,0.0,5.742,0,2.0,0.07,309.825,4.024900000000001,37.38,35.536075592041016,4.98,0.0,0
47038,0.0,75.586,0.0,0.0,447.746,0.0,0.0,0.0,5.742,0,3.0,0.065,309.825,0.132,39.0,35.536075592041016,4.98,0.0,0
47038,-0.171,75.586,0.0,0.0,447.927,0.0,0.0,0.0,5.742,0,2.0,0.065,309.825,-3.3651,40.02,35.536075592041016,4.98,0.0,0
47038,-0.171,75.586,-0.5,0.0,447.927,0.0,0.0,0.0,5.742,0,1.0,0.055,309.825,-3.2991,40.17,35.536075592041016,4.98,0.0,0
47038,-0.171,75.586,0.0,0.0,447.685,0.0,0.0,0.0,5.742,0,2.0,0.06,309.825,-1.5836000000000001,40.92,35.536075592041016,4.98,0.0,0
47038,-0.171,75.586,0.0,0.0,447.685,0.0,0.0,0.0,5.742,0,3.0,0.05,309.825,0.39590000000000003,41.19,35.536075592041016,4.98,0.0,0
47038,0.0,75.586,0.0,0.0,447.746,0.0,0.0,0.0,5.742,0,2.0,0.06,309.825,-1.5836000000000001,40.32,35.536075592041016,4.98,0.0,0
47038,-0.171,75.586,0.5,0.0,447.927,0.0,0.0,0.0,5.742,0,3.0,0.055,309.825,0.0,39.9,35.536075592041016,4.98,0.0,0
47038,-0.341,75.586,0.0,0.0,447.806,0.0,0.0,0.0,5.742,0,2.0,0.055,309.825,1.5836000000000001,39.93,35.536075592041016,4.98,0.0,0
47038,0.0,75.586,0.5,0.0,447.625,0.0,0.0,0.0,5.742,0,3.0,0.045,309.825,1.5836000000000001,39.63,35.536075592041016,4.98,0.0,0
47038,-0.171,75.586,0.0,0.0,447.746,0.0,0.0,0.0,5.742,0,2.0,0.065,309.825,-2.3754,39.12,35.536075592041016,4.98,0.0,0
47038,-0.341,75.586,0.0,0.0,447.685,0.0,0.0,0.0,5.742,0,3.0,0.065,309.825,1.3196,39.06,35.536075592041016,4.98,0.0,0
47038,-0.171,75.586,0.0,0.0,447.685,0.0,0.0,0.0,5.742,0,2.0,0.07,309.69,2.4743,38.13,35.536075592041016,4.98,0.0,0
47038,-0.171,75.586,-0.5,0.0,447.927,0.0,0.0,0.0,5.742,0,1.0,0.08,309.69,-7.258100000000001,38.25,35.536075592041016,4.98,0.0,0
47038,0.0,75.586,0.0,0.0,448.23,0.0,0.0,0.0,5.742,0,3.0,0.065,309.69,-5.4435,39.51,35.536075592041016,4.98,0.0,0
47038,0.0,75.586,0.0,0.0,447.746,0.0,0.0,0.0,5.742,0,1.0,0.06,309.825,4.7507,40.980000000000004,35.536075592041016,4.98,0.0,0
47038,0.0,75.586,0.0,0.0,447.444,0.0,0.0,0.0,5.742,0,2.0,0.055,309.825,6.2353000000000005,41.1,35.536075592041016,4.98,0.0,0
47038,-0.171,75.586,0.5,0.0,447.806,0.0,0.0,0.0,5.742,0,2.0,0.065,309.69,-1.9795,40.68,35.536075592041016,4.98,0.0,0
47038,0.0,75.586,0.0,0.0,447.988,0.0,0.0,0.0,5.742,0,2.0,0.06,309.69,-2.2764,40.11,35.536075592041016,4.98,0.0,0
47038,0.0,75.586,0.0,0.0,448.291,0.0,0.0,0.0,5.742,0,2.0,0.08,309.825,3.2991,39.75,35.536075592041016,4.98,0.0,0
47038,-0.171,75.586,0.0,0.0,448.169,0.0,0.0,0.0,5.742,0,2.0,0.055,309.825,3.8600000000000003,40.050000000000004,35.536075592041016,4.98,0.0,0
47038,-0.171,75.586,0.0,0.0,448.048,0.0,0.0,0.0,5.742,0,2.0,0.05,309.825,1.7155,39.75,35.536075592041016,4.98,0.0,0
47038,-0.171,75.586,0.0,0.0,448.10900000000004,0.0,0.0,0.0,5.742,0,2.0,0.06,309.69,-4.9157,38.730000000000004,35.536075592041016,4.98,0.0,0
47038,0.0,75.586,0.0,0.0,448.41200000000003,0.0,0.0,0.0,5.742,0,3.0,0.04,309.825,-1.5836000000000001,37.5,35.536075592041016,4.98,0.0,0
47038,0.171,75.586,0.0,0.0,448.10900000000004,0.0,0.0,0.0,5.742,0,2.0,0.07,309.825,-2.6393,37.08,35.536075592041016,4.98,0.0,0
47038,0.0,75.586,0.0,0.0,447.988,0.0,0.0,-0.2,5.742,0,3.0,0.075,309.825,1.0557,38.160000000000004,35.536075592041016,4.98,0.0,0
47038,0.0,75.586,0.0,0.0,448.169,0.0,0.0,0.0,5.742,0,2.0,0.05,309.69,1.6826,38.67,35.536075592041016,4.98,0.0,0
47038,-0.171,75.586,-0.5,0.0,447.988,0.0,0.0,0.0,5.742,0,2.0,0.055,309.69,-1.0557,39.99,35.536075592041016,4.98,0.0,0
47038,0.0,75.586,0.0,0.0,448.23,0.0,0.0,0.0,5.742,0,2.0,0.065,309.825,0.0,41.22,35.536075592041016,4.98,0.0,0
47038,-0.341,75.586,0.0,0.0,447.988,0.0,0.0,0.0,5.742,0,3.0,0.065,309.69,0.2639,41.550000000000004,35.536075592041016,4.98,0.0,0
47038,-0.171,75.586,0.5,0.0,448.10900000000004,0.0,0.0,0.0,5.742,0,2.0,0.055,309.825,3.0682,40.800000000000004,35.536075592041016,4.98,0.0,0
47038,-0.171,75.586,0.0,0.0,448.10900000000004,0.0,0.0,0.0,5.742,0,3.0,0.055,309.825,2.7465,40.71,35.536075592041016,4.98,0.0,0
47038,-0.171,75.586,-0.5,0.0,448.291,0.0,0.0,0.0,5.742,0,1.0,0.045,309.825,-2.9692000000000003,39.39,35.536075592041016,4.98,0.0,0
47038,0.0,75.586,-0.5,0.0,447.806,0.0,0.0,0.0,5.742,0,2.0,0.045,309.825,1.8228000000000002,39.300000000000004,35.536075592041016,4.98,0.0,0
47038,-0.171,75.586,0.5,0.0,447.927,0.0,0.0,0.0,5.742,0,3.0,0.055,309.825,3.6950000000000003,38.19,35.536075592041016,4.98,0.0,0
47038,-0.171,75.586,0.0,0.0,447.806,0.0,0.0,0.0,5.742,0,2.0,0.06,309.69,-2.5733,38.19,35.536075592041016,4.98,0.0,0
47038,0.0,75.586,0.0,0.0,447.988,0.0,0.0,0.0,5.742,0,1.0,0.055,309.915,-3.0517000000000003,37.92,35.536075592041016,4.98,0.0,0
47038,-0.171,75.586,-0.5,0.0,448.10900000000004,0.0,0.0,0.2,5.742,0,3.0,0.075,309.69,0.6186,37.83,35.536075592041016,4.98,0.0,0
47038,-0.171,75.586,0.0,0.0,448.291,0.0,0.0,0.0,5.742,0,2.0,0.065,309.825,-2.0702000000000003,39.15,35.536075592041016,4.98,0.0,0
47038,0.0,75.586,0.5,0.0,448.10900000000004,0.0,0.0,0.0,5.742,0,2.0,0.055,309.825,-3.7198,40.2,35.536075592041016,4.98,0.0,0
47038,0.0,75.586,-0.5,0.0,447.988,0.0,0.0,0.0,5.742,0,3.0,0.065,309.69,5.938400000000001,40.89,35.536075592041016,4.98,0.0,0
47038,0.0,75.586,-0.5,0.0,448.169,0.0,0.0,0.0,5.742,0,2.0,0.085,309.825,1.0310000000000001,40.800000000000004,35.536075592041016,4.98,0.0,0
47038,0.0,75.586,-0.5,0.0,448.169,0.0,0.0,0.0,5.742,0,1.0,0.06,309.825,0.8578,40.29,35.536075592041016,4.98,0.0,0
47038,-0.171,75.586,0.5,0.0,447.988,0.0,0.0,0.0,5.742,0,2.0,0.08,309.825,2.9692000000000003,39.93,35.536075592041016,4.98,0.0,0
47038,0.0,75.586,0.0,0.0,447.806,0.0,0.0,0.0,5.742,0,2.0,0.04,309.825,-0.9238000000000001,40.050000000000004,35.536075592041016,4.98,0.0,0
47038,0.171,75.586,0.0,0.0,448.10900000000004,0.0,0.0,0.0,5.742,0,2.0,0.075,309.915,-1.2537,38.79,35.536075592041016,4.98,0.0,0
47038,-0.171,75.586,-0.5,0.0,448.10900000000004,0.0,0.0,0.0,5.742,0,2.0,0.085,309.69,-0.3052,38.46,35.536075592041016,4.98,0.0,0
47038,-0.171,75.586,0.0,0.0,448.10900000000004,0.0,0.0,0.0,5.742,0,1.0,0.075,309.825,-0.2639,38.34,35.536075592041016,4.98,0.0,0
47038,0.0,75.586,0.0,0.0,447.806,0.0,0.0,0.0,5.742,0,2.0,0.06,309.825,-0.8413,38.07,35.536075592041016,4.98,0.0,0
47038,-0.171,75.586,-0.5,0.0,448.10900000000004,0.0,0.0,0.0,5.742,0,3.0,0.05,309.825,0.39590000000000003,38.37,35.536075592041016,4.98,0.0,0
47038,-0.171,75.586,0.5,0.0,448.169,0.0,0.0,0.0,5.742,0,2.0,0.05,309.69,-0.9650000000000001,39.87,35.536075592041016,4.98,0.0,0
47038,0.171,75.586,0.5,0.0,448.169,0.0,0.0,0.0,5.742,0,2.0,0.055,309.825,0.39590000000000003,39.99,35.536075592041016,4.98,0.0,0
47038,-0.171,75.586,0.0,0.0,448.169,0.0,0.0,0.0,5.742,0,2.0,0.095,309.915,2.2929,40.5,35.536075592041016,4.98,0.0,0
47038,-0.171,75.586,0.0,0.0,447.746,0.0,0.0,0.0,5.742,0,2.0,0.075,309.69,1.2124000000000001,40.26,35.536075592041016,4.98,0.0,0
47038,-0.341,75.586,-0.5,0.0,447.806,0.0,0.0,0.0,5.742,0,2.0,0.07,309.825,-1.1217000000000001,40.35,35.536075592041016,4.98,0.0,0
47038,-0.171,75.586,0.0,0.0,448.048,0.0,0.0,0.0,5.742,0,2.0,0.055,309.69,-4.66,40.74,35.536075592041016,4.98,0.0,0
47038,0.0,75.586,0.0,0.0,447.927,0.0,0.0,0.0,5.742,0,2.0,0.06,309.915,0.5526,39.660000000000004,35.536075592041016,4.98,0.0,0
47038,-0.171,75.586,-0.5,0.0,448.169,0.0,0.0,0.0,5.742,0,2.0,0.06,309.825,3.1837,38.4,35.536075592041016,4.98,0.0,0
47038,0.0,75.586,0.0,0.0,448.291,0.0,0.0,0.0,5.742,0,3.0,0.055,309.825,2.9445,37.800000000000004,35.536075592041016,4.98,0.0,0
47038,-0.171,75.586,0.0,0.0,447.988,0.0,0.0,0.0,5.742,0,2.0,0.055,309.69,-4.0002,37.71,35.536075592041016,4.98,0.0,0
47038,-0.171,75.586,0.0,0.0,448.169,0.0,0.0,0.0,5.742,0,1.0,0.065,309.825,-1.2537,37.71,35.536075592041016,4.98,0.0,0
47038,-0.171,75.586,0.5,0.0,448.10900000000004,0.0,0.0,0.0,5.742,0,2.0,0.105,309.69,0.1567,38.52,35.536075592041016,4.98,0.0,0
47038,-0.171,75.586,0.0,0.0,448.10900000000004,0.0,0.0,0.0,5.742,0,1.0,0.085,309.69,-0.9238000000000001,39.06,35.536075592041016,4.98,0.0,0
47038,0.0,75.586,0.0,0.0,448.23,0.0,0.0,0.0,5.742,0,2.0,0.055,309.825,-0.132,40.02,35.536075592041016,4.98,0.0,0
47038,-0.171,75.586,-0.5,0.0,447.988,0.0,0.0,0.0,5.742,0,2.0,0.045,309.69,0.3299,40.29,35.536075592041016,4.98,0.0,0
47038,0.0,75.586,0.0,0.0,447.988,0.0,0.0,0.0,5.742,0,1.0,0.055,309.69,-0.7918000000000001,40.32,35.536075592041016,4.98,0.0,0
47038,-0.341,75.586,-0.5,0.0,447.927,0.0,0.0,0.0,5.742,0,2.0,0.045,309.69,-2.1114,39.78,35.536075592041016,4.98,0.0,0
47038,0.0,75.586,0.0,0.0,448.10900000000004,0.0,0.0,0.0,5.742,0,2.0,0.07,309.825,3.9589000000000003,39.12,35.536075592041016,4.98,0.0,0
47038,0.171,75.586,0.0,0.0,448.351,0.0,0.0,0.0,5.742,0,2.0,0.07,309.69,1.4516,39.12,35.536075592041016,4.98,0.0,0
47038,0.0,75.586,-0.5,0.0,448.10900000000004,0.0,0.0,0.0,5.742,0,2.0,0.085,309.69,-3.4311000000000003,38.88,35.536075592041016,4.98,0.0,0
47038,0.0,75.586,0.5,0.0,448.291,0.0,0.0,0.0,5.742,0,2.0,0.055,309.825,-1.5836000000000001,38.58,35.536075592041016,4.98,0.0,0
47038,0.0,75.586,0.0,0.0,448.533,0.0,0.0,0.0,5.742,0,2.0,0.06,309.825,2.2764,37.410000000000004,35.536075592041016,4.98,0.0,0
47038,0.0,75.586,0.0,0.0,448.351,0.0,0.0,0.0,5.742,0,4.0,0.04,309.69,2.9032,37.11,35.536075592041016,4.98,0.0,0
47038,0.0,75.586,0.0,0.0,448.351,0.0,0.0,0.0,5.742,0,2.0,0.065,309.825,-0.7918000000000001,36.96,35.536075592041016,4.98,0.0,0
47038,0.171,75.586,0.0,0.0,448.593,0.0,0.0,0.0,5.742,0,1.0,0.05,309.825,0.2639,37.44,35.536075592041016,4.98,0.0,0
47038,0.0,75.586,0.0,0.0,448.593,0.0,0.0,0.0,5.742,0,2.0,0.08,309.69,-3.1672000000000002,39.03,35.536075592041016,4.98,0.0,0
47038,0.0,75.586,-0.5,0.0,448.654,0.0,0.0,0.0,5.742,0,3.0,0.065,309.825,-3.4311000000000003,39.660000000000004,35.536075592041016,4.98,0.0,0
47038,0.0,75.586,0.0,0.0,448.533,0.0,0.0,0.0,5.742,0,3.0,0.065,309.69,1.9465000000000001,39.24,35.536075592041016,4.98,0.0,0
47038,0.0,75.586,-0.5,0.0,448.10900000000004,0.0,0.0,0.0,5.742,0,1.0,0.095,309.825,1.1877,39.15,35.536075592041016,4.98,0.0,0
47038,0.0,75.586,0.0,0.0,448.291,0.0,0.0,0.0,5.742,0,3.0,0.075,309.825,3.4311000000000003,38.94,35.536075592041016,4.98,0.0,0
47038,0.0,75.586,0.5,0.0,448.291,0.0,0.0,0.0,5.742,0,2.0,0.045,309.69,1.7155,39.42,35.536075592041016,4.98,0.0,0
47038,0.0,75.586,0.0,0.0,448.291,0.0,0.0,0.0,5.742,0,3.0,0.06,309.825,-3.9589000000000003,39.03,35.536075592041016,4.98,0.0,0
47038,0.0,75.586,0.0,0.0,448.048,0.0,0.0,0.0,5.742,0,2.0,0.045,309.69,-3.1672000000000002,38.730000000000004,35.536075592041016,4.98,0.0,0
47038,0.0,75.586,0.0,0.0,448.169,0.0,0.0,0.0,5.742,0,1.0,0.065,309.69,1.5836000000000001,37.59,35.536075592041016,4.98,0.0,0
47038,0.171,75.586,0.0,0.0,448.10900000000004,0.0,0.0,0.0,5.742,0,1.0,0.055,309.69,0.5279,36.54,35.536075592041016,4.98,0.0,0
47038,0.171,75.586,-0.5,0.0,448.10900000000004,0.0,0.0,0.0,5.742,0,2.0,0.065,309.825,1.4846000000000001,36.96,35.536075592041016,4.98,0.0,0
47038,0.0,75.586,0.0,0.0,447.746,0.0,0.0,0.0,5.742,0,2.0,0.09,309.825,2.6393,37.89,35.536075592041016,4.98,0.0,0
47038,0.0,75.586,0.0,0.0,447.806,0.0,0.0,0.0,5.742,0,2.0,0.045,309.825,-2.4743,39.54,35.536075592041016,4.98,0.0,0
47038,0.171,75.586,0.0,0.0,448.10900000000004,0.0,0.0,0.0,5.742,0,2.0,0.06,309.69,-2.7713,40.83,35.536075592041016,4.98,0.0,0
47038,0.171,75.586,0.5,0.0,448.10900000000004,0.0,0.0,0.0,5.742,0,2.0,0.07,309.825,3.1672000000000002,40.2,35.536075592041016,4.98,0.0,0
47038,0.0,75.586,0.0,0.0,448.291,0.0,0.0,0.0,5.742,0,2.0,0.045,309.69,-3.563,39.06,35.536075592041016,4.98,0.0,0
47038,0.0,75.586,-0.5,0.0,447.927,0.0,0.0,0.0,5.742,0,3.0,0.05,309.825,-1.6826,38.58,35.536075592041016,4.98,0.0,0
47038,0.171,75.586,0.0,0.0,447.927,0.0,0.0,0.0,5.742,0,2.0,0.05,309.69,-1.9795,38.37,35.536075592041016,4.98,0.0,0
47038,-0.171,75.586,0.0,0.0,447.927,0.0,0.0,0.0,5.742,0,2.0,0.06,309.825,-0.9897,38.37,35.536075592041016,4.98,0.0,0
47038,-0.512,75.586,0.0,0.0,447.927,0.0,0.0,0.0,5.742,0,2.0,0.06,309.69,0.0,38.28,35.536075592041016,4.98,0.0,0
47038,0.0,75.586,0.0,0.0,448.048,0.0,0.0,0.0,5.742,0,1.0,0.065,309.825,0.7918000000000001,37.56,35.536075592041016,4.98,0.0,0
47038,-1.0230000000000001,75.586,0.5,0.0,447.927,0.0,0.0,0.0,5.742,0,2.0,0.06,309.69,1.2537,37.35,35.536075592041016,4.98,0.0,0
47038,0.0,75.586,-0.5,0.0,448.23,0.0,0.0,0.0,5.742,0,2.0,0.045,309.825,0.899,36.69,35.536075592041016,4.98,0.0,0
47038,-0.853,75.586,0.0,0.0,448.351,0.0,0.0,0.0,5.742,0,1.0,0.05,309.69,-5.1219,36.99,35.536075592041016,4.98,0.0,0
47038,0.341,75.586,-0.5,0.0,448.291,0.0,0.0,0.0,5.742,0,2.0,0.05,309.6,-1.5011,37.62,35.536075592041016,4.98,0.0,0
47038,-1.364,75.586,0.5,0.0,448.41200000000003,0.0,0.0,0.0,5.742,0,2.0,0.06,309.825,0.6351,39.09,35.536075592041016,4.98,0.0,0
47038,-0.171,75.586,0.0,0.0,448.10900000000004,0.0,0.0,0.0,5.742,0,2.0,0.06,309.825,0.17320000000000002,40.2,35.536075592041016,4.98,0.0,0
47038,-0.853,75.586,0.0,0.0,447.806,0.0,0.0,0.0,5.742,0,2.0,0.05,309.69,0.3299,39.93,35.536075592041016,4.98,0.0,0
47038,0.171,75.586,0.0,0.0,448.23,0.0,0.0,0.0,5.742,0,2.0,0.045,309.915,0.3134,39.21,35.536075592041016,4.98,0.0,0
47038,-1.705,75.586,0.0,0.0,448.169,0.0,0.0,0.0,5.742,0,2.0,0.075,309.69,1.7155,38.76,35.536075592041016,4.98,0.0,0
47038,-0.341,75.586,0.0,0.0,448.10900000000004,0.0,0.0,0.0,5.742,0,2.0,0.065,309.69,-0.39590000000000003,37.800000000000004,35.536075592041016,4.98,0.0,0
47038,-1.5350000000000001,75.586,0.0,0.0,448.23,0.0,0.0,0.0,5.742,0,2.0,0.065,309.69,-5.476500000000001,38.31,35.536075592041016,4.98,0.0,0
47038,0.0,75.586,0.0,0.0,448.10900000000004,0.0,0.0,0.0,5.742,0,4.0,0.055,309.825,3.6703,38.46,35.536075592041016,4.98,0.0,0
47038,-2.217,75.586,0.0,0.0,448.533,0.0,0.0,0.0,5.742,0,4.0,0.065,309.915,7.3735,38.13,35.536075592041016,4.98,0.0,0
47038,-0.171,75.586,0.0,0.0,448.291,0.0,0.0,0.0,5.742,0,3.0,0.06,309.69,0.7258,37.71,35.536075592041016,4.98,0.0,0
47038,-1.364,75.586,0.0,0.0,448.10900000000004,0.0,0.0,-0.2,5.742,0,2.0,0.055,309.69,-7.4808,37.050000000000004,35.536075592041016,4.98,0.0,0
47038,0.171,75.586,0.0,0.0,448.10900000000004,0.0,0.0,0.0,5.742,0,2.0,0.06,309.6,-3.7033,36.99,35.536075592041016,4.98,0.0,0
47038,-2.5580000000000003,75.586,0.0,0.0,448.10900000000004,0.0,0.0,0.0,5.742,0,3.0,0.055,309.825,1.8228000000000002,38.13,35.536075592041016,4.98,0.0,0
47038,-0.341,75.586,0.0,0.0,448.23,0.0,0.0,0.0,5.742,0,3.0,0.065,309.69,1.7815,39.300000000000004,35.536075592041016,4.98,0.0,0
47038,-1.8760000000000001,75.586,0.0,0.0,448.10900000000004,0.0,0.0,0.0,5.742,0,1.0,0.055,309.69,1.9382000000000001,40.32,35.536075592041016,4.98,0.0,0
47038,0.341,75.586,-0.5,0.0,448.10900000000004,0.0,0.0,0.0,5.742,0,1.0,0.065,309.825,0.9897,40.26,35.536075592041016,4.98,0.0,0
47038,-3.0700000000000003,75.586,0.0,0.0,448.593,0.0,0.0,0.0,5.742,0,2.0,0.065,309.825,4.3301,39.81,35.536075592041016,4.98,0.0,0
47038,-0.341,75.586,0.0,0.0,448.10900000000004,0.0,0.0,0.0,5.742,0,1.0,0.055,309.69,1.3856000000000002,39.03,35.536075592041016,4.98,0.0,0
47038,-2.728,75.586,0.5,0.0,447.927,0.0,0.0,0.0,5.742,0,3.0,0.07,309.825,-1.3856000000000002,38.13,35.536075592041016,4.98,0.0,0
47038,0.171,75.586,0.0,0.0,447.927,0.0,0.0,0.0,5.742,0,1.0,0.075,309.825,2.3094,37.62,35.536075592041016,4.98,0.0,0
47038,-3.7520000000000002,75.586,0.0,0.0,448.10900000000004,0.0,0.0,0.0,5.742,0,1.0,0.04,309.915,4.4043,37.53,35.536075592041016,4.98,0.0,0
47038,1.705,75.586,0.0,0.0,448.169,0.0,0.0,0.0,5.742,0,2.0,0.05,309.915,4.8827,37.56,35.536075592041016,4.98,0.0,0
47038,1.8760000000000001,75.586,-0.5,0.0,448.47200000000004,0.0,0.0,0.0,5.742,0,1.0,0.055,309.825,-2.9032,37.83,35.536075592041016,4.98,0.0,0
47038,0.682,75.586,-0.5,0.0,448.41200000000003,0.0,0.0,0.0,5.742,0,2.0,0.055,309.915,0.6598,38.550000000000004,35.536075592041016,4.98,0.0,0
47038,1.194,75.586,0.0,0.0,448.23,0.0,0.0,0.0,5.742,0,1.0,0.065,309.69,-4.3218000000000005,38.85,35.536075592041016,4.98,0.0,0
47038,2.387,75.586,0.0,0.0,448.291,0.0,0.0,0.0,5.742,0,2.0,0.06,309.69,-6.7302,39.06,35.536075592041016,4.98,0.0,0
47038,2.5580000000000003,75.586,0.0,0.0,448.41200000000003,0.0,0.0,0.0,5.742,0,1.0,0.065,309.825,-0.9897,40.08,35.536075592041016,4.98,0.0,0
47038,1.0230000000000001,75.586,-0.5,0.0,448.47200000000004,0.0,0.0,0.0,5.742,0,2.0,0.11,309.69,3.1672000000000002,40.26,35.536075592041016,4.98,0.0,0
47038,1.194,75.586,0.0,0.0,448.593,0.0,0.0,0.0,5.742,0,1.0,0.065,309.825,0.6928000000000001,40.02,35.536075592041016,4.98,0.0,0
47038,2.387,75.586,0.0,0.0,448.351,0.0,0.0,0.0,5.742,0,2.0,0.08,309.69,-1.5836000000000001,39.78,35.536075592041016,4.98,0.0,0
47038,2.5580000000000003,75.586,-0.5,0.0,447.927,0.0,0.0,0.0,5.742,0,1.0,0.06,309.69,1.5836000000000001,39.480000000000004,35.536075592041016,4.98,0.0,0
47038,1.194,75.586,0.0,0.0,447.988,0.0,0.0,0.0,5.742,0,2.0,0.055,309.825,-1.5836000000000001,38.910000000000004,35.536075592041016,4.98,0.0,0
47038,1.194,75.586,0.0,0.0,448.048,0.0,0.0,0.0,5.742,0,2.0,0.055,309.825,4.651800000000001,38.88,35.536075592041016,4.98,0.0,0
47038,2.5580000000000003,75.586,0.0,0.0,448.10900000000004,0.0,0.0,0.0,5.742,0,2.0,0.075,309.915,4.6188,39.21,35.536075592041016,4.98,0.0,0
47038,2.5580000000000003,75.586,0.0,0.0,447.625,0.0,0.0,0.0,5.742,0,3.0,0.075,309.69,-0.9567,38.34,35.536075592041016,4.98,0.0,0
47038,1.194,75.586,0.0,0.0,448.10900000000004,0.0,0.0,0.0,5.742,0,1.0,0.055,309.69,-4.7507,38.13,35.536075592041016,4.98,0.0,0
47038,1.194,75.586,0.0,0.0,448.47200000000004,0.0,0.0,0.0,5.742,0,3.0,0.04,309.915,-2.9032,38.94,35.536075592041016,4.98,0.0,0
47038,2.728,75.586,0.5,0.0,448.23,0.0,0.0,0.0,5.742,0,2.0,0.075,309.69,3.0352,40.230000000000004,35.536075592041016,4.98,0.0,0
47038,1.705,75.586,0.0,0.0,448.23,0.0,0.0,0.0,5.742,0,2.0,0.065,309.69,-1.8475000000000001,40.35,35.536075592041016,4.98,0.0,0
47038,0.682,75.586,0.0,0.0,448.23,0.0,0.0,0.0,5.742,0,1.0,0.05,309.69,-2.9032,40.35,35.536075592041016,4.98,0.0,0
47038,0.171,75.586,0.5,0.0,448.291,0.0,0.0,0.0,5.742,0,2.0,0.055,309.825,2.2764,40.410000000000004,35.536075592041016,4.98,0.0,0
47038,1.364,75.586,0.0,0.0,448.23,0.0,0.0,0.0,5.742,0,1.0,0.075,309.69,1.5836000000000001,39.84,35.536075592041016,4.98,0.0,0
47038,0.0,75.586,0.0,0.0,447.988,0.0,0.0,0.0,5.742,0,2.0,0.06,309.69,0.0,39.72,35.536075592041016,4.98,0.0,0
47038,0.0,75.586,-0.5,0.0,447.988,0.0,0.0,0.0,5.742,0,2.0,0.06,309.69,-5.6745,38.37,35.536075592041016,4.98,0.0,0
47038,0.171,75.586,0.0,0.0,448.048,0.0,0.0,0.0,5.742,0,2.0,0.055,309.825,1.4846000000000001,36.24,35.536075592041016,4.98,0.0,0
47038,0.0,75.586,0.0,0.0,448.10900000000004,0.0,0.0,0.2,5.742,0,3.0,0.045,309.825,3.563,35.64,35.536075592041016,4.98,0.0,0
47038,0.0,75.586,0.0,0.0,448.291,0.0,0.0,0.0,5.742,0,3.0,0.055,309.825,1.4846000000000001,36.75,35.536075592041016,4.98,0.0,0
47038,0.171,75.586,0.0,0.0,447.806,0.0,0.0,0.0,5.742,0,4.0,0.055,309.825,0.39590000000000003,38.910000000000004,35.536075592041016,4.98,0.0,0
47038,-0.171,75.586,0.0,0.0,447.867,0.0,0.0,0.0,5.742,0,2.0,0.06,309.915,3.3651,40.56,35.536075592041016,4.98,0.0,0
47038,0.0,75.586,0.0,0.0,447.867,0.0,0.0,0.0,5.742,0,2.0,0.06,309.915,4.2724,40.62,35.536075592041016,4.98,0.0,0
47038,0.0,75.586,0.0,0.0,447.988,0.0,0.0,0.0,5.742,0,3.0,0.07,309.825,0.9897,40.47,35.536075592041016,4.98,0.0,0
47038,0.341,75.586,0.0,0.0,447.988,0.0,0.0,0.0,5.742,0,2.0,0.035,309.825,0.132,40.02,35.536075592041016,4.98,0.0,0
47038,0.171,75.586,-0.5,0.0,447.806,0.0,0.0,0.0,5.742,0,1.0,0.05,309.825,-1.4351,39.39,35.536075592041016,4.98,0.0,0
47038,0.0,75.586,0.0,0.0,447.927,0.0,0.0,0.0,5.742,0,2.0,0.055,309.825,-2.1362,39.93,35.536075592041016,4.98,0.0,0
47038,0.0,75.586,0.0,0.0,447.746,0.0,0.0,0.0,5.742,0,3.0,0.05,309.825,-6.334300000000001,39.81,35.536075592041016,4.98,0.0,0
47038,0.341,75.586,-0.5,0.0,447.806,0.0,0.0,0.0,5.742,0,3.0,0.075,309.825,-0.42060000000000003,40.050000000000004,35.536075592041016,4.98,0.0,0
47038,-0.171,75.586,0.0,0.0,447.927,0.0,0.0,0.0,5.742,0,2.0,0.06,309.825,1.7155,39.03,35.536075592041016,4.98,0.0,0
47038,0.0,75.586,0.5,0.0,447.927,0.0,0.0,0.0,5.742,0,2.0,0.055,309.825,2.4661,37.62,35.536075592041016,4.98,0.0,0
47038,0.171,75.586,0.0,0.0,447.625,0.0,0.0,0.0,5.742,0,2.0,0.065,309.825,-1.1877,37.32,35.536075592041016,4.98,0.0,0
47038,-0.171,75.586,0.5,0.0,447.625,0.0,0.0,0.0,5.742,0,3.0,0.045,309.825,-2.0042,37.980000000000004,35.536075592041016,4.98,0.0,0
47038,0.0,75.586,0.0,0.0,447.685,0.0,0.0,0.0,5.742,0,3.0,0.075,309.825,-1.3856000000000002,39.45,35.536075592041016,4.98,0.0,0
47038,0.0,75.586,0.0,0.0,448.048,0.0,0.0,0.0,5.742,0,2.0,0.045,309.69,-0.19790000000000002,40.77,35.536075592041016,4.98,0.0,0
47038,0.0,75.586,0.0,0.0,447.867,0.0,0.0,0.0,5.742,0,2.0,0.075,309.69,-2.1527000000000003,40.92,35.536075592041016,4.98,0.0,0
47038,0.0,75.586,0.0,0.0,447.746,0.0,0.0,0.0,5.742,0,2.0,0.07,309.69,-3.761,40.32,35.536075592041016,4.98,0.0,0
47038,0.0,75.586,0.5,0.0,447.806,0.0,0.0,0.0,5.742,0,2.0,0.055,309.69,2.9032,39.84,35.536075592041016,4.98,0.0,0
47038,0.171,75.586,0.0,0.0,447.625,0.0,0.0,0.0,5.742,0,1.0,0.08,309.825,4.5528,40.050000000000004,35.536075592041016,4.98,0.0,0
47038,0.171,75.586,0.5,0.0,447.685,0.0,0.0,0.0,5.742,0,3.0,0.07,309.825,2.2187,40.14,35.536075592041016,4.98,0.0,0
47038,0.0,75.586,0.5,0.0,447.927,0.0,0.0,0.0,5.742,0,1.0,0.075,309.69,0.1072,39.69,35.536075592041016,4.98,0.0,0
47038,0.171,75.586,0.0,0.0,448.351,0.0,0.0,0.0,5.742,0,3.0,0.06,309.69,0.42060000000000003,39.03,35.536075592041016,4.98,0.0,0
47038,-0.171,75.586,0.0,0.0,447.988,0.0,0.0,0.0,5.742,0,2.0,0.075,309.825,-0.39590000000000003,38.31,35.536075592041016,4.98,0.0,0
47038,0.0,75.586,0.0,0.0,447.806,0.0,0.0,0.0,5.742,0,3.0,0.055,309.825,-1.6083,37.92,35.536075592041016,4.98,0.0,0
47038,0.171,75.586,-0.5,0.0,447.806,0.0,0.0,0.0,5.742,0,2.0,0.065,309.825,-1.6826,37.86,35.536075592041016,4.98,0.0,0
47038,0.171,75.586,0.0,0.0,447.806,0.0,0.0,0.0,5.742,0,1.0,0.06,309.825,0.7918000000000001,38.34,35.536075592041016,4.98,0.0,0
47038,0.0,75.586,0.0,0.0,447.746,0.0,0.0,0.0,5.742,0,0.0,0.055,309.69,2.4743,39.57,35.536075592041016,4.98,0.0,0
47038,0.341,75.586,0.0,0.0,448.23,0.0,0.0,0.0,5.742,0,2.0,0.075,309.825,0.7918000000000001,40.800000000000004,35.536075592041016,4.98,0.0,0
47038,0.341,75.586,0.0,0.0,447.988,0.0,0.0,0.0,5.742,0,2.0,0.085,309.825,-0.7918000000000001,41.01,35.536075592041016,4.98,0.0,0
47038,0.171,75.586,0.0,0.0,447.625,0.0,0.0,0.0,5.742,0,3.0,0.05,309.915,5.0147,40.89,35.536075592041016,4.98,0.0,0
47038,0.0,75.586,0.0,0.0,447.806,0.0,0.0,0.0,5.742,0,1.0,0.07,309.825,1.3196,40.56,35.536075592041016,4.98,0.0,0
47038,0.0,75.586,0.0,0.0,447.746,0.0,0.0,0.0,5.742,0,1.0,0.065,309.825,-0.39590000000000003,40.14,35.536075592041016,4.98,0.0,0
47038,0.171,75.586,0.0,0.0,447.685,0.0,0.0,0.0,5.742,0,1.0,0.05,309.69,-2.4743,39.75,35.536075592041016,4.98,0.0,0
47038,-0.171,75.586,0.0,0.0,448.048,0.0,0.0,0.0,5.742,0,3.0,0.06,309.825,-1.5836000000000001,38.58,35.536075592041016,4.98,0.0,0
47038,0.171,75.586,-0.5,0.0,448.048,0.0,0.0,0.0,5.742,0,2.0,0.055,309.825,0.0,38.01,35.536075592041016,4.98,0.0,0
47038,-0.171,75.586,0.0,0.0,447.806,0.0,0.0,0.0,5.742,0,1.0,0.06,309.825,2.3754,37.86,35.536075592041016,4.98,0.0,0
47038,0.341,75.586,0.0,0.0,447.988,0.0,0.0,0.0,5.742,0,1.0,0.05,309.69,-3.8600000000000003,37.230000000000004,35.536075592041016,4.98,0.0,0
47038,0.341,75.586,0.0,0.0,447.806,0.0,0.0,0.2,5.742,0,2.0,0.06,309.825,-1.1877,38.34,35.536075592041016,4.98,0.0,0
47038,0.0,75.586,0.0,0.0,447.988,0.0,0.0,0.0,5.742,0,3.0,0.055,309.915,1.7815,39.87,35.536075592041016,4.98,0.0,0
47038,0.0,75.586,0.0,0.0,448.048,0.0,0.0,0.0,5.742,0,2.0,0.045,309.915,3.4311000000000003,40.44,35.536075592041016,4.98,0.0,0
47038,0.0,75.586,0.0,0.0,447.927,0.0,0.0,0.0,5.742,0,3.0,0.055,309.825,2.3754,41.4,35.536075592041016,4.98,0.0,0
47038,0.0,75.586,0.0,0.0,447.927,0.0,0.0,0.0,5.742,0,3.0,0.05,309.915,-0.39590000000000003,40.95,35.536075592041016,4.98,0.0,0
47038,0.341,75.586,0.0,0.0,447.746,0.0,0.0,0.0,5.742,0,2.0,0.05,309.69,-1.1547,39.84,35.536075592041016,4.98,0.0,0
47038,0.0,75.586,-0.5,0.0,447.746,0.0,0.0,0.0,5.742,0,1.0,0.07,309.69,-0.8825000000000001,39.69,35.536075592041016,4.98,0.0,0
47038,0.171,75.586,0.5,0.0,448.169,0.0,0.0,0.0,5.742,0,3.0,0.06,309.825,-3.4971,39.06,35.536075592041016,4.98,0.0,0
47038,0.0,75.586,-0.5,0.0,448.10900000000004,0.0,0.0,0.0,5.742,0,2.0,0.08,309.915,4.0909,38.25,35.536075592041016,4.98,0.0,0
47038,0.171,75.586,0.0,0.0,448.169,0.0,0.0,0.0,5.742,0,2.0,0.075,309.825,6.375500000000001,37.65,35.536075592041016,4.98,0.0,0
47038,0.0,75.586,0.5,0.0,447.806,0.0,0.0,0.0,5.742,0,2.0,0.055,309.825,-2.0702000000000003,37.83,35.536075592041016,4.98,0.0,0
47038,0.0,75.586,0.0,0.0,447.927,0.0,0.0,0.0,5.742,0,3.0,0.055,309.69,-2.4001,37.32,35.536075592041016,4.98,0.0,0
47038,0.341,75.586,0.5,0.0,447.927,0.0,0.0,0.0,5.742,0,2.0,0.05,309.825,0.39590000000000003,37.38,35.536075592041016,4.98,0.0,0
47038,0.171,75.586,0.0,0.0,447.746,0.0,0.0,0.0,5.742,0,3.0,0.05,309.825,-5.476500000000001,38.31,35.536075592041016,4.98,0.0,0
47038,0.171,75.586,0.0,0.0,447.625,0.0,0.0,0.0,5.742,0,2.0,0.05,309.825,-0.39590000000000003,39.51,35.536075592041016,4.98,0.0,0
47038,-0.171,75.586,-0.5,0.0,447.564,0.0,0.0,0.0,5.742,0,2.0,0.05,309.6,3.0104,40.2,35.536075592041016,4.98,0.0,0
47038,0.171,75.586,0.5,0.0,447.806,0.0,0.0,0.0,5.742,0,2.0,0.065,309.69,-1.4021000000000001,40.68,35.536075592041016,4.98,0.0,0
47038,0.341,75.586,0.5,0.0,447.746,0.0,0.0,0.0,5.742,0,2.0,0.07,309.69,-3.3404000000000003,40.86,35.536075592041016,4.98,0.0,0
47038,0.171,75.586,0.0,0.0,447.867,0.0,0.0,0.0,5.742,0,2.0,0.07,309.69,1.1464,40.56,35.536075592041016,4.98,0.0,0
47038,0.341,75.586,0.0,0.0,447.746,0.0,0.0,0.0,5.742,0,2.0,0.075,309.69,-0.19790000000000002,39.84,35.536075592041016,4.98,0.0,0
47038,0.0,75.586,-0.5,0.0,447.746,0.0,0.0,0.0,5.742,0,2.0,0.06,309.69,1.6496000000000002,38.88,35.536075592041016,4.98,0.0,0
47038,0.0,75.586,0.0,0.0,447.806,0.0,0.0,0.0,5.742,0,4.0,0.07,309.825,1.4929000000000001,37.71,35.536075592041016,4.98,0.0,0
47038,0.171,75.586,0.0,0.0,447.625,0.0,0.0,0.0,5.742,0,3.0,0.06,309.69,1.1877,36.57,35.536075592041016,4.98,0.0,0
47038,0.512,75.586,-0.5,0.0,447.625,0.0,0.0,0.0,5.742,0,3.0,0.07,309.825,3.3404000000000003,36.54,35.536075592041016,4.98,0.0,0
47038,0.341,75.586,0.5,0.0,447.746,0.0,0.0,0.0,5.742,0,1.0,0.05,309.825,-1.1877,37.86,35.536075592041016,4.98,0.0,0
47038,0.171,75.586,0.0,0.0,447.625,0.0,0.0,0.0,5.742,0,1.0,0.06,309.825,0.5691,38.52,35.536075592041016,4.98,0.0,0
47038,0.341,75.586,0.5,0.0,447.444,0.0,0.0,0.0,5.742,0,1.0,0.085,309.825,1.0557,39.78,35.536075592041016,4.98,0.0,0
47038,0.0,75.586,0.0,0.0,447.746,0.0,0.0,0.0,5.742,0,2.0,0.035,309.825,-4.4208,40.26,35.536075592041016,4.98,0.0,0
47038,0.0,75.586,0.0,0.0,447.806,0.0,0.0,0.0,5.742,0,3.0,0.065,309.825,1.8228000000000002,40.5,35.536075592041016,4.98,0.0,0
47038,0.341,75.586,-0.5,0.0,447.504,0.0,0.0,0.0,5.742,0,0.0,0.075,309.69,1.1464,40.5,35.536075592041016,4.98,0.0,0
47038,0.0,75.586,0.0,0.0,447.444,0.0,0.0,0.0,5.742,0,2.0,0.06,309.825,-3.7857000000000003,39.99,35.536075592041016,4.98,0.0,0
47038,0.171,75.586,0.5,0.0,447.262,0.0,0.0,0.0,5.742,0,1.0,0.065,309.69,1.8063,38.79,35.536075592041016,4.98,0.0,0
47038,0.341,75.586,0.0,0.0,447.444,0.0,0.0,0.0,5.742,0,2.0,0.055,309.825,0.7918000000000001,38.04,35.536075592041016,4.98,0.0,0
47038,0.0,75.586,0.0,0.0,447.625,0.0,0.0,0.0,5.742,0,2.0,0.08,309.69,-0.43710000000000004,37.59,35.536075592041016,4.98,0.0,0
47038,0.0,75.586,0.0,0.0,447.625,0.0,0.0,0.0,5.742,0,3.0,0.065,309.69,1.4104,37.08,35.536075592041016,4.98,0.0,0
47038,0.171,75.586,0.0,0.0,447.262,0.0,0.0,0.0,5.742,0,2.0,0.05,309.825,-0.9238000000000001,37.95,35.536075592041016,4.98,0.0,0
47038,0.171,75.586,0.0,0.0,447.081,0.0,0.0,0.0,5.742,0,2.0,0.07,309.69,-1.0805,38.07,35.536075592041016,4.98,0.0,0
47038,0.0,75.586,-0.5,0.0,447.32300000000004,0.0,0.0,0.0,5.742,0,3.0,0.06,309.825,-1.2124000000000001,38.58,35.536075592041016,4.98,0.0,0
47038,0.341,75.586,0.0,0.0,447.564,0.0,0.0,0.0,5.742,0,2.0,0.04,309.69,0.2227,39.36,35.536075592041016,4.98,0.0,0
47038,0.0,75.586,0.0,0.0,447.444,0.0,0.0,0.0,5.742,0,3.0,0.05,309.825,4.726,39.99,35.536075592041016,4.98,0.0,0
47038,0.171,75.586,0.5,0.0,447.141,0.0,0.0,0.0,5.742,0,1.0,0.08,309.6,-1.8310000000000002,39.18,35.536075592041016,4.98,0.0,0
47038,0.171,75.586,0.0,0.0,447.32300000000004,0.0,0.0,0.0,5.742,0,3.0,0.065,309.825,-0.8825000000000001,38.88,35.536075592041016,4.98,0.0,0
47038,0.0,75.586,0.5,0.0,447.262,0.0,0.0,0.0,5.742,0,1.0,0.055,309.69,-1.2289,39.06,35.536075592041016,4.98,0.0,0
47038,0.0,75.586,0.0,0.0,447.444,0.0,0.0,0.0,5.742,0,1.0,0.08,309.69,-1.4516,39.12,35.536075592041016,4.98,0.0,0
47038,0.0,75.586,0.5,0.0,447.444,0.0,0.0,0.0,5.742,0,2.0,0.045,309.69,-2.1774,38.43,35.536075592041016,4.98,0.0,0
47038,0.171,75.586,0.0,0.0,447.444,0.0,0.0,0.0,5.742,0,2.0,0.055,309.825,-0.39590000000000003,37.62,35.536075592041016,4.98,0.0,0
47038,0.0,75.586,0.5,0.0,447.32300000000004,0.0,0.0,0.0,5.742,0,1.0,0.05,309.825,3.8600000000000003,36.57,35.536075592041016,4.98,0.0,0
47038,0.0,75.586,0.5,0.0,446.96000000000004,0.0,0.0,0.0,5.742,0,2.0,0.06,309.69,-1.9795,36.09,35.536075592041016,4.98,0.0,0
47038,0.0,75.586,0.0,0.0,446.778,0.0,0.0,0.0,5.742,0,3.0,0.045,309.69,-6.2353000000000005,37.08,35.536075592041016,4.98,0.0,0
47038,0.341,75.586,0.5,0.0,447.202,0.0,0.0,0.0,5.742,0,1.0,0.065,309.69,-0.7918000000000001,38.4,35.536075592041016,4.98,0.0,0
47038,0.0,75.586,0.0,0.0,447.444,0.0,0.0,0.0,5.742,0,2.0,0.08,309.69,0.0,39.75,35.536075592041016,4.98,0.0,0
47038,0.171,75.586,0.5,0.0,447.444,0.0,0.0,0.0,5.742,0,1.0,0.065,309.6,-3.8270000000000004,40.44,35.536075592041016,4.98,0.0,0
47038,0.0,75.586,-0.5,0.0,447.685,0.0,0.0,0.0,5.742,0,1.0,0.06,309.69,-0.5279,39.9,35.536075592041016,4.98,0.0,0
47038,0.171,75.586,-0.5,0.0,447.625,0.0,0.0,0.0,5.742,0,2.0,0.065,309.825,6.8622000000000005,39.78,35.536075592041016,4.98,0.0,0
47038,0.0,75.586,0.0,0.0,447.262,0.0,0.0,0.0,5.742,0,1.0,0.05,309.825,5.641500000000001,39.06,35.536075592041016,4.98,0.0,0
47038,0.512,75.586,0.0,0.0,447.504,0.0,0.0,0.0,5.742,0,2.0,0.08,309.825,1.8475000000000001,39.480000000000004,35.536075592041016,4.98,0.0,0
47038,0.512,75.586,0.5,0.0,447.383,0.0,0.0,0.0,5.742,0,2.0,0.055,309.825,0.0,39.54,35.536075592041016,4.98,0.0,0
47038,0.0,75.586,0.0,0.0,447.081,0.0,0.0,0.0,5.742,0,2.0,0.06,309.825,-2.3754,39.36,35.536075592041016,4.98,0.0,0
47038,0.341,75.586,0.0,0.0,447.444,0.0,0.0,0.0,5.742,0,3.0,0.07,309.69,-2.2764,37.95,35.536075592041016,4.98,0.0,0
47038,0.0,75.586,-0.5,0.0,447.564,0.0,0.0,0.0,5.742,0,1.0,0.06,309.69,-4.3548,37.17,35.536075592041016,4.98,0.0,0
47038,0.171,75.586,-0.5,0.0,447.625,0.0,0.0,0.0,5.742,0,3.0,0.085,309.825,0.0,37.44,35.536075592041016,4.98,0.0,0
47038,0.0,75.586,0.5,0.0,447.262,0.0,0.0,0.0,5.742,0,2.0,0.065,309.69,3.563,38.94,35.536075592041016,4.98,0.0,0
47038,0.171,75.586,0.0,0.0,447.383,0.0,0.0,0.0,5.742,0,2.0,0.06,309.69,1.5836000000000001,40.410000000000004,35.536075592041016,4.98,0.0,0
47038,0.171,75.586,0.5,0.0,447.564,0.0,0.0,0.0,5.742,0,3.0,0.065,309.825,-1.9795,41.13,35.536075592041016,4.98,0.0,0
47038,0.341,75.586,0.5,0.0,447.504,0.0,0.0,0.0,5.742,0,2.0,0.055,309.915,0.8908,41.550000000000004,35.536075592041016,4.98,0.0,0
47038,0.341,75.586,0.0,0.0,447.504,0.0,0.0,0.0,5.742,0,2.0,0.06,309.915,1.2124000000000001,41.550000000000004,35.536075592041016,4.98,0.0,0
47038,0.171,75.586,-0.5,0.0,447.383,0.0,0.0,0.0,5.742,0,3.0,0.05,309.915,5.3033,40.980000000000004,35.536075592041016,4.98,0.0,0
47038,0.171,75.586,0.0,0.0,447.262,0.0,0.0,0.0,5.742,0,2.0,0.06,309.825,-0.132,40.35,35.536075592041016,4.98,0.0,0
47038,0.341,75.586,0.5,0.0,447.32300000000004,0.0,0.0,0.0,5.742,0,2.0,0.07,310.005,-2.7878000000000003,40.17,35.536075592041016,4.98,0.0,0
47038,0.341,75.586,0.0,0.0,447.444,0.0,0.0,0.0,5.742,0,2.0,0.06,309.825,-0.066,39.36,35.536075592041016,4.98,0.0,0
47038,0.341,75.586,0.0,0.0,447.504,0.0,0.0,0.0,5.742,0,2.0,0.055,309.69,0.42060000000000003,38.34,35.536075592041016,4.98,0.0,0
47038,0.0,75.586,0.5,0.0,447.564,0.0,0.0,0.0,5.742,0,2.0,0.055,309.825,-5.2126,38.34,35.536075592041016,4.98,0.0,0
47038,0.171,75.586,0.5,0.0,447.625,0.0,0.0,0.0,5.742,0,2.0,0.045,309.825,-2.1774,37.410000000000004,35.536075592041016,4.98,0.0,0
47038,0.0,75.586,0.0,0.0,447.625,0.0,0.0,0.0,5.742,0,2.0,0.06,309.825,3.761,38.01,35.536075592041016,4.98,0.0,0
47038,0.341,75.586,0.0,0.0,447.383,0.0,0.0,0.0,5.742,0,2.0,0.06,309.825,-4.1569,39.42,35.536075592041016,4.98,0.0,0
47038,0.171,75.586,-0.5,0.0,447.383,0.0,0.0,0.0,5.742,0,2.0,0.06,309.825,0.5031,40.92,35.536075592041016,4.98,0.0,0
47038,0.0,75.586,0.0,0.0,447.625,0.0,0.0,0.0,5.742,0,1.0,0.05,309.825,4.9487000000000005,41.01,35.536075592041016,4.98,0.0,0
47038,0.171,75.586,0.0,0.0,447.625,0.0,0.0,0.0,5.742,0,1.0,0.065,309.825,1.3609,40.53,35.536075592041016,4.98,0.0,0
47038,0.0,75.586,0.0,0.0,447.564,0.0,0.0,0.0,5.742,0,2.0,0.045,309.825,-0.5279,39.84,35.536075592041016,4.98,0.0,0
47038,0.171,75.586,0.0,0.0,447.564,0.0,0.0,0.0,5.742,0,1.0,0.08,309.69,-2.4661,39.15,35.536075592041016,4.98,0.0,0
47038,0.341,75.586,0.0,0.0,447.444,0.0,0.0,0.0,5.742,0,2.0,0.075,309.825,1.1877,39.18,35.536075592041016,4.98,0.0,0
47038,0.0,75.586,0.0,0.0,447.444,0.0,0.0,0.0,5.742,0,3.0,0.07,309.69,-1.1629,38.97,35.536075592041016,4.98,0.0,0
47038,0.0,75.586,0.0,0.0,447.02,0.0,0.0,0.0,5.742,0,2.0,0.05,309.825,1.1629,38.7,35.536075592041016,4.98,0.0,0
47038,0.512,75.586,0.5,0.0,447.202,0.0,0.0,0.0,5.742,0,0.0,0.075,309.825,0.9897,38.22,35.536075592041016,4.98,0.0,0
47038,0.171,75.586,0.0,0.0,447.262,0.0,0.0,0.0,5.742,0,2.0,0.065,309.825,0.37120000000000003,37.980000000000004,35.536075592041016,4.98,0.0,0
47038,0.171,75.586,0.0,0.0,447.444,0.0,0.0,0.0,5.742,0,1.0,0.045,309.69,-1.9547,38.07,35.536075592041016,4.98,0.0,0
47038,0.0,75.586,0.0,0.0,447.504,0.0,0.0,0.0,5.742,0,2.0,0.06,309.69,1.6083,38.46,35.536075592041016,4.98,0.0,0
47038,0.0,75.586,-0.5,0.0,447.625,0.0,0.0,0.0,5.742,0,2.0,0.07,309.825,-2.7053000000000003,39.75,35.536075592041016,4.98,0.0,0
47038,0.171,75.586,0.0,0.0,447.444,0.0,0.0,0.0,5.742,0,3.0,0.055,309.69,0.3299,40.800000000000004,35.536075592041016,4.98,0.0,0
47038,0.0,75.586,-0.5,0.0,447.444,0.0,0.0,0.0,5.742,0,2.0,0.055,309.915,2.2269,40.56,35.536075592041016,4.98,0.0,0
47038,0.0,75.586,-0.5,0.0,447.444,0.0,0.0,0.0,5.742,0,2.0,0.07,309.69,-4.0662,40.14,35.536075592041016,4.98,0.0,0
47038,0.0,75.586,0.0,0.0,447.564,0.0,0.0,0.0,5.742,0,2.0,0.045,309.69,-0.23920000000000002,39.99,35.536075592041016,4.98,0.0,0
47038,0.171,75.586,0.5,0.0,447.625,0.0,0.0,0.0,5.742,0,2.0,0.07,309.69,0.9650000000000001,39.36,35.536075592041016,4.98,0.0,0
47038,0.171,75.586,0.5,0.0,447.444,0.0,0.0,0.0,5.742,0,2.0,0.06,309.69,-1.3856000000000002,39.12,35.536075592041016,4.98,0.0,0
47038,0.512,75.586,0.0,0.0,447.564,0.0,0.0,0.0,5.742,0,2.0,0.045,309.825,1.5588000000000002,39.15,35.536075592041016,4.98,0.0,0
47038,0.0,75.586,0.5,0.0,447.625,0.0,0.0,0.0,5.742,0,1.0,0.05,309.69,1.0145,38.28,35.536075592041016,4.98,0.0,0
47038,0.0,75.586,0.0,0.0,447.625,0.0,0.0,0.0,5.742,0,2.0,0.065,309.69,-1.5836000000000001,37.74,35.536075592041016,4.98,0.0,0
47038,0.0,75.586,0.5,0.0,447.685,0.0,0.0,0.0,5.742,0,2.0,0.055,309.825,3.0352,37.980000000000004,35.536075592041016,4.98,0.0,0
47038,0.512,75.586,-0.5,0.0,447.867,0.0,0.0,0.0,5.742,0,2.0,0.065,309.825,3.2744,39.93,35.536075592041016,4.98,0.0,0
47038,0.0,75.586,-0.5,0.0,447.867,0.0,0.0,0.0,5.742,0,2.0,0.05,309.825,3.0682,40.08,35.536075592041016,4.98,0.0,0
47038,-0.171,75.586,0.0,0.0,448.048,0.0,0.0,0.0,5.742,0,2.0,0.05,309.69,-0.9238000000000001,41.4,35.536075592041016,4.98,0.0,0
47038,0.341,75.586,0.0,0.0,447.625,0.0,0.0,0.0,5.742,0,2.0,0.055,309.69,-1.2207000000000001,41.58,35.536075592041016,4.98,0.0,0
47038,0.341,75.586,0.0,0.0,447.32300000000004,0.0,0.0,0.0,5.742,0,2.0,0.06,309.825,-2.6393,41.22,35.536075592041016,4.98,0.0,0
47038,0.341,75.586,0.5,0.0,447.081,0.0,0.0,0.0,5.742,0,2.0,0.07,309.69,-3.1672000000000002,39.78,35.536075592041016,4.98,0.0,0
47038,0.512,75.586,-0.5,0.0,447.927,0.0,0.0,0.0,5.742,0,2.0,0.05,309.825,3.563,39.27,35.536075592041016,4.98,0.0,0
47038,0.0,75.586,0.0,0.0,447.806,0.0,0.0,0.0,5.742,0,2.0,0.065,309.825,0.7918000000000001,38.31,35.536075592041016,4.98,0.0,0
47038,0.0,75.586,0.0,0.0,447.504,0.0,0.0,0.0,5.742,0,2.0,0.06,309.69,-1.9795,38.43,35.536075592041016,4.98,0.0,0
47038,-0.171,75.586,-0.5,0.0,447.202,0.0,0.0,0.0,5.742,0,1.0,0.065,309.825,0.7918000000000001,38.160000000000004,35.536075592041016,4.98,0.0,0
47038,0.341,75.586,0.0,0.0,447.625,0.0,0.0,0.0,5.742,0,2.0,0.08,309.69,0.0,38.76,35.536075592041016,4.98,0.0,0
47038,-0.171,75.586,0.0,0.0,447.383,0.0,0.0,0.0,5.742,0,2.0,0.06,309.69,-1.5836000000000001,38.730000000000004,35.536075592041016,4.98,0.0,0
47038,0.341,75.586,0.0,0.0,447.262,0.0,0.0,0.0,5.742,0,3.0,0.055,309.915,2.7713,39.51,35.536075592041016,4.98,0.0,0
47038,0.0,75.586,0.0,0.0,447.383,0.0,0.0,0.0,5.742,0,2.0,0.055,309.825,2.0125,40.08,35.536075592041016,4.98,0.0,0
47038,0.171,75.586,0.0,0.0,447.564,0.0,0.0,0.0,5.742,0,3.0,0.055,309.825,-1.7155,40.5,35.536075592041016,4.98,0.0,0
47038,0.0,75.586,0.0,0.0,447.746,0.0,0.0,0.0,5.742,0,3.0,0.055,309.69,-4.8497,39.87,35.536075592041016,4.98,0.0,0
47038,0.0,75.586,0.0,0.0,447.32300000000004,0.0,0.0,0.0,5.742,0,1.0,0.07,309.69,-3.9589000000000003,39.81,35.536075592041016,4.98,0.0,0
47038,-0.171,75.586,0.0,0.0,447.383,0.0,0.0,0.0,5.742,0,3.0,0.05,309.825,3.9589000000000003,39.81,35.536075592041016,4.98,0.0,0
47038,0.341,75.586,0.0,0.0,447.625,0.0,0.0,0.0,5.742,0,3.0,0.06,309.825,3.9589000000000003,39.45,35.536075592041016,4.98,0.0,0
47038,0.171,75.586,0.0,0.0,447.32300000000004,0.0,0.0,0.0,5.742,0,3.0,0.075,309.69,-3.9589000000000003,38.37,35.536075592041016,4.98,0.0,0
47038,0.0,75.586,0.5,0.0,447.564,0.0,0.0,0.0,5.742,0,2.0,0.055,309.69,-2.6393,37.77,35.536075592041016,4.98,0.0,0
47038,0.0,75.586,-0.5,0.0,447.444,0.0,0.0,0.0,5.742,0,2.0,0.075,309.825,1.3196,37.5,35.536075592041016,4.98,0.0,0
47038,0.341,75.586,0.0,0.0,447.081,0.0,0.0,0.0,5.742,0,3.0,0.055,309.69,-1.4516,37.56,35.536075592041016,4.98,0.0,0
47038,-0.171,75.586,0.5,0.0,447.202,0.0,0.0,0.0,5.742,0,2.0,0.055,309.69,0.2639,37.77,35.536075592041016,4.98,0.0,0
47038,0.341,75.586,0.0,0.0,447.806,0.0,0.0,0.0,5.742,0,3.0,0.07,309.69,-1.0557,38.730000000000004,35.536075592041016,4.98,0.0,0
47038,0.171,75.586,0.0,0.0,447.685,0.0,0.0,0.0,5.742,0,2.0,0.05,309.825,-4.0579,39.93,35.536075592041016,4.98,0.0,0
47038,0.0,75.586,-0.5,0.0,447.564,0.0,0.0,0.0,5.742,0,2.0,0.08,309.825,1.9795,39.81,35.536075592041016,4.98,0.0,0
47038,0.512,75.586,0.0,0.0,447.444,0.0,0.0,0.0,5.742,0,3.0,0.055,309.69,1.5836000000000001,39.75,35.536075592041016,4.98,0.0,0
47038,0.171,75.586,0.0,0.0,447.081,0.0,0.0,0.0,5.742,0,3.0,0.06,309.69,-2.3754,39.81,35.536075592041016,4.98,0.0,0
47038,0.0,75.586,0.5,0.0,447.504,0.0,0.0,0.0,5.742,0,3.0,0.06,309.69,-3.8600000000000003,39.27,35.536075592041016,4.98,0.0,0
47038,0.341,75.586,0.0,0.0,447.746,0.0,0.0,0.0,5.742,0,3.0,0.055,309.69,-1.9795,39.12,35.536075592041016,4.98,0.0,0
47038,0.0,75.586,0.0,0.0,447.444,0.0,0.0,0.0,5.742,0,2.0,0.055,309.69,3.9589000000000003,38.49,35.536075592041016,4.98,0.0,0
47038,0.0,75.586,0.0,0.0,447.564,0.0,0.0,0.0,5.742,0,2.0,0.06,309.69,3.2991,37.38,35.536075592041016,4.98,0.0,0
47038,0.0,75.586,-0.5,0.0,447.746,0.0,0.0,0.0,5.742,0,1.0,0.055,309.69,-2.3754,36.15,35.536075592041016,4.98,0.0,0
47038,0.171,75.586,0.0,0.0,447.806,0.0,0.0,0.0,5.742,0,1.0,0.06,309.69,-1.7155,36.21,35.536075592041016,4.98,0.0,0
47038,0.341,75.586,0.0,0.0,447.806,0.0,0.0,0.0,5.742,0,2.0,0.06,309.825,-1.6743000000000001,36.300000000000004,35.536075592041016,4.98,0.0,0
47038,0.0,75.586,0.0,0.0,447.564,0.0,0.0,0.0,5.742,0,3.0,0.045,309.825,2.9445,37.62,35.536075592041016,4.98,0.0,0
47038,0.0,75.586,-0.5,0.0,447.32300000000004,0.0,0.0,0.0,5.742,0,3.0,0.075,309.825,2.1527000000000003,39.03,35.536075592041016,4.98,0.0,0
47038,0.171,75.586,0.0,0.0,447.444,0.0,0.0,0.0,5.742,0,2.0,0.075,309.825,-2.1362,40.5,35.536075592041016,4.98,0.0,0
47038,0.341,75.586,0.5,0.0,447.32300000000004,0.0,0.0,0.2,5.742,0,2.0,0.065,309.825,-2.0455,40.980000000000004,35.536075592041016,4.98,0.0,0
47038,0.0,75.586,0.0,0.0,447.444,0.0,0.0,0.0,5.742,0,2.0,0.05,309.825,0.5691,40.14,35.536075592041016,4.98,0.0,0
47038,0.341,75.586,0.0,0.0,447.202,0.0,0.0,0.0,5.742,0,2.0,0.07,309.825,0.19790000000000002,39.09,35.536075592041016,4.98,0.0,0
47038,0.341,75.586,0.5,0.0,447.141,0.0,0.0,0.0,5.742,0,2.0,0.065,309.69,-0.17320000000000002,38.31,35.536075592041016,4.98,0.0,0
47038,0.512,75.586,0.5,0.0,447.262,0.0,0.0,0.0,5.742,0,3.0,0.055,309.825,-0.5938,38.37,35.536075592041016,4.98,0.0,0
47038,0.171,75.586,0.5,0.0,447.383,0.0,0.0,0.0,5.742,0,1.0,0.065,309.69,-0.9650000000000001,37.95,35.536075592041016,4.98,0.0,0
47038,0.341,75.586,0.0,0.0,447.202,0.0,0.0,0.0,5.742,0,2.0,0.065,309.69,0.7918000000000001,37.53,35.536075592041016,4.98,0.0,0
47038,0.171,75.586,0.0,0.0,447.262,0.0,0.0,0.0,5.742,0,2.0,0.06,309.69,-2.3506,36.9,35.536075592041016,4.98,0.0,0
47038,0.171,75.586,0.0,0.0,447.262,0.0,0.0,0.0,5.742,0,2.0,0.05,309.825,-0.42060000000000003,36.660000000000004,35.536075592041016,4.98,0.0,0
47038,0.171,75.586,0.0,0.0,447.564,0.0,0.0,0.0,5.742,0,2.0,0.07,309.69,-1.1629,37.800000000000004,35.536075592041016,4.98,0.0,0
47038,0.341,75.586,0.0,0.0,447.202,0.0,0.0,0.0,5.742,0,2.0,0.045,309.69,3.761,39.54,35.536075592041016,4.98,0.0,0
47038,0.0,75.586,0.0,0.0,447.262,0.0,0.0,0.0,5.742,0,2.0,0.05,309.825,2.1527000000000003,40.14,35.536075592041016,4.98,0.0,0
47038,0.0,75.586,0.5,0.0,447.444,0.0,0.0,0.0,5.742,0,1.0,0.07,309.69,1.9135000000000002,39.69,35.536075592041016,4.98,0.0,0
47038,0.0,75.586,0.0,0.0,447.806,0.0,0.0,0.0,5.742,0,4.0,0.065,309.825,-0.39590000000000003,38.82,35.536075592041016,4.98,0.0,0
47038,0.171,75.586,0.0,0.0,447.625,0.0,0.0,0.0,5.742,0,3.0,0.065,309.69,-3.4723,38.28,35.536075592041016,4.98,0.0,0
47038,0.0,75.586,0.0,0.0,447.564,0.0,0.0,0.0,5.742,0,2.0,0.065,309.825,2.0620000000000003,37.56,35.536075592041016,4.98,0.0,0
47038,0.341,75.586,0.0,0.0,447.625,0.0,0.0,0.0,5.742,0,2.0,0.06,309.825,-0.19790000000000002,37.62,35.536075592041016,4.98,0.0,0
47038,0.0,75.586,-0.5,0.0,447.262,0.0,0.0,0.0,5.742,0,3.0,0.065,309.825,0.767,37.92,35.536075592041016,4.98,0.0,0
47038,0.0,75.586,0.0,0.0,447.081,0.0,0.0,0.0,5.742,0,3.0,0.05,309.825,-0.9897,37.5,35.536075592041016,4.98,0.0,0
47038,0.0,75.586,0.0,0.0,447.02,0.0,0.0,0.0,5.742,0,2.0,0.055,309.825,2.1527000000000003,36.72,35.536075592041016,4.98,0.0,0
47038,0.171,75.586,0.5,0.0,447.444,0.0,0.0,0.0,5.742,0,2.0,0.055,309.825,3.563,36.6,35.536075592041016,4.98,0.0,0
47038,0.0,75.586,-0.5,0.0,447.625,0.0,0.0,0.0,5.742,0,2.0,0.075,309.915,0.0247,36.84,35.536075592041016,4.98,0.0,0
47038,0.0,75.586,-0.5,0.0,447.32300000000004,0.0,0.0,-0.2,5.742,0,2.0,0.045,309.825,0.46190000000000003,37.53,35.536075592041016,4.98,0.0,0
47038,0.0,75.586,0.0,0.0,447.141,0.0,0.0,0.0,5.742,0,1.0,0.065,309.69,-3.2084,38.94,35.536075592041016,4.98,0.0,0
47038,0.0,75.586,0.0,0.0,447.02,0.0,0.0,0.0,5.742,0,2.0,0.05,309.915,-4.6848,40.17,35.536075592041016,4.98,0.0,0
47038,0.0,75.586,0.0,0.0,447.32300000000004,0.0,0.0,0.0,5.742,0,2.0,0.065,309.69,-1.2289,39.39,35.536075592041016,4.98,0.0,0
47038,0.0,75.586,-0.5,0.0,447.32300000000004,0.0,0.0,0.0,5.742,0,1.0,0.055,309.825,-0.6186,38.730000000000004,35.536075592041016,4.98,0.0,0
47038,0.171,75.586,0.0,0.0,447.32300000000004,0.0,0.0,0.0,5.742,0,2.0,0.055,309.825,-0.6268,38.64,35.536075592041016,4.98,0.0,0
47038,0.171,75.586,0.0,0.0,447.625,0.0,0.0,0.0,5.742,0,3.0,0.065,309.825,0.9238000000000001,38.04,35.536075592041016,4.98,0.0,0
47038,-0.171,75.586,0.0,0.0,447.625,0.0,0.0,0.0,5.742,0,2.0,0.075,309.825,3.0682,37.89,35.536075592041016,4.98,0.0,0
47038,0.171,75.586,0.0,0.0,447.262,0.0,0.0,0.0,5.742,0,3.0,0.04,309.825,-1.3196,37.59,35.536075592041016,4.98,0.0,0
47038,-0.171,75.586,0.0,0.0,447.081,0.0,0.0,0.0,5.742,0,3.0,0.05,309.69,-0.165,37.95,35.536075592041016,4.98,0.0,0
47038,0.0,75.586,0.0,0.0,447.625,0.0,0.0,0.0,5.742,0,3.0,0.06,309.825,1.4516,37.53,35.536075592041016,4.98,0.0,0
47038,0.171,75.586,0.5,0.0,447.444,0.0,0.0,0.0,5.742,0,2.0,0.06,309.69,0.6268,36.9,35.536075592041016,4.98,0.0,0
47038,0.341,75.586,0.5,0.0,447.444,0.0,0.0,0.0,5.742,0,2.0,0.06,309.69,-1.1877,36.39,35.536075592041016,4.98,0.0,0
47038,0.512,75.586,0.0,0.0,447.806,0.0,0.0,0.0,5.742,0,2.0,0.06,309.69,-5.4435,37.17,35.536075592041016,4.98,0.0,0
47038,0.341,75.586,0.0,0.0,447.564,0.0,0.0,0.0,5.742,0,1.0,0.065,309.825,0.7918000000000001,39.18,35.536075592041016,4.98,0.0,0
47038,0.0,75.586,0.0,0.0,447.806,0.0,0.0,0.0,5.742,0,2.0,0.07,309.825,3.8600000000000003,40.08,35.536075592041016,4.98,0.0,0
47038,0.171,75.586,0.0,0.0,447.746,0.0,0.0,0.0,5.742,0,2.0,0.06,309.69,1.5836000000000001,39.99,35.536075592041016,4.98,0.0,0
47038,0.0,75.586,0.0,0.0,447.625,0.0,0.0,0.0,5.742,0,2.0,0.065,309.69,-2.2764,39.54,35.536075592041016,4.98,0.0,0
47038,0.171,75.586,0.0,0.0,447.504,0.0,0.0,0.0,5.742,0,1.0,0.055,309.825,0.39590000000000003,38.910000000000004,35.536075592041016,4.98,0.0,0
47038,0.171,75.586,-0.5,0.0,447.202,0.0,0.0,0.0,5.742,0,2.0,0.075,309.825,4.651800000000001,38.01,35.536075592041016,4.98,0.0,0
47038,0.0,75.586,0.0,0.0,447.32300000000004,0.0,0.0,0.0,5.742,0,2.0,0.055,309.69,-1.9795,37.62,35.536075592041016,4.98,0.0,0
47038,0.341,75.586,0.0,0.0,447.262,0.0,0.0,0.0,5.742,0,3.0,0.055,309.69,-3.8600000000000003,37.230000000000004,35.536075592041016,4.98,0.0,0
47038,0.341,75.586,0.0,0.0,447.02,0.0,0.0,0.2,5.742,0,1.0,0.055,309.825,2.3754,37.38,35.536075592041016,4.98,0.0,0
47038,0.0,75.586,0.0,0.0,447.262,0.0,0.0,0.0,5.742,0,2.0,0.065,309.825,2.2764,37.68,35.536075592041016,4.98,0.0,0
47038,-0.171,75.586,-0.5,0.0,447.202,0.0,0.0,0.0,5.742,0,3.0,0.065,309.69,-2.3754,38.82,35.536075592041016,4.98,0.0,0
47038,0.341,75.586,0.5,0.0,447.444,0.0,0.0,0.0,5.742,0,3.0,0.06,309.825,-1.5836000000000001,39.39,35.536075592041016,4.98,0.0,0
47038,0.171,75.586,0.0,0.0,447.625,0.0,0.0,0.0,5.742,0,2.0,0.055,309.69,-1.9795,39.75,35.536075592041016,4.98,0.0,0
47038,0.171,75.586,0.0,0.0,447.625,0.0,0.0,0.0,5.742,0,2.0,0.05,309.825,-0.099,39.81,35.536075592041016,4.98,0.0,0
47038,0.341,75.586,0.5,0.0,447.564,0.0,0.0,0.0,5.742,0,2.0,0.06,309.69,0.0,39.96,35.536075592041016,4.98,0.0,0
47038,0.512,75.586,0.5,0.0,447.32300000000004,0.0,0.0,0.0,5.742,0,1.0,0.05,309.69,-0.7918000000000001,40.11,35.536075592041016,4.98,0.0,0
47038,0.341,75.586,0.5,0.0,447.504,0.0,0.0,0.0,5.742,0,2.0,0.06,309.825,0.39590000000000003,39.36,35.536075592041016,4.98,0.0,0
47038,0.0,75.586,0.0,0.0,447.746,0.0,0.0,0.0,5.742,0,2.0,0.06,309.915,5.641500000000001,38.910000000000004,35.536075592041016,4.98,0.0,0
47038,0.0,75.586,0.0,0.0,447.685,0.0,0.0,0.0,5.742,0,2.0,0.04,309.825,1.5836000000000001,38.19,35.536075592041016,4.98,0.0,0
47038,0.341,75.586,0.0,0.0,447.625,0.0,0.0,0.0,5.742,0,2.0,0.07,309.69,-4.3878,37.86,35.536075592041016,4.98,0.0,0
47038,0.0,75.586,-0.5,0.0,447.625,0.0,0.0,0.0,5.742,0,2.0,0.06,309.825,-1.4516,37.86,35.536075592041016,4.98,0.0,0
47038,0.341,75.586,0.0,0.0,447.867,0.0,0.0,0.0,5.742,0,2.0,0.06,309.825,-1.5836000000000001,38.04,35.536075592041016,4.98,0.0,0
47038,0.0,75.586,0.5,0.0,447.867,0.0,0.0,0.0,5.742,0,2.0,0.05,309.825,-0.7918000000000001,38.13,35.536075592041016,4.98,0.0,0
47038,0.171,75.586,0.5,0.0,447.867,0.0,0.0,0.0,5.742,0,3.0,0.06,309.825,-0.0247,39.0,35.536075592041016,4.98,0.0,0
47038,0.171,75.586,-0.5,0.0,447.867,0.0,0.0,0.0,5.742,0,3.0,0.055,309.69,-0.5691,39.06,35.536075592041016,4.98,0.0,0
47038,0.171,75.586,0.5,0.0,447.625,0.0,0.0,0.0,5.742,0,2.0,0.07,309.825,0.19790000000000002,39.99,35.536075592041016,4.98,0.0,0
47038,0.171,75.586,0.0,0.0,447.504,0.0,0.0,0.0,5.742,0,0.0,0.065,309.69,1.3856000000000002,40.56,35.536075592041016,4.98,0.0,0
47038,0.512,75.586,0.0,0.0,447.685,0.0,0.0,0.0,5.742,0,2.0,0.05,309.825,-3.1919,40.26,35.536075592041016,4.98,0.0,0
47038,0.171,75.586,0.0,0.0,447.746,0.0,0.0,0.0,5.742,0,1.0,0.04,309.69,-3.7363000000000004,39.96,35.536075592041016,4.98,0.0,0
47038,0.341,75.586,0.5,0.0,447.625,0.0,0.0,0.0,5.742,0,3.0,0.06,309.69,-0.5938,39.72,35.536075592041016,4.98,0.0,0
47038,0.171,75.586,-0.5,0.0,447.625,0.0,0.0,0.0,5.742,0,2.0,0.075,309.825,-0.42060000000000003,38.58,35.536075592041016,4.98,0.0,0
47038,0.0,75.586,0.0,0.0,447.806,0.0,0.0,0.0,5.742,0,1.0,0.045,309.825,4.726,37.89,35.536075592041016,4.98,0.0,0
47038,0.0,75.586,-0.5,0.0,447.625,0.0,0.0,0.0,5.742,0,2.0,0.07,309.825,2.2187,36.72,35.536075592041016,4.98,0.0,0
47038,0.171,75.586,0.5,0.0,447.141,0.0,0.0,0.0,5.742,0,2.0,0.06,309.69,-1.0310000000000001,36.78,35.536075592041016,4.98,0.0,0
47038,0.171,75.586,0.0,0.0,447.383,0.0,0.0,0.0,5.742,0,0.0,0.06,309.825,-1.0145,38.1,35.536075592041016,4.98,0.0,0
47038,-0.171,75.586,0.5,0.0,447.685,0.0,0.0,0.0,5.742,0,1.0,0.06,309.69,-2.1527000000000003,39.54,35.536075592041016,4.98,0.0,0
47038,0.0,75.586,0.5,0.0,447.685,0.0,0.0,0.0,5.742,0,2.0,0.075,309.69,-1.1629,40.5,35.536075592041016,4.98,0.0,0
47038,0.171,75.586,0.0,0.0,447.141,0.0,0.0,0.0,5.742,0,2.0,0.055,309.825,-2.7713,40.53,35.536075592041016,4.98,0.0,0
47038,0.0,75.586,0.0,0.0,447.444,0.0,0.0,0.0,5.742,0,3.0,0.06,309.825,4.9487000000000005,40.71,35.536075592041016,4.98,0.0,0
47038,-0.171,75.586,-0.5,0.0,447.625,0.0,0.0,0.0,5.742,0,2.0,0.05,309.69,6.1364,40.59,35.536075592041016,4.98,0.0,0
47038,0.171,75.586,-0.5,0.0,447.746,0.0,0.0,0.0,5.742,0,3.0,0.06,309.825,-0.7505000000000001,40.38,35.536075592041016,4.98,0.0,0
47038,0.512,75.586,0.0,0.0,447.867,0.0,0.0,0.0,5.742,0,3.0,0.06,309.825,-3.4311000000000003,39.57,35.536075592041016,4.98,0.0,0
47038,0.341,75.586,0.5,0.0,447.685,0.0,0.0,0.0,5.742,0,3.0,0.035,309.69,-2.3506,38.82,35.536075592041016,4.98,0.0,0
47038,0.341,75.586,0.0,0.0,447.806,0.0,0.0,0.0,5.742,0,2.0,0.055,309.825,-4.1569,38.4,35.536075592041016,4.98,0.0,0
47038,0.0,75.586,0.5,0.0,447.504,0.0,0.0,0.0,5.742,0,2.0,0.075,309.825,3.1424000000000003,37.86,35.536075592041016,4.98,0.0,0
47038,0.0,75.586,0.0,0.0,447.262,0.0,0.0,0.0,5.742,0,1.0,0.07,309.69,0.5938,37.56,35.536075592041016,4.98,0.0,0
47038,0.341,75.586,-0.5,0.0,447.504,0.0,0.0,0.0,5.742,0,2.0,0.075,309.825,0.43710000000000004,38.25,35.536075592041016,4.98,0.0,0
47038,0.0,75.586,-0.5,0.0,447.625,0.0,0.0,0.0,5.742,0,2.0,0.05,309.69,1.7403000000000002,39.87,35.536075592041016,4.98,0.0,0
47038,0.0,75.586,0.5,0.0,447.444,0.0,0.0,0.0,5.742,0,2.0,0.06,309.825,2.4166000000000003,41.4,35.536075592041016,4.98,0.0,0
47038,0.171,75.586,0.0,0.0,447.625,0.0,0.0,0.0,5.742,0,2.0,0.055,309.825,2.9032,41.67,35.536075592041016,4.98,0.0,0
47038,0.0,75.586,0.0,0.0,447.625,0.0,0.0,0.0,5.742,0,2.0,0.045,309.825,-0.7918000000000001,40.83,35.536075592041016,4.98,0.0,0
47038,0.0,75.586,0.0,0.0,447.383,0.0,0.0,0.0,5.742,0,2.0,0.05,309.69,-0.9650000000000001,40.26,35.536075592041016,4.98,0.0,0
47038,0.0,75.586,0.0,0.0,447.444,0.0,0.0,0.0,5.742,0,2.0,0.055,309.825,-1.7815,39.96,35.536075592041016,4.98,0.0,0
47038,-0.171,75.586,0.0,0.0,447.444,0.0,0.0,0.0,5.742,0,3.0,0.06,309.825,-1.1877,39.84,35.536075592041016,4.98,0.0,0
47038,0.171,75.586,0.0,0.0,447.746,0.0,0.0,0.0,5.742,0,2.0,0.07,309.825,2.3754,39.24,35.536075592041016,4.98,0.0,0
47038,0.0,75.586,-0.5,0.0,447.625,0.0,0.0,0.0,5.742,0,2.0,0.065,309.915,6.8622000000000005,39.18,35.536075592041016,4.98,0.0,0
47038,0.0,75.586,0.0,0.0,447.383,0.0,0.0,0.0,5.742,0,4.0,0.055,309.69,-4.3878,38.52,35.536075592041016,4.98,0.0,0
47038,0.171,75.586,0.5,0.0,447.383,0.0,0.0,0.0,5.742,0,3.0,0.045,309.69,-7.1261,38.550000000000004,35.536075592041016,4.98,0.0,0
47038,0.341,75.586,0.0,0.0,447.383,0.0,0.0,0.0,5.742,0,2.0,0.04,309.69,-0.8908,38.01,35.536075592041016,4.98,0.0,0
47038,0.512,75.586,0.0,0.0,447.685,0.0,0.0,0.0,5.742,0,2.0,0.055,309.69,1.9795,38.550000000000004,35.536075592041016,4.98,0.0,0
47038,0.171,75.586,0.0,0.0,447.927,0.0,0.0,0.2,5.742,0,2.0,0.055,309.915,-1.4846000000000001,39.87,35.536075592041016,4.98,0.0,0
47038,0.341,75.586,0.5,0.0,447.625,0.0,0.0,0.0,5.742,0,2.0,0.06,309.69,0.0,40.89,35.536075592041016,4.98,0.0,0
47038,0.512,75.586,0.0,0.0,447.262,0.0,0.0,0.0,5.742,0,3.0,0.055,309.69,2.6393,41.31,35.536075592041016,4.98,0.0,0
47038,0.0,75.586,0.0,0.0,447.444,0.0,0.0,0.2,5.742,0,2.0,0.05,309.69,-2.6393,40.95,35.536075592041016,4.98,0.0,0
47038,0.0,75.586,-0.5,0.0,447.564,0.0,0.0,0.0,5.742,0,2.0,0.055,309.825,1.4846000000000001,39.93,35.536075592041016,4.98,0.0,0
47038,0.512,75.586,-0.5,0.0,447.262,0.0,0.0,0.0,5.742,0,4.0,0.09,309.69,1.1877,39.06,35.536075592041016,4.98,0.0,0
47038,0.171,75.586,0.5,0.0,447.262,0.0,0.0,0.0,5.742,0,2.0,0.06,309.69,-0.7918000000000001,39.63,35.536075592041016,4.98,0.0,0
47038,0.341,75.586,0.0,0.0,447.32300000000004,0.0,0.0,0.0,5.742,0,3.0,0.06,309.69,-4.7507,38.43,35.536075592041016,4.98,0.0,0
47038,0.0,75.586,0.0,0.0,447.383,0.0,0.0,0.0,5.742,0,1.0,0.05,309.915,0.8908,38.4,35.536075592041016,4.98,0.0,0
47038,0.171,75.586,0.0,0.0,447.625,0.0,0.0,0.0,5.742,0,1.0,0.05,309.69,1.0557,37.77,35.536075592041016,4.98,0.0,0
47038,0.171,75.586,0.5,0.0,447.504,0.0,0.0,0.0,5.742,0,3.0,0.065,309.915,3.5301,37.92,35.536075592041016,4.98,0.0,0
47038,0.171,75.586,-0.5,0.0,447.625,0.0,0.0,0.0,5.742,0,3.0,0.06,309.69,-1.3196,39.24,35.536075592041016,4.98,0.0,0
47038,0.0,75.586,-0.5,0.0,447.32300000000004,0.0,0.0,0.0,5.742,0,3.0,0.055,309.69,-5.2786,40.32,35.536075592041016,4.98,0.0,0
47038,0.171,75.586,-0.5,0.0,447.444,0.0,0.0,0.0,5.742,0,2.0,0.05,309.825,-3.1672000000000002,41.160000000000004,35.536075592041016,4.98,0.0,0
47038,0.341,75.586,-0.5,0.0,447.444,0.0,0.0,0.0,5.742,0,2.0,0.055,309.825,4.651800000000001,41.25,35.536075592041016,4.98,0.0,0
47038,0.0,75.586,0.5,0.0,447.444,0.0,0.0,0.0,5.742,0,1.0,0.055,309.69,3.6950000000000003,39.96,35.536075592041016,4.98,0.0,0
47038,0.171,75.586,0.5,0.0,447.202,0.0,0.0,0.0,5.742,0,2.0,0.065,309.69,-1.4846000000000001,38.550000000000004,35.536075592041016,4.98,0.0,0
47038,0.171,75.586,0.0,0.0,447.081,0.0,0.0,0.0,5.742,0,2.0,0.055,309.69,-1.0557,38.31,35.536075592041016,4.98,0.0,0
47038,0.0,75.586,0.0,0.0,447.081,0.0,0.0,0.0,5.742,0,3.0,0.045,309.825,-0.39590000000000003,38.25,35.536075592041016,4.98,0.0,0
47038,0.171,75.586,0.5,0.0,447.202,0.0,0.0,0.0,5.742,0,3.0,0.07,309.69,1.4516,38.19,35.536075592041016,4.98,0.0,0
47038,0.341,75.586,-0.5,0.0,447.504,0.0,0.0,0.0,5.742,0,3.0,0.055,309.69,-1.4516,38.07,35.536075592041016,4.98,0.0,0
47038,0.0,75.586,-0.5,0.0,447.444,0.0,0.0,0.0,5.742,0,3.0,0.07,309.69,-1.5836000000000001,38.43,35.536075592041016,4.98,0.0,0
47038,0.171,75.586,0.0,0.0,446.96000000000004,0.0,0.0,0.0,5.742,0,3.0,0.07,309.69,0.5938,38.85,35.536075592041016,4.98,0.0,0
47038,0.171,75.586,0.5,0.0,447.141,0.0,0.0,0.0,5.742,0,2.0,0.06,309.69,-0.5691,38.88,35.536075592041016,4.98,0.0,0
47038,0.512,75.586,0.0,0.0,447.625,0.0,0.0,0.0,5.742,0,2.0,0.06,309.825,3.1424000000000003,39.24,35.536075592041016,4.98,0.0,0
47038,0.341,75.586,-0.5,0.0,447.383,0.0,0.0,0.0,5.742,0,2.0,0.06,309.69,0.0,39.84,35.536075592041016,4.98,0.0,0
47038,0.0,75.586,0.5,0.0,447.504,0.0,0.0,0.0,5.742,0,3.0,0.055,309.69,-1.5836000000000001,40.35,35.536075592041016,4.98,0.0,0
47038,0.341,75.586,0.0,0.0,447.383,0.0,0.0,0.0,5.742,0,4.0,0.04,309.69,-0.5691,40.53,35.536075592041016,4.98,0.0,0
47038,0.171,75.586,0.5,0.0,447.625,0.0,0.0,0.0,5.742,0,2.0,0.06,309.69,-1.1877,40.62,35.536075592041016,4.98,0.0,0
47038,0.341,75.586,-0.5,0.0,447.806,0.0,0.0,0.0,5.742,0,2.0,0.065,309.825,1.7815,39.24,35.536075592041016,4.98,0.0,0
47038,0.512,75.586,0.0,0.0,447.927,0.0,0.0,0.0,5.742,0,2.0,0.045,309.825,4.5280000000000005,38.79,35.536075592041016,4.98,0.0,0
47038,0.0,75.586,-0.5,0.0,447.927,0.0,0.0,0.0,5.742,0,3.0,0.055,309.69,-0.7918000000000001,38.79,35.536075592041016,4.98,0.0,0
47038,0.171,75.586,-0.5,0.0,447.625,0.0,0.0,0.0,5.742,0,2.0,0.055,309.825,0.9897,37.83,35.536075592041016,4.98,0.0,0
47038,0.0,75.586,-0.5,0.0,447.625,0.0,0.0,0.0,5.742,0,3.0,0.065,309.825,0.5938,37.29,35.536075592041016,4.98,0.0,0
47038,0.171,75.586,0.0,0.0,447.867,0.0,0.0,0.0,5.742,0,1.0,0.075,309.825,-0.6186,37.95,35.536075592041016,4.98,0.0,0
47038,0.0,75.586,0.5,0.0,447.504,0.0,0.0,0.0,5.742,0,2.0,0.055,309.69,-0.9650000000000001,38.67,35.536075592041016,4.98,0.0,0
47038,0.171,75.586,0.0,0.0,447.806,0.0,0.0,0.0,5.742,0,2.0,0.065,309.825,0.39590000000000003,39.21,35.536075592041016,4.98,0.0,0
47038,0.341,75.586,-0.5,0.0,447.927,0.0,0.0,0.0,5.742,0,1.0,0.075,309.69,-0.39590000000000003,39.33,35.536075592041016,4.98,0.0,0
47038,0.0,75.586,0.0,0.0,447.746,0.0,0.0,0.0,5.742,0,3.0,0.055,309.825,1.1629,39.57,35.536075592041016,4.98,0.0,0
47038,0.171,75.586,0.5,0.0,447.504,0.0,0.0,0.0,5.742,0,2.0,0.05,309.69,-1.1629,40.26,35.536075592041016,4.98,0.0,0
47038,0.512,75.586,0.0,0.0,447.867,0.0,0.0,0.0,5.742,0,1.0,0.055,309.825,-0.6186,39.72,35.536075592041016,4.98,0.0,0
47038,0.171,75.586,0.0,0.0,447.927,0.0,0.0,0.0,5.742,0,2.0,0.05,309.69,0.48660000000000003,39.300000000000004,35.536075592041016,4.98,0.0,0
47038,0.171,75.586,-0.5,0.0,447.625,0.0,0.0,0.0,5.742,0,3.0,0.075,309.6,2.1939,38.97,35.536075592041016,4.98,0.0,0
47038,0.512,75.586,0.0,0.0,447.625,0.0,0.0,0.0,5.742,0,3.0,0.065,309.6,0.5938,38.94,35.536075592041016,4.98,0.0,0
47038,0.0,75.586,0.0,0.0,447.625,0.0,0.0,0.0,5.742,0,1.0,0.06,309.825,-0.7918000000000001,38.49,35.536075592041016,4.98,0.0,0
47038,0.0,75.586,0.0,0.0,447.685,0.0,0.0,0.0,5.742,0,2.0,0.06,309.825,2.8043,37.71,35.536075592041016,4.98,0.0,0
47038,0.171,75.586,0.0,0.0,447.625,0.0,0.0,0.0,5.742,0,1.0,0.06,309.69,-0.7918000000000001,36.96,35.536075592041016,4.98,0.0,0
47038,-0.171,75.586,0.0,0.0,447.625,0.0,0.0,0.0,5.742,0,2.0,0.1,309.825,-1.8475000000000001,37.56,35.536075592041016,4.98,0.0,0
47038,0.0,75.586,0.0,0.0,447.625,0.0,0.0,0.0,5.742,0,3.0,0.06,309.69,0.0,38.730000000000004,35.536075592041016,4.98,0.0,0
47038,0.341,75.586,0.0,0.0,447.685,0.0,0.0,0.0,5.742,0,2.0,0.08,309.825,-0.099,39.09,35.536075592041016,4.98,0.0,0
47038,0.0,75.586,0.0,0.0,447.444,0.0,0.0,0.0,5.742,0,3.0,0.065,309.69,-1.9795,39.6,35.536075592041016,4.98,0.0,0
47038,0.0,75.586,-0.5,0.0,447.444,0.0,0.0,0.0,5.742,0,2.0,0.055,309.825,-1.6826,39.42,35.536075592041016,4.98,0.0,0
47038,0.512,75.586,0.0,0.0,447.685,0.0,0.0,0.0,5.742,0,2.0,0.05,309.915,1.0557,38.160000000000004,35.536075592041016,4.98,0.0,0
47038,0.171,75.586,0.5,0.0,447.867,0.0,0.0,0.0,5.742,0,3.0,0.05,309.69,4.486800000000001,38.4,35.536075592041016,4.98,0.0,0
47038,0.341,75.586,-0.5,0.0,447.867,0.0,0.0,0.0,5.742,0,2.0,0.06,309.825,0.0,38.43,35.536075592041016,4.98,0.0,0
47038,0.341,75.586,0.5,0.0,447.867,0.0,0.0,-0.2,5.742,0,2.0,0.055,309.69,-5.641500000000001,38.04,35.536075592041016,4.98,0.0,0
47038,0.171,75.586,-0.5,0.0,447.806,0.0,0.0,0.0,5.742,0,2.0,0.045,309.825,1.5836000000000001,37.77,35.536075592041016,4.98,0.0,0
47038,0.0,75.586,0.0,0.0,447.927,0.0,0.0,0.0,5.742,0,2.0,0.065,309.69,0.8908,37.77,35.536075592041016,4.98,0.0,0
47038,0.341,75.586,0.5,0.0,447.927,0.0,0.0,0.0,5.742,0,1.0,0.055,309.825,-2.1114,37.29,35.536075592041016,4.98,0.0,0
47038,0.171,75.586,0.0,0.0,447.564,0.0,0.0,0.0,5.742,0,1.0,0.05,309.69,-0.6928000000000001,37.44,35.536075592041016,4.98,0.0,0
47038,0.0,75.586,0.5,0.0,447.988,0.0,0.0,0.0,5.742,0,2.0,0.07,309.825,3.2991,38.97,35.536075592041016,4.98,0.0,0
47038,0.0,75.586,0.5,0.0,448.291,0.0,0.0,0.0,5.742,0,3.0,0.07,309.69,1.6826,40.410000000000004,35.536075592041016,4.98,0.0,0
47038,0.341,75.586,0.0,0.0,447.988,0.0,0.0,0.0,5.742,0,3.0,0.055,309.69,-2.5073000000000003,40.65,35.536075592041016,4.98,0.0,0
47038,0.0,75.586,0.0,0.0,447.806,0.0,0.0,0.0,5.742,0,2.0,0.07,309.69,-3.0682,40.29,35.536075592041016,4.98,0.0,0
47038,0.512,75.586,-0.5,0.0,447.927,0.0,0.0,0.0,5.742,0,3.0,0.05,309.69,3.6950000000000003,39.6,35.536075592041016,4.98,0.0,0
47038,0.0,75.586,0.0,0.0,447.927,0.0,0.0,0.0,5.742,0,3.0,0.04,309.69,3.4311000000000003,39.51,35.536075592041016,4.98,0.0,0
47038,0.171,75.586,0.0,0.0,447.746,0.0,0.0,0.0,5.742,0,2.0,0.08,309.825,3.8022,39.54,35.536075592041016,4.98,0.0,0
47038,0.341,75.586,0.0,0.0,447.625,0.0,0.0,0.0,5.742,0,2.0,0.055,309.69,1.7155,39.51,35.536075592041016,4.98,0.0,0
47038,0.171,75.586,0.0,0.0,447.988,0.0,0.0,0.0,5.742,0,2.0,0.065,309.69,-3.3651,39.480000000000004,35.536075592041016,4.98,0.0,0
47038,0.341,75.586,0.0,0.0,447.927,0.0,0.0,0.0,5.742,0,2.0,0.075,309.69,-0.5691,38.1,35.536075592041016,4.98,0.0,0
47038,0.171,75.586,0.0,0.0,447.927,0.0,0.0,0.0,5.742,0,2.0,0.08,309.69,1.0805,37.230000000000004,35.536075592041016,4.98,0.0,0
47038,0.171,75.586,-0.5,0.0,447.927,0.0,0.0,0.0,5.742,0,2.0,0.075,309.825,-0.0907,37.17,35.536075592041016,4.98,0.0,0
47038,0.171,75.586,0.5,0.0,447.625,0.0,0.0,0.0,5.742,0,2.0,0.06,309.825,4.5280000000000005,37.92,35.536075592041016,4.98,0.0,0
47038,0.341,75.586,0.5,0.0,447.867,0.0,0.0,0.0,5.742,0,2.0,0.07,309.825,2.5486,39.39,35.536075592041016,4.98,0.0,0
47038,0.171,75.586,-0.5,0.0,447.867,0.0,0.0,0.0,5.742,0,2.0,0.05,309.69,-0.5031,41.37,35.536075592041016,4.98,0.0,0
47038,0.171,75.586,0.0,0.0,447.564,0.0,0.0,0.0,5.742,0,2.0,0.06,309.69,-3.8022,41.88,35.536075592041016,4.98,0.0,0
47038,0.0,75.586,-0.5,0.0,447.564,0.0,0.0,0.0,5.742,0,3.0,0.055,309.825,-4.1569,41.52,35.536075592041016,4.98,0.0,0
47038,0.171,75.586,0.0,0.0,447.927,0.0,0.0,0.0,5.742,0,2.0,0.065,309.825,6.1116,39.81,35.536075592041016,4.98,0.0,0
47038,0.341,75.586,0.5,0.0,447.927,0.0,0.0,0.0,5.742,0,3.0,0.055,309.825,5.1219,38.550000000000004,35.536075592041016,4.98,0.0,0
47038,0.171,75.586,-0.5,0.0,448.10900000000004,0.0,0.0,0.0,5.742,0,2.0,0.065,309.825,0.0,38.46,35.536075592041016,4.98,0.0,0
47038,0.171,75.586,-0.5,0.0,447.806,0.0,0.0,0.0,5.742,0,2.0,0.065,309.825,-2.1774,38.64,35.536075592041016,4.98,0.0,0
47038,0.0,75.586,0.0,0.0,447.927,0.0,0.0,0.0,5.742,0,2.0,0.06,309.825,-0.19790000000000002,38.76,35.536075592041016,4.98,0.0,0
47038,0.0,75.586,0.5,0.0,448.048,0.0,0.0,0.0,5.742,0,1.0,0.075,309.825,-0.39590000000000003,38.34,35.536075592041016,4.98,0.0,0
47038,0.0,75.586,0.5,0.0,447.685,0.0,0.0,0.0,5.742,0,2.0,0.06,309.825,-1.9795,37.86,35.536075592041016,4.98,0.0,0
47038,0.171,75.586,0.0,0.0,447.685,0.0,0.0,0.0,5.742,0,3.0,0.055,309.825,1.9795,38.85,35.536075592041016,4.98,0.0,0
47038,0.341,75.586,0.5,0.0,447.927,0.0,0.0,0.0,5.742,0,2.0,0.085,309.825,0.39590000000000003,40.050000000000004,35.536075592041016,4.98,0.0,0
47038,0.512,75.586,0.0,0.0,447.927,0.0,0.0,0.0,5.742,0,1.0,0.065,309.825,-1.9795,40.68,35.536075592041016,4.98,0.0,0
47038,0.341,75.586,0.0,0.0,448.291,0.0,0.0,0.0,5.742,0,2.0,0.08,309.69,-1.3609,40.410000000000004,35.536075592041016,4.98,0.0,0
47038,0.171,75.586,0.0,0.0,448.291,0.0,0.0,0.0,5.742,0,0.0,0.06,309.69,-4.5280000000000005,39.6,35.536075592041016,4.98,0.0,0
47038,0.341,75.586,0.5,0.0,447.444,0.0,0.0,0.0,5.742,0,2.0,0.05,309.825,-3.563,39.45,35.536075592041016,4.98,0.0,0
47038,0.0,75.586,0.0,0.0,447.262,0.0,0.0,0.0,5.742,0,2.0,0.065,309.825,5.7157,39.660000000000004,35.536075592041016,4.98,0.0,0
47038,0.171,75.586,0.0,0.0,448.048,0.0,0.0,0.0,5.742,0,2.0,0.06,309.69,2.3754,39.69,35.536075592041016,4.98,0.0,0
47038,0.171,75.586,-0.5,0.0,448.23,0.0,0.0,0.0,5.742,0,2.0,0.06,309.825,-1.2124000000000001,39.24,35.536075592041016,4.98,0.0,0
47038,0.512,75.586,0.5,0.0,448.10900000000004,0.0,0.0,0.0,5.742,0,2.0,0.055,309.825,-1.5836000000000001,39.06,35.536075592041016,4.98,0.0,0
47038,0.171,75.586,0.5,0.0,447.927,0.0,0.0,0.0,5.742,0,2.0,0.055,309.69,-0.6928000000000001,37.68,35.536075592041016,4.98,0.0,0
47038,0.171,75.586,0.0,0.0,447.564,0.0,0.0,0.0,5.742,0,1.0,0.06,309.825,1.9795,37.29,35.536075592041016,4.98,0.0,0
47038,0.0,75.586,0.5,0.0,447.625,0.0,0.0,0.0,5.742,0,2.0,0.02,309.69,-0.6928000000000001,37.17,35.536075592041016,4.98,0.0,0
47038,0.171,75.586,0.0,0.0,447.625,0.0,0.0,0.0,5.742,0,1.0,0.07,309.6,-5.4106000000000005,38.82,35.536075592041016,4.98,0.0,0
47038,0.512,75.586,-0.5,0.0,447.625,0.0,0.0,0.0,5.742,0,2.0,0.075,309.825,1.0557,39.9,35.536075592041016,4.98,0.0,0
47038,0.0,75.586,0.0,0.0,447.927,0.0,0.0,0.0,5.742,0,2.0,0.045,309.69,1.9795,41.13,35.536075592041016,4.98,0.0,0
47038,0.171,75.586,0.5,0.0,447.746,0.0,0.0,0.0,5.742,0,0.0,0.055,309.825,-0.6928000000000001,41.64,35.536075592041016,4.98,0.0,0
47038,0.341,75.586,-0.5,0.0,448.169,0.0,0.0,0.0,5.742,0,2.0,0.055,309.69,0.0,40.59,35.536075592041016,4.98,0.0,0
47038,0.0,75.586,-0.5,0.0,448.10900000000004,0.0,0.0,0.0,5.742,0,3.0,0.025,309.69,0.7918000000000001,39.81,35.536075592041016,4.98,0.0,0
47038,0.512,75.586,-0.5,0.0,447.806,0.0,0.0,0.0,5.742,0,2.0,0.05,309.69,-2.1114,39.0,35.536075592041016,4.98,0.0,0
47038,0.512,75.586,0.5,0.0,448.048,0.0,0.0,0.0,5.742,0,2.0,0.07,309.825,1.2207000000000001,39.15,35.536075592041016,4.98,0.0,0
47038,0.171,75.586,0.0,0.0,448.10900000000004,0.0,0.0,0.0,5.742,0,3.0,0.035,309.69,1.5836000000000001,38.76,35.536075592041016,4.98,0.0,0
47038,-0.171,75.586,0.0,0.0,448.10900000000004,0.0,0.0,0.0,5.742,0,2.0,0.05,309.69,0.0,38.25,35.536075592041016,4.98,0.0,0
47038,0.171,75.586,-0.5,0.0,447.988,0.0,0.0,0.0,5.742,0,2.0,0.05,309.69,-4.3548,38.07,35.536075592041016,4.98,0.0,0
47038,0.341,75.586,-0.5,0.0,448.10900000000004,0.0,0.0,0.0,5.742,0,1.0,0.065,309.69,3.9589000000000003,38.46,35.536075592041016,4.98,0.0,0
47038,0.341,75.586,0.0,0.0,448.048,0.0,0.0,0.0,5.742,0,3.0,0.035,309.69,0.2639,39.54,35.536075592041016,4.98,0.0,0
47038,0.0,75.586,-0.5,0.0,448.23,0.0,0.0,0.0,5.742,0,2.0,0.065,309.69,-1.0557,39.99,35.536075592041016,4.98,0.0,0
47038,0.341,75.586,0.0,0.0,448.10900000000004,0.0,0.0,0.0,5.742,0,2.0,0.065,309.825,2.7713,40.38,35.536075592041016,4.98,0.0,0
47038,0.341,75.586,-0.5,0.0,447.927,0.0,0.0,0.0,5.742,0,1.0,0.085,309.825,2.2764,40.56,35.536075592041016,4.98,0.0,0
47038,0.0,75.586,0.0,0.0,447.746,0.0,0.0,0.0,5.742,0,2.0,0.055,309.69,0.0,40.980000000000004,35.536075592041016,4.98,0.0,0
47038,0.341,75.586,-0.5,0.0,447.746,0.0,0.0,0.0,5.742,0,3.0,0.055,309.69,-2.2764,40.44,35.536075592041016,4.98,0.0,0
47038,0.341,75.586,0.0,0.0,448.10900000000004,0.0,0.0,0.0,5.742,0,1.0,0.04,309.825,0.0,39.24,35.536075592041016,4.98,0.0,0
47038,0.171,75.586,0.0,0.0,448.47200000000004,0.0,0.0,0.0,5.742,0,2.0,0.11,309.69,-3.1672000000000002,38.19,35.536075592041016,4.98,0.0,0
47038,0.171,75.586,0.5,0.0,448.47200000000004,0.0,0.0,0.0,5.742,0,2.0,0.1,309.69,0.7918000000000001,37.68,35.536075592041016,4.98,0.0,0
47038,0.341,75.586,0.0,0.0,448.351,0.0,0.0,0.0,5.742,0,3.0,0.075,309.825,5.0147,37.95,35.536075592041016,4.98,0.0,0
47038,0.341,75.586,0.0,0.0,448.10900000000004,0.0,0.0,0.0,5.742,0,3.0,0.055,309.825,1.7155,38.04,35.536075592041016,4.98,0.0,0
47038,0.0,75.586,0.0,0.0,448.10900000000004,0.0,0.0,0.0,5.742,0,3.0,0.075,309.825,-1.6826,38.910000000000004,35.536075592041016,4.98,0.0,0
47038,0.341,75.586,0.0,0.0,448.351,0.0,0.0,0.0,5.742,0,4.0,0.015,309.69,-2.3754,39.51,35.536075592041016,4.98,0.0,0
47038,0.341,75.586,0.5,0.0,448.351,0.0,0.0,0.0,5.742,0,1.0,0.005,309.825,-0.7918000000000001,39.87,35.536075592041016,4.98,0.0,0
47038,0.341,75.586,0.0,0.0,448.291,0.0,0.0,0.0,5.742,0,2.0,0.04,309.69,0.0,39.78,35.536075592041016,4.98,0.0,0
47038,0.341,75.586,0.5,0.0,448.291,0.0,0.0,0.0,5.742,0,3.0,0.075,309.825,0.7918000000000001,39.78,35.536075592041016,4.98,0.0,0
47038,-0.171,75.586,0.0,0.0,448.291,0.0,0.0,0.0,5.742,0,1.0,0.055,309.69,-0.19790000000000002,40.02,35.536075592041016,4.98,0.0,0
47038,0.341,75.586,0.0,0.0,448.10900000000004,0.0,0.0,0.0,5.742,0,3.0,0.045,309.915,-3.4476,40.2,35.536075592041016,4.98,0.0,0
47038,0.171,75.586,0.0,0.0,447.927,0.0,0.0,0.0,5.742,0,3.0,0.09,309.825,2.2846,40.35,35.536075592041016,4.98,0.0,0
47038,0.512,75.586,0.5,0.0,448.291,0.0,0.0,0.0,5.742,0,2.0,0.035,309.915,3.2579000000000002,38.88,35.536075592041016,4.98,0.0,0
47038,0.341,75.586,0.5,0.0,448.23,0.0,0.0,0.0,5.742,0,3.0,0.065,309.825,-2.7960000000000003,36.84,35.536075592041016,4.98,0.0,0
47038,0.0,75.586,0.5,0.0,448.10900000000004,0.0,0.0,0.0,5.742,0,3.0,0.045,309.69,1.2124000000000001,36.12,35.536075592041016,4.98,0.0,0
47038,0.171,75.586,0.5,0.0,448.169,0.0,0.0,0.0,5.742,0,2.0,0.065,309.915,-1.4269,35.94,35.536075592041016,4.98,0.0,0
47038,0.341,75.586,0.5,0.0,448.23,0.0,0.0,0.0,5.742,0,2.0,0.055,309.915,-1.6661000000000001,37.53,35.536075592041016,4.98,0.0,0
47038,0.0,75.586,0.5,0.0,448.10900000000004,0.0,0.0,0.0,5.742,0,2.0,0.04,309.69,2.664,39.24,35.536075592041016,4.98,0.0,0
47038,0.512,75.586,0.0,0.0,448.169,0.0,0.0,0.0,5.742,0,2.0,0.12,309.69,-5.6992,40.44,35.536075592041016,4.98,0.0,0
47038,0.171,75.586,0.5,0.0,448.23,0.0,0.0,0.0,5.742,0,2.0,0.055,309.825,-3.1012,40.53,35.536075592041016,4.98,0.0,0
47038,0.341,75.586,0.0,0.0,447.988,0.0,0.0,0.0,5.742,0,1.0,0.07,309.69,2.5073000000000003,39.480000000000004,35.536075592041016,4.98,0.0,0
47038,0.171,75.586,0.0,0.0,447.867,0.0,0.0,0.0,5.742,0,2.0,0.055,309.69,-1.6661000000000001,38.730000000000004,35.536075592041016,4.98,0.0,0
47038,0.171,75.586,0.5,0.0,447.867,0.0,0.0,0.0,5.742,0,2.0,0.025,309.69,-0.5691,38.76,35.536075592041016,4.98,0.0,0
47038,0.0,75.586,0.0,0.0,447.927,0.0,0.0,0.0,5.742,0,2.0,0.06,309.69,-1.097,38.910000000000004,35.536075592041016,4.98,0.0,0
47038,0.341,75.586,0.5,0.0,448.351,0.0,0.0,0.0,5.742,0,2.0,0.06,309.6,0.2144,39.15,35.536075592041016,4.98,0.0,0
47038,0.341,75.586,0.0,0.0,448.10900000000004,0.0,0.0,0.0,5.742,0,3.0,0.04,309.69,1.6496000000000002,38.79,35.536075592041016,4.98,0.0,0
47038,0.171,75.586,-0.5,0.0,447.927,0.0,0.0,0.0,5.742,0,2.0,0.075,309.825,2.1527000000000003,37.410000000000004,35.536075592041016,4.98,0.0,0
47038,0.341,75.586,0.0,0.0,448.10900000000004,0.0,0.0,0.0,5.742,0,3.0,0.055,309.825,5.2786,36.69,35.536075592041016,4.98,0.0,0
47038,0.171,75.586,0.0,0.0,448.048,0.0,0.0,0.0,5.742,0,4.0,0.065,309.825,2.1527000000000003,36.87,35.536075592041016,4.98,0.0,0
47038,0.171,75.586,0.0,0.0,448.048,0.0,0.0,0.0,5.742,0,3.0,0.13,309.69,-2.1527000000000003,38.52,35.536075592041016,4.98,0.0,0
47038,0.171,75.586,0.0,0.0,447.927,0.0,0.0,0.2,5.742,0,2.0,0.03,309.825,-2.7713,39.93,35.536075592041016,4.98,0.0,0
47038,0.171,75.586,-0.5,0.0,448.169,0.0,0.0,0.0,5.742,0,2.0,0.065,309.825,1.1877,39.57,35.536075592041016,4.98,0.0,0
47038,0.171,75.586,0.0,0.0,448.23,0.0,0.0,0.0,5.742,0,2.0,0.045,309.915,4.8415,39.480000000000004,35.536075592041016,4.98,0.0,0
47038,0.171,75.586,0.0,0.0,448.23,0.0,0.0,0.0,5.742,0,1.0,0.06,309.915,4.8497,39.51,35.536075592041016,4.98,0.0,0
47038,0.0,75.586,0.5,0.0,447.927,0.0,0.0,0.0,5.742,0,2.0,0.055,309.69,-1.9795,39.480000000000004,35.536075592041016,4.98,0.0,0
47038,0.171,75.586,-0.5,0.0,447.806,0.0,0.0,0.0,5.742,0,1.0,0.07,309.69,-2.8043,39.15,35.536075592041016,4.98,0.0,0
47038,0.341,75.586,-0.5,0.0,447.988,0.0,0.0,0.0,5.742,0,1.0,0.055,309.825,-5.1466,39.51,35.536075592041016,4.98,0.0,0
47038,0.0,75.586,0.0,0.0,447.927,0.0,0.0,0.0,5.742,0,3.0,0.03,309.825,-0.099,38.58,35.536075592041016,4.98,0.0,0
47038,0.341,75.586,0.0,0.0,447.806,0.0,0.0,0.0,5.742,0,3.0,0.075,309.69,2.9032,37.92,35.536075592041016,4.98,0.0,0
47038,0.341,75.586,-0.5,0.0,447.625,0.0,0.0,0.0,5.742,0,2.0,0.055,309.69,-0.6928000000000001,37.29,35.536075592041016,4.98,0.0,0
47038,0.341,75.586,-0.5,0.0,448.048,0.0,0.0,0.0,5.742,0,2.0,0.055,309.69,-4.0909,36.33,35.536075592041016,4.98,0.0,0
47038,0.341,75.586,-0.5,0.0,448.169,0.0,0.0,0.0,5.742,0,2.0,0.05,309.6,1.9135000000000002,36.51,35.536075592041016,4.98,0.0,0
47038,0.171,75.586,0.5,0.0,447.988,0.0,0.0,0.0,5.742,0,2.0,0.06,309.825,4.2229,38.28,35.536075592041016,4.98,0.0,0
47038,0.171,75.586,0.0,0.0,447.988,0.0,0.0,0.0,5.742,0,2.0,0.08,309.825,0.165,39.57,35.536075592041016,4.98,0.0,0
47038,0.171,75.586,0.0,0.0,448.10900000000004,0.0,0.0,0.0,5.742,0,2.0,0.05,309.825,3.0352,40.44,35.536075592041016,4.98,0.0,0
47038,0.171,75.586,0.0,0.0,448.048,0.0,0.0,0.0,5.742,0,2.0,0.045,309.825,0.7918000000000001,39.63,35.536075592041016,4.98,0.0,0
47038,0.0,75.586,0.0,0.0,447.988,0.0,0.0,0.0,5.742,0,3.0,0.055,309.825,2.3754,38.97,35.536075592041016,4.98,0.0,0
47038,0.171,75.586,0.0,0.0,448.10900000000004,0.0,0.0,0.0,5.742,0,2.0,0.055,309.825,1.0557,37.980000000000004,35.536075592041016,4.98,0.0,0
47038,0.682,75.586,0.5,0.0,448.291,0.0,0.0,0.0,5.742,0,2.0,0.04,309.69,-3.4311000000000003,37.89,35.536075592041016,4.98,0.0,0
47038,0.512,75.586,-0.5,0.0,448.291,0.0,0.0,0.0,5.742,0,2.0,0.03,309.69,-2.2764,37.800000000000004,35.536075592041016,4.98,0.0,0
47038,0.171,75.586,0.0,0.0,448.10900000000004,0.0,0.0,0.0,5.742,0,2.0,0.045,309.825,-1.9795,37.02,35.536075592041016,4.98,0.0,0
47038,0.0,75.586,0.0,0.0,447.806,0.0,0.0,0.0,5.742,0,3.0,0.09,309.69,0.7918000000000001,36.57,35.536075592041016,4.98,0.0,0
47038,0.341,75.586,0.0,0.0,447.867,0.0,0.0,0.0,5.742,0,3.0,0.045,309.825,1.5836000000000001,36.51,35.536075592041016,4.98,0.0,0
47038,0.341,75.586,0.5,0.0,447.806,0.0,0.0,0.0,5.742,0,2.0,0.085,309.825,-1.5836000000000001,37.08,35.536075592041016,4.98,0.0,0
47038,0.341,75.586,0.0,0.0,448.10900000000004,0.0,0.0,0.0,5.742,0,2.0,0.035,309.69,1.5836000000000001,37.86,35.536075592041016,4.98,0.0,0
47038,0.512,75.586,0.0,0.0,448.169,0.0,0.0,0.0,5.742,0,2.0,0.05,309.825,-1.5836000000000001,38.67,35.536075592041016,4.98,0.0,0
47038,0.341,75.586,0.0,0.0,448.048,0.0,0.0,0.0,5.742,0,2.0,0.03,309.69,-3.9589000000000003,38.7,35.536075592041016,4.98,0.0,0
47038,0.0,75.586,0.5,0.0,447.927,0.0,0.0,0.0,5.742,0,1.0,0.09,309.69,-3.1672000000000002,39.36,35.536075592041016,4.98,0.0,0
47038,0.171,75.586,0.0,0.0,447.806,0.0,0.0,0.0,5.742,0,2.0,0.055,309.825,0.0,39.36,35.536075592041016,4.98,0.0,0
47038,0.0,75.586,-0.5,0.0,447.988,0.0,0.0,0.0,5.742,0,1.0,0.055,309.69,0.7918000000000001,38.94,35.536075592041016,4.98,0.0,0
47038,0.512,75.586,0.5,0.0,448.23,0.0,0.0,0.0,5.742,0,2.0,0.075,309.915,3.4311000000000003,38.19,35.536075592041016,4.98,0.0,0
47038,0.171,75.586,0.0,0.0,447.988,0.0,0.0,0.0,5.742,0,2.0,0.085,309.825,3.6950000000000003,38.04,35.536075592041016,4.98,0.0,0
47038,0.0,75.586,0.0,0.0,447.927,0.0,0.0,0.0,5.742,0,2.0,0.11,309.69,-0.39590000000000003,37.71,35.536075592041016,4.98,0.0,0
47038,0.512,75.586,0.0,0.0,448.169,0.0,0.0,0.0,5.742,0,3.0,0.055,309.69,-4.8497,37.29,35.536075592041016,4.98,0.0,0
47038,0.512,75.586,0.5,0.0,448.169,0.0,0.0,0.0,5.742,0,2.0,0.045,309.69,-4.0497000000000005,37.35,35.536075592041016,4.98,0.0,0
47038,0.0,75.586,-0.5,0.0,448.10900000000004,0.0,0.0,0.0,5.742,0,2.0,0.035,309.69,2.2022,37.47,35.536075592041016,4.98,0.0,0
47038,0.171,75.586,0.0,0.0,447.927,0.0,0.0,0.0,5.742,0,2.0,0.065,309.69,4.024900000000001,37.56,35.536075592041016,4.98,0.0,0
47038,0.341,75.586,0.5,0.0,448.10900000000004,0.0,0.0,0.0,5.742,0,2.0,0.015,309.825,3.6043000000000003,37.800000000000004,35.536075592041016,4.98,0.0,0
47038,0.512,75.586,0.0,0.0,448.048,0.0,0.0,0.0,5.742,0,3.0,0.05,309.825,0.5938,39.27,35.536075592041016,4.98,0.0,0
47038,0.341,75.586,0.5,0.0,447.927,0.0,0.0,0.0,5.742,0,2.0,0.065,309.825,-3.2579000000000002,39.72,35.536075592041016,4.98,0.0,0
47038,0.0,75.586,0.0,0.0,447.927,0.0,0.0,0.0,5.742,0,2.0,0.12,309.69,-4.0497000000000005,39.63,35.536075592041016,4.98,0.0,0
47038,0.0,75.586,0.0,0.0,448.10900000000004,0.0,0.0,0.0,5.742,0,2.0,0.04,309.69,0.3547,39.6,35.536075592041016,4.98,0.0,0
47038,0.0,75.586,0.5,0.0,448.10900000000004,0.0,0.0,0.0,5.742,0,3.0,0.025,309.69,-1.6661000000000001,39.6,35.536075592041016,4.98,0.0,0
47038,0.341,75.586,0.0,0.0,448.47200000000004,0.0,0.0,0.0,5.742,0,2.0,0.055,309.825,-2.7960000000000003,39.18,35.536075592041016,4.98,0.0,0
47038,0.341,75.586,0.5,0.0,448.351,0.0,0.0,0.0,5.742,0,2.0,0.065,309.825,4.9487000000000005,38.31,35.536075592041016,4.98,0.0,0
47038,0.341,75.586,0.5,0.0,448.048,0.0,0.0,0.0,5.742,0,5.0,0.045,309.69,3.1672000000000002,37.71,35.536075592041016,4.98,0.0,0
47038,0.171,75.586,0.5,0.0,448.169,0.0,0.0,0.0,5.742,0,1.0,0.055,309.825,-2.5981,37.29,35.536075592041016,4.98,0.0,0
47038,0.171,75.586,0.0,0.0,448.048,0.0,0.0,0.0,5.742,0,1.0,0.065,309.69,-0.767,37.59,35.536075592041016,4.98,0.0,0
47038,0.512,75.586,0.5,0.0,447.806,0.0,0.0,0.0,5.742,0,2.0,0.035,309.6,0.23920000000000002,38.04,35.536075592041016,4.98,0.0,0
47038,0.171,75.586,0.5,0.0,448.10900000000004,0.0,0.0,0.0,5.742,0,2.0,0.095,309.69,-2.0867,38.88,35.536075592041016,4.98,0.0,0
47038,-0.171,75.586,0.5,0.0,448.23,0.0,0.0,0.0,5.742,0,2.0,0.06,309.69,0.46190000000000003,39.6,35.536075592041016,4.98,0.0,0
47038,0.171,75.586,0.5,0.0,447.927,0.0,0.0,0.0,5.742,0,2.0,0.06,309.69,0.2474,39.51,35.536075592041016,4.98,0.0,0
47038,0.0,75.586,0.0,0.0,447.988,0.0,0.0,0.0,5.742,0,2.0,0.055,309.825,1.7815,39.36,35.536075592041016,4.98,0.0,0
47038,0.512,75.586,0.5,0.0,448.169,0.0,0.0,0.0,5.742,0,2.0,0.045,309.825,8.0251,39.96,35.536075592041016,4.98,0.0,0
47038,0.171,75.586,0.0,0.0,448.291,0.0,0.0,0.0,5.742,0,2.0,0.055,309.825,5.1879,40.050000000000004,35.536075592041016,4.98,0.0,0
47038,0.0,75.586,0.0,0.0,448.291,0.0,0.0,0.0,5.742,0,2.0,0.055,309.69,-1.5588000000000002,39.27,35.536075592041016,4.98,0.0,0
47038,0.512,75.586,-0.5,0.0,448.10900000000004,0.0,0.0,0.0,5.742,0,2.0,0.06,309.69,-5.2374,38.28,35.536075592041016,4.98,0.0,0
47038,0.171,75.586,0.5,0.0,448.048,0.0,0.0,0.0,5.742,0,3.0,0.045,309.69,-3.7363000000000004,37.59,35.536075592041016,4.98,0.0,0
47038,0.341,75.586,0.0,0.0,448.10900000000004,0.0,0.0,0.0,5.742,0,2.0,0.065,309.69,-0.5691,37.17,35.536075592041016,4.98,0.0,0
47038,0.171,75.586,0.5,0.0,448.23,0.0,0.0,0.0,5.742,0,2.0,0.065,309.69,-0.39590000000000003,37.050000000000004,35.536075592041016,4.98,0.0,0
47038,0.341,75.586,-0.5,0.0,448.47200000000004,0.0,0.0,0.0,5.742,0,2.0,0.09,309.825,3.0682,37.44,35.536075592041016,4.98,0.0,0
47038,0.171,75.586,0.0,0.0,448.47200000000004,0.0,0.0,0.0,5.742,0,2.0,0.08,309.69,1.1877,38.49,35.536075592041016,4.98,0.0,0
47038,0.171,75.586,0.5,0.0,448.533,0.0,0.0,0.0,5.742,0,1.0,0.08,309.915,-0.6928000000000001,39.93,35.536075592041016,4.98,0.0,0
47038,0.512,75.586,0.5,0.0,448.23,0.0,0.0,0.0,5.742,0,2.0,0.06,309.915,1.4516,40.59,35.536075592041016,4.98,0.0,0
47038,0.512,75.586,0.0,0.0,448.23,0.0,0.0,0.0,5.742,0,3.0,0.05,309.825,-0.8908,40.35,35.536075592041016,4.98,0.0,0
47038,0.341,75.586,0.5,0.0,448.291,0.0,0.0,0.0,5.742,0,3.0,0.065,309.825,-0.6598,39.45,35.536075592041016,4.98,0.0,0
47038,0.341,75.586,0.0,0.0,448.654,0.0,0.0,0.0,5.742,0,2.0,0.07,309.69,3.0682,38.7,35.536075592041016,4.98,0.0,0
47038,0.0,75.586,0.0,0.0,448.291,0.0,0.0,0.0,5.742,0,3.0,0.055,309.825,-0.9238000000000001,39.09,35.536075592041016,4.98,0.0,0
47038,0.0,75.586,0.5,0.0,448.23,0.0,0.0,0.0,5.742,0,2.0,0.08,309.825,-1.8475000000000001,38.79,35.536075592041016,4.98,0.0,0
47038,0.512,75.586,0.0,0.0,448.533,0.0,0.0,0.0,5.742,0,1.0,0.055,309.825,3.1672000000000002,38.4,35.536075592041016,4.98,0.0,0
47038,0.0,75.586,0.0,0.0,448.41200000000003,0.0,0.0,0.0,5.742,0,2.0,0.06,309.825,1.0557,37.62,35.536075592041016,4.98,0.0,0
47038,0.512,75.586,0.5,0.0,448.291,0.0,0.0,0.0,5.742,0,1.0,0.065,309.915,-2.1114,37.56,35.536075592041016,4.98,0.0,0
47038,0.341,75.586,0.5,0.0,448.169,0.0,0.0,0.0,5.742,0,1.0,0.045,309.825,-3.4311000000000003,38.13,35.536075592041016,4.98,0.0,0
47038,0.341,75.586,0.0,0.0,448.048,0.0,0.0,0.0,5.742,0,2.0,0.1,309.69,-2.2434000000000003,40.050000000000004,35.536075592041016,4.98,0.0,0
47038,0.0,75.586,0.5,0.0,448.10900000000004,0.0,0.0,0.0,5.742,0,2.0,0.075,309.825,0.5938,40.89,35.536075592041016,4.98,0.0,0
47038,0.341,75.586,0.0,0.0,448.169,0.0,0.0,0.0,5.742,0,1.0,0.06,309.69,-1.1877,40.89,35.536075592041016,4.98,0.0,0
47038,0.341,75.586,0.5,0.0,447.927,0.0,0.0,0.0,5.742,0,2.0,0.06,309.69,-2.3754,40.050000000000004,35.536075592041016,4.98,0.0,0
47038,0.0,75.586,0.0,0.0,448.169,0.0,0.0,0.0,5.742,0,3.0,0.045,309.6,-4.6188,39.78,35.536075592041016,4.98,0.0,0
47038,0.512,75.586,-0.5,0.0,448.291,0.0,0.0,0.0,5.742,0,2.0,0.045,309.825,0.9567,39.660000000000004,35.536075592041016,4.98,0.0,0
47038,0.512,75.586,-0.5,0.0,448.291,0.0,0.0,0.0,5.742,0,3.0,0.125,309.825,6.7302,39.81,35.536075592041016,4.98,0.0,0
47038,0.171,75.586,-0.5,0.0,448.10900000000004,0.0,0.0,0.0,5.742,0,4.0,0.07,309.69,3.3651,39.96,35.536075592041016,4.98,0.0,0
47038,0.341,75.586,-0.5,0.0,448.048,0.0,0.0,0.0,5.742,0,2.0,0.04,309.69,-3.563,39.36,35.536075592041016,4.98,0.0,0
47038,0.341,75.586,0.5,0.0,448.291,0.0,0.0,0.0,5.742,0,2.0,0.07,309.69,-0.6928000000000001,38.19,35.536075592041016,4.98,0.0,0
47038,0.171,75.586,-0.5,0.0,448.351,0.0,0.0,0.0,5.742,0,1.0,0.075,309.69,0.39590000000000003,37.71,35.536075592041016,4.98,0.0,0
47038,0.512,75.586,-0.5,0.0,448.41200000000003,0.0,0.0,0.0,5.742,0,2.0,0.055,309.825,-0.099,37.95,35.536075592041016,4.98,0.0,0
47038,0.171,75.586,0.5,0.0,448.169,0.0,0.0,0.0,5.742,0,2.0,0.03,309.69,1.1877,39.27,35.536075592041016,4.98,0.0,0
47038,0.512,75.586,0.5,0.0,448.10900000000004,0.0,0.0,0.0,5.742,0,2.0,0.055,309.69,3.1672000000000002,40.35,35.536075592041016,4.98,0.0,0
47038,0.512,75.586,0.5,0.0,448.10900000000004,0.0,0.0,0.0,5.742,0,2.0,0.045,309.69,2.3754,40.410000000000004,35.536075592041016,4.98,0.0,0
47038,0.341,75.586,-0.5,0.0,448.291,0.0,0.0,0.0,5.742,0,3.0,0.04,309.69,-0.37120000000000003,41.4,35.536075592041016,4.98,0.0,0
47038,0.341,75.586,0.0,0.0,448.169,0.0,0.0,0.0,5.742,0,2.0,0.055,309.825,0.37120000000000003,41.46,35.536075592041016,4.98,0.0,0
47038,0.512,75.586,0.5,0.0,448.10900000000004,0.0,0.0,0.0,5.742,0,3.0,0.055,309.69,3.1672000000000002,40.44,35.536075592041016,4.98,0.0,0
47038,0.171,75.586,0.0,0.0,448.10900000000004,0.0,0.0,0.0,5.742,0,2.0,0.065,309.825,1.0557,39.72,35.536075592041016,4.98,0.0,0
47038,0.341,75.586,0.0,0.0,448.291,0.0,0.0,0.0,5.742,0,1.0,0.075,309.69,-4.1981,39.69,35.536075592041016,4.98,0.0,0
47038,0.341,75.586,0.5,0.0,448.23,0.0,0.0,0.0,5.742,0,2.0,0.08,309.825,0.5938,39.15,35.536075592041016,4.98,0.0,0
47038,0.0,75.586,-0.5,0.0,448.169,0.0,0.0,0.0,5.742,0,2.0,0.035,309.825,-2.3754,38.52,35.536075592041016,4.98,0.0,0
47038,0.0,75.586,-0.5,0.0,448.291,0.0,0.0,0.0,5.742,0,1.0,0.11,309.69,0.7918000000000001,37.95,35.536075592041016,4.98,0.0,0
47038,0.341,75.586,0.5,0.0,448.169,0.0,0.0,0.0,5.742,0,2.0,0.04,309.69,1.8063,37.38,35.536075592041016,4.98,0.0,0
47038,0.512,75.586,0.0,0.0,448.048,0.0,0.0,0.0,5.742,0,2.0,0.09,309.69,-1.7815,38.37,35.536075592041016,4.98,0.0,0
47038,0.171,75.586,0.5,0.0,448.47200000000004,0.0,0.0,0.0,5.742,0,1.0,0.055,309.825,-0.8165,39.78,35.536075592041016,4.98,0.0,0
47038,0.0,75.586,0.0,0.0,448.533,0.0,0.0,0.0,5.742,0,2.0,0.06,309.825,2.9692000000000003,41.28,35.536075592041016,4.98,0.0,0
47038,0.0,75.586,-0.5,0.0,448.654,0.0,0.0,0.0,5.742,0,2.0,0.06,309.69,2.7713,40.89,35.536075592041016,4.98,0.0,0
47038,0.341,75.586,0.0,0.0,448.654,0.0,0.0,0.0,5.742,0,3.0,0.055,309.69,-2.7713,40.08,35.536075592041016,4.98,0.0,0
47038,0.512,75.586,0.0,0.0,448.533,0.0,0.0,0.0,5.742,0,2.0,0.055,309.825,-2.9692000000000003,39.75,35.536075592041016,4.98,0.0,0
47038,0.0,75.586,-0.5,0.0,448.291,0.0,0.0,0.0,5.742,0,3.0,0.035,309.825,2.9692000000000003,38.88,35.536075592041016,4.98,0.0,0
47038,0.341,75.586,0.0,0.0,448.533,0.0,0.0,0.0,5.742,0,3.0,0.02,309.825,0.9650000000000001,38.4,35.536075592041016,4.98,0.0,0
47038,-0.171,75.586,0.0,0.0,448.533,0.0,0.0,0.0,5.742,0,3.0,0.1,309.825,0.17320000000000002,38.550000000000004,35.536075592041016,4.98,0.0,0
47038,0.0,75.586,0.0,0.0,448.23,0.0,0.0,0.0,5.742,0,2.0,0.035,309.69,2.3341000000000003,38.67,35.536075592041016,4.98,0.0,0
47038,0.341,75.586,-0.5,0.0,448.291,0.0,0.0,0.0,5.742,0,2.0,0.08,309.6,-3.8105,38.31,35.536075592041016,4.98,0.0,0
47038,0.512,75.586,-0.5,0.0,448.41200000000003,0.0,0.0,0.0,5.742,0,2.0,0.03,309.69,-7.1014,38.28,35.536075592041016,4.98,0.0,0
47038,0.341,75.586,-0.5,0.0,448.41200000000003,0.0,0.0,0.0,5.742,0,2.0,0.055,309.825,-0.2474,38.910000000000004,35.536075592041016,4.98,0.0,0
47038,0.171,75.586,0.5,0.0,448.47200000000004,0.0,0.0,0.0,5.742,0,3.0,0.04,309.825,4.9734,39.480000000000004,35.536075592041016,4.98,0.0,0
47038,0.171,75.586,0.5,0.0,448.291,0.0,0.0,0.0,5.742,0,3.0,0.06,309.825,2.3506,40.29,35.536075592041016,4.98,0.0,0
47038,0.0,75.586,0.5,0.0,448.10900000000004,0.0,0.0,0.0,5.742,0,2.0,0.065,309.825,-0.5938,41.01,35.536075592041016,4.98,0.0,0
47038,0.512,75.586,-0.5,0.0,448.23,0.0,0.0,0.0,5.742,0,3.0,0.065,309.825,0.5691,40.53,35.536075592041016,4.98,0.0,0
47038,0.512,75.586,0.5,0.0,448.41200000000003,0.0,0.0,0.0,5.742,0,3.0,0.045,309.825,-0.5938,40.2,35.536075592041016,4.98,0.0,0
47038,0.0,75.586,0.0,0.0,448.47200000000004,0.0,0.0,0.0,5.742,0,2.0,0.045,309.69,-3.1424000000000003,39.84,35.536075592041016,4.98,0.0,0
47038,0.171,75.586,0.5,0.0,448.41200000000003,0.0,0.0,0.0,5.742,0,3.0,0.05,309.825,-1.5836000000000001,38.67,35.536075592041016,4.98,0.0,0
47038,0.341,75.586,0.5,0.0,448.47200000000004,0.0,0.0,0.0,5.742,0,3.0,0.08,309.825,3.7363000000000004,38.37,35.536075592041016,4.98,0.0,0
47038,0.512,75.586,0.5,0.0,448.533,0.0,0.0,0.0,5.742,0,2.0,0.065,309.825,3.563,38.37,35.536075592041016,4.98,0.0,0
47038,0.341,75.586,0.0,0.0,448.291,0.0,0.0,0.0,5.742,0,2.0,0.02,309.825,-1.1547,38.13,35.536075592041016,4.98,0.0,0
47038,0.0,75.586,0.0,0.0,448.351,0.0,0.0,0.0,5.742,0,2.0,0.045,309.915,3.4311000000000003,38.550000000000004,35.536075592041016,4.98,0.0,0
47038,0.512,75.586,0.5,0.0,448.351,0.0,0.0,0.0,5.742,0,3.0,0.06,309.69,1.9465000000000001,38.34,35.536075592041016,4.98,0.0,0
47038,0.341,75.586,0.0,0.0,448.533,0.0,0.0,0.0,5.742,0,3.0,0.065,309.825,-4.6188,39.36,35.536075592041016,4.98,0.0,0
47038,0.0,75.586,0.0,0.0,448.47200000000004,0.0,0.0,0.0,5.742,0,3.0,0.03,309.825,2.1774,39.33,35.536075592041016,4.98,0.0,0
47038,0.341,75.586,0.5,0.0,448.654,0.0,0.0,0.0,5.742,0,2.0,0.08,309.69,0.39590000000000003,39.6,35.536075592041016,4.98,0.0,0
47038,0.171,75.586,0.0,0.0,448.533,0.0,0.0,0.0,5.742,0,2.0,0.005,309.69,-2.2764,39.78,35.536075592041016,4.98,0.0,0
47038,0.341,75.586,-0.5,0.0,448.593,0.0,0.0,0.0,5.742,0,2.0,0.06,309.69,-3.1672000000000002,40.62,35.536075592041016,4.98,0.0,0
47038,0.171,75.586,0.5,0.0,448.47200000000004,0.0,0.0,0.0,5.742,0,2.0,0.035,309.825,1.4846000000000001,40.32,35.536075592041016,4.98,0.0,0
47038,0.171,75.586,0.5,0.0,448.291,0.0,0.0,0.0,5.742,0,2.0,0.06,309.825,4.3548,40.410000000000004,35.536075592041016,4.98,0.0,0
47038,0.341,75.586,0.5,0.0,448.47200000000004,0.0,0.0,0.0,5.742,0,2.0,0.08,309.825,2.2764,39.18,35.536075592041016,4.98,0.0,0
47038,0.512,75.586,0.0,0.0,448.291,0.0,0.0,0.0,5.742,0,2.0,0.065,309.69,-2.3754,37.08,35.536075592041016,4.98,0.0,0
47038,0.0,75.586,0.0,0.0,448.47200000000004,0.0,0.0,0.0,5.742,0,2.0,0.1,309.825,-2.3754,37.17,35.536075592041016,4.98,0.0,0
47038,0.512,75.586,0.0,0.0,448.291,0.0,0.0,0.0,5.742,0,1.0,0.095,309.825,1.1877,37.32,35.536075592041016,4.98,0.0,0
47038,0.0,75.586,-1.0,0.0,448.291,0.0,0.0,0.0,5.742,0,2.0,0.075,309.915,3.794,38.13,35.536075592041016,4.98,0.0,0
47038,0.512,75.586,0.0,0.0,448.47200000000004,0.0,0.0,0.0,5.742,0,2.0,0.05,309.69,0.6598,39.21,35.536075592041016,4.98,0.0,0
47038,0.341,75.586,0.0,0.0,448.654,0.0,0.0,0.0,5.742,0,2.0,0.04,309.69,-1.2207000000000001,39.87,35.536075592041016,4.98,0.0,0
47038,0.512,75.586,0.5,0.0,448.714,0.0,0.0,0.0,5.742,0,1.0,0.035,309.825,-4.2229,39.660000000000004,35.536075592041016,4.98,0.0,0
47038,0.171,75.586,0.0,0.0,448.714,0.0,0.0,0.0,5.742,0,2.0,0.07,309.69,-1.5836000000000001,38.94,35.536075592041016,4.98,0.0,0
47038,0.512,75.586,0.0,0.0,448.77500000000003,0.0,0.0,0.0,5.742,0,2.0,0.035,309.825,1.5836000000000001,39.06,35.536075592041016,4.98,0.0,0
47038,0.341,75.586,-0.5,0.0,448.351,0.0,0.0,0.0,5.742,0,2.0,0.02,309.825,4.7507,39.09,35.536075592041016,4.98,0.0,0
47038,0.512,75.586,0.0,0.0,448.10900000000004,0.0,0.0,0.0,5.742,0,2.0,0.065,309.825,2.7713,39.300000000000004,35.536075592041016,4.98,0.0,0
47038,-0.171,75.586,0.0,0.0,448.291,0.0,0.0,0.0,5.742,0,3.0,0.035,309.825,-1.5836000000000001,38.550000000000004,35.536075592041016,4.98,0.0,0
47038,0.171,75.586,0.0,0.0,448.47200000000004,0.0,0.0,0.0,5.742,0,2.0,0.05,309.915,2.2434000000000003,37.53,35.536075592041016,4.98,0.0,0
47038,0.171,75.586,0.5,0.0,448.533,0.0,0.0,0.0,5.742,0,2.0,0.06,309.825,0.5279,36.54,35.536075592041016,4.98,0.0,0
47038,0.341,75.586,0.5,0.0,448.47200000000004,0.0,0.0,0.0,5.742,0,2.0,0.105,309.69,-0.6598,36.75,35.536075592041016,4.98,0.0,0
47038,0.512,75.586,0.5,0.0,448.41200000000003,0.0,0.0,0.0,5.742,0,2.0,0.015,309.69,-4.0579,38.43,35.536075592041016,4.98,0.0,0
47038,0.171,75.586,0.5,0.0,448.47200000000004,0.0,0.0,0.0,5.742,0,2.0,0.02,309.825,-0.39590000000000003,39.63,35.536075592041016,4.98,0.0,0
47038,0.512,75.586,0.0,0.0,448.47200000000004,0.0,0.0,0.0,5.742,0,2.0,0.02,309.825,3.8600000000000003,40.17,35.536075592041016,4.98,0.0,0
47038,0.512,75.586,0.0,0.0,448.41200000000003,0.0,0.0,0.0,5.742,0,2.0,0.055,309.825,1.4516,39.660000000000004,35.536075592041016,4.98,0.0,0
47038,0.0,75.586,0.5,0.0,448.41200000000003,0.0,0.0,0.0,5.742,0,2.0,0.075,309.825,-2.3754,38.76,35.536075592041016,4.98,0.0,0
47038,0.341,75.586,0.0,0.0,448.23,0.0,0.0,0.0,5.742,0,2.0,0.06,309.825,-0.39590000000000003,38.64,35.536075592041016,4.98,0.0,0
47038,0.171,75.586,0.5,0.0,448.23,0.0,0.0,0.0,5.742,0,3.0,0.03,309.825,-0.7918000000000001,38.88,35.536075592041016,4.98,0.0,0
47038,0.512,75.586,0.5,0.0,447.927,0.0,0.0,0.0,5.742,0,2.0,0.01,309.825,-0.39590000000000003,39.15,35.536075592041016,4.98,0.0,0
47038,0.341,75.586,1.0,0.0,447.927,0.0,0.0,0.0,5.742,0,3.0,0.035,309.825,-2.3754,38.85,35.536075592041016,4.98,0.0,0
47038,0.171,75.586,1.0,0.0,448.169,0.0,0.0,0.0,5.742,0,2.0,0.06,309.825,-1.9795,37.71,35.536075592041016,4.98,0.0,0
47038,0.171,75.586,0.0,0.0,448.169,0.0,0.0,0.0,5.742,0,2.0,0.03,309.69,-2.1527000000000003,37.59,35.536075592041016,4.98,0.0,0
47038,0.341,75.586,-0.5,0.0,448.291,0.0,0.0,0.0,5.742,0,3.0,0.05,309.825,0.9897,36.6,35.536075592041016,4.98,0.0,0
47038,0.341,75.586,-0.5,0.0,448.351,0.0,0.0,0.0,5.742,0,2.0,0.055,309.69,0.0247,36.99,35.536075592041016,4.98,0.0,0
47038,0.341,75.586,-0.5,0.0,448.47200000000004,0.0,0.0,0.0,5.742,0,2.0,0.01,309.69,-1.1629,38.43,35.536075592041016,4.98,0.0,0
47038,0.341,75.586,0.5,0.0,448.291,0.0,0.0,0.0,5.742,0,3.0,0.075,309.825,-2.7713,40.29,35.536075592041016,4.98,0.0,0
47038,0.0,75.586,0.0,0.0,448.291,0.0,0.0,0.0,5.742,0,2.0,0.035,309.825,2.7713,40.92,35.536075592041016,4.98,0.0,0
47038,0.171,75.586,0.0,0.0,448.41200000000003,0.0,0.0,0.0,5.742,0,2.0,0.09,309.825,1.1629,40.35,35.536075592041016,4.98,0.0,0
47038,0.171,75.586,0.0,0.0,448.351,0.0,0.0,0.0,5.742,0,2.0,0.045,309.69,0.0,39.6,35.536075592041016,4.98,0.0,0
47038,0.171,75.586,-1.0,0.0,448.169,0.0,0.0,0.0,5.742,0,2.0,0.085,309.915,3.0847,39.93,35.536075592041016,4.98,0.0,0
47038,0.171,75.586,0.0,0.0,448.169,0.0,0.0,0.0,5.742,0,2.0,0.04,309.69,-1.6496000000000002,40.17,35.536075592041016,4.98,0.0,0
47038,0.171,75.586,-0.5,0.0,448.10900000000004,0.0,0.0,0.0,5.742,0,2.0,0.04,309.69,-0.19790000000000002,39.72,35.536075592041016,4.98,0.0,0
47038,0.512,75.586,0.5,0.0,448.23,0.0,0.0,0.0,5.742,0,2.0,0.04,309.915,1.1052,38.88,35.536075592041016,4.98,0.0,0
47038,0.512,75.586,0.0,0.0,448.10900000000004,0.0,0.0,0.0,5.742,0,2.0,0.035,309.825,1.6248,38.13,35.536075592041016,4.98,0.0,0
47038,-0.171,75.586,0.0,0.0,448.169,0.0,0.0,0.0,5.742,0,2.0,0.065,309.825,-0.066,36.9,35.536075592041016,4.98,0.0,0
47038,0.512,75.586,0.0,0.0,448.47200000000004,0.0,0.0,0.0,5.742,0,2.0,0.045,309.825,-2.029,37.14,35.536075592041016,4.98,0.0,0
47038,0.0,75.586,0.0,0.0,448.41200000000003,0.0,0.0,0.0,5.742,0,3.0,0.05,309.69,-3.1424000000000003,38.79,35.536075592041016,4.98,0.0,0
47038,0.512,75.586,-0.5,0.0,448.23,0.0,0.0,0.0,5.742,0,2.0,0.08,309.825,0.19790000000000002,40.83,35.536075592041016,4.98,0.0,0
47038,0.512,75.586,-0.5,0.0,448.291,0.0,0.0,0.0,5.742,0,1.0,0.04,309.825,1.3609,41.46,35.536075592041016,4.98,0.0,0
47038,0.512,75.586,-0.5,0.0,447.988,0.0,0.0,0.0,5.742,0,2.0,0.065,309.69,-0.5938,41.01,35.536075592041016,4.98,0.0,0
47038,0.341,75.586,0.0,0.0,448.169,0.0,0.0,0.0,5.742,0,3.0,0.07,309.825,2.0455,40.11,35.536075592041016,4.98,0.0,0
47038,0.512,75.586,0.0,0.0,448.10900000000004,0.0,0.0,0.0,5.742,0,2.0,0.075,309.69,-0.43710000000000004,39.75,35.536075592041016,4.98,0.0,0
47038,0.512,75.586,0.5,0.0,447.988,0.0,0.0,0.0,5.742,0,2.0,0.04,309.69,-4.923900000000001,39.36,35.536075592041016,4.98,0.0,0
47038,0.171,75.586,-0.5,0.0,448.10900000000004,0.0,0.0,0.0,5.742,0,2.0,0.095,309.69,-2.5486,38.79,35.536075592041016,4.98,0.0,0
47038,0.512,75.586,0.0,0.0,448.291,0.0,0.0,0.0,5.742,0,2.0,0.07,309.825,1.9547,38.31,35.536075592041016,4.98,0.0,0
47038,0.171,75.586,0.0,0.0,448.47200000000004,0.0,0.0,0.0,5.742,0,2.0,0.035,309.825,0.9650000000000001,38.13,35.536075592041016,4.98,0.0,0
47038,0.171,75.586,0.0,0.0,448.47200000000004,0.0,0.0,0.0,5.742,0,2.0,0.065,309.825,1.2207000000000001,38.13,35.536075592041016,4.98,0.0,0
47038,0.0,75.586,-0.5,0.0,448.351,0.0,0.0,0.0,5.742,0,2.0,0.045,309.825,3.4311000000000003,38.19,35.536075592041016,4.98,0.0,0
47038,0.512,75.586,0.0,0.0,448.291,0.0,0.0,0.0,5.742,0,2.0,0.05,309.6,2.5403000000000002,38.730000000000004,35.536075592041016,4.98,0.0,0
47038,0.512,75.586,0.0,0.0,448.47200000000004,0.0,0.0,0.0,5.742,0,1.0,0.03,309.825,-0.2639,39.21,35.536075592041016,4.98,0.0,0
47038,0.171,75.586,0.0,0.0,448.47200000000004,0.0,0.0,0.0,5.742,0,4.0,0.065,309.69,-5.7075000000000005,39.81,35.536075592041016,4.98,0.0,0
47038,0.0,75.586,0.0,0.0,448.169,0.0,0.0,0.0,5.742,0,2.0,0.0,309.69,0.6598,40.89,35.536075592041016,4.98,0.0,0
47038,0.0,75.586,0.5,0.0,447.988,0.0,0.0,0.0,5.742,0,2.0,0.025,309.825,1.0557,40.17,35.536075592041016,4.98,0.0,0
47038,0.0,75.586,0.0,0.0,447.988,0.0,0.0,0.0,5.742,0,2.0,0.07,309.825,3.0352,40.14,35.536075592041016,4.98,0.0,0
47038,0.341,75.586,1.0,0.0,447.927,0.0,0.0,0.0,5.742,0,2.0,0.06,309.825,3.596,39.99,35.536075592041016,4.98,0.0,0
47038,0.341,75.586,0.0,0.0,448.23,0.0,0.0,0.0,5.742,0,2.0,0.095,309.69,-3.0352,39.57,35.536075592041016,4.98,0.0,0
47038,0.341,75.586,0.0,0.0,448.10900000000004,0.0,0.0,0.0,5.742,0,2.0,0.05,309.69,-2.2764,39.27,35.536075592041016,4.98,0.0,0
47038,0.341,75.586,0.0,0.0,448.048,0.0,0.0,0.0,5.742,0,2.0,0.07,309.825,0.2639,38.82,35.536075592041016,4.98,0.0,0
47038,0.171,75.586,0.0,0.0,448.291,0.0,0.0,0.0,5.742,0,2.0,0.055,309.825,1.2207000000000001,38.49,35.536075592041016,4.98,0.0,0
47038,0.341,75.586,-1.0,0.0,448.47200000000004,0.0,0.0,0.0,5.742,0,2.0,0.095,309.825,2.7713,38.37,35.536075592041016,4.98,0.0,0
47038,0.512,75.586,0.0,0.0,448.47200000000004,0.0,0.0,0.0,5.742,0,3.0,0.035,309.825,-3.9589000000000003,38.19,35.536075592041016,4.98,0.0,0
47038,0.512,75.586,0.0,0.0,447.685,0.0,0.0,0.0,5.742,0,2.0,0.075,309.825,0.0,39.12,35.536075592041016,4.98,0.0,0
47038,0.341,75.586,0.0,0.0,447.927,0.0,0.0,0.0,5.742,0,2.0,0.025,309.825,0.0,40.17,35.536075592041016,4.98,0.0,0
47038,0.512,75.586,-0.5,0.0,448.291,0.0,0.0,0.0,5.742,0,2.0,0.055,309.825,1.3196,41.1,35.536075592041016,4.98,0.0,0
47038,0.341,75.586,0.5,0.0,448.048,0.0,0.0,0.0,5.742,0,2.0,0.07,309.69,0.099,41.550000000000004,35.536075592041016,4.98,0.0,0
47038,0.0,75.586,-0.5,0.0,447.927,0.0,0.0,0.0,5.742,0,2.0,0.05,309.825,-2.9032,40.53,35.536075592041016,4.98,0.0,0
47038,0.341,75.586,-0.5,0.0,447.927,0.0,0.0,0.0,5.742,0,2.0,0.04,309.915,0.9897,39.84,35.536075592041016,4.98,0.0,0
47038,0.171,75.586,0.0,0.0,448.10900000000004,0.0,0.0,0.0,5.742,0,2.0,0.1,309.825,1.1877,39.36,35.536075592041016,4.98,0.0,0
47038,0.171,75.586,0.5,0.0,448.10900000000004,0.0,0.0,0.0,5.742,0,3.0,0.065,309.825,0.8330000000000001,39.33,35.536075592041016,4.98,0.0,0
47038,0.171,75.586,0.0,0.0,447.806,0.0,0.0,0.0,5.742,0,2.0,0.05,309.825,1.3196,38.85,35.536075592041016,4.98,0.0,0
47038,0.512,75.586,0.0,0.0,448.291,0.0,0.0,0.0,5.742,0,2.0,0.055,309.69,-4.3796,38.43,35.536075592041016,4.98,0.0,0
47038,0.512,75.586,0.0,0.0,448.23,0.0,0.0,0.0,5.742,0,1.0,0.065,309.69,-3.9342,38.25,35.536075592041016,4.98,0.0,0
47038,0.0,75.586,-0.5,0.0,447.988,0.0,0.0,0.0,5.742,0,2.0,0.1,309.825,-1.1877,38.64,35.536075592041016,4.98,0.0,0
47038,0.512,75.586,0.0,0.0,448.10900000000004,0.0,0.0,0.0,5.742,0,2.0,0.04,309.69,3.2331000000000003,39.75,35.536075592041016,4.98,0.0,0
47038,0.512,75.586,0.5,0.0,448.41200000000003,0.0,0.0,0.0,5.742,0,1.0,0.05,309.825,3.4723,39.99,35.536075592041016,4.98,0.0,0
47038,0.341,75.586,0.0,0.0,448.593,0.0,0.0,-0.2,5.742,0,2.0,0.03,309.69,-0.8578,40.62,35.536075592041016,4.98,0.0,0
47038,0.512,75.586,-0.5,0.0,448.47200000000004,0.0,0.0,0.0,5.742,0,1.0,0.07,309.69,0.46190000000000003,40.980000000000004,35.536075592041016,4.98,0.0,0
47038,0.171,75.586,-0.5,0.0,448.291,0.0,0.0,0.0,5.742,0,3.0,0.01,309.69,-5.1466,40.86,35.536075592041016,4.98,0.0,0
47038,0.512,75.586,0.0,0.0,448.048,0.0,0.0,0.0,5.742,0,2.0,0.06,309.69,0.7918000000000001,40.32,35.536075592041016,4.98,0.0,0
47038,0.341,75.586,1.0,0.0,448.291,0.0,0.0,0.2,5.742,0,2.0,0.06,309.6,-1.8063,39.27,35.536075592041016,4.98,0.0,0
47038,0.171,75.586,0.5,0.0,448.351,0.0,0.0,0.0,5.742,0,2.0,0.075,309.69,0.132,38.37,35.536075592041016,4.98,0.0,0
47038,0.0,75.586,0.5,0.0,448.10900000000004,0.0,0.0,0.0,5.742,0,3.0,0.035,309.825,2.4413,38.04,35.536075592041016,4.98,0.0,0
47038,0.341,75.586,0.0,0.0,448.048,0.0,0.0,0.0,5.742,0,3.0,0.09,309.69,1.8310000000000002,37.77,35.536075592041016,4.98,0.0,0
47038,0.171,75.586,0.0,0.0,447.867,0.0,0.0,0.0,5.742,0,2.0,0.06,309.825,0.066,37.74,35.536075592041016,4.98,0.0,0
47038,0.512,75.586,0.0,0.0,448.10900000000004,0.0,0.0,0.0,5.742,0,2.0,0.065,309.825,-1.4516,38.01,35.536075592041016,4.98,0.0,0
47038,0.512,75.586,0.0,0.0,448.291,0.0,0.0,0.0,5.742,0,2.0,0.07,309.69,0.9897,39.480000000000004,35.536075592041016,4.98,0.0,0
47038,0.0,75.586,0.0,0.0,448.10900000000004,0.0,0.0,0.0,5.742,0,2.0,0.04,309.825,0.9897,40.35,35.536075592041016,4.98,0.0,0
47038,0.341,75.586,0.0,0.0,447.988,0.0,0.0,0.0,5.742,0,2.0,0.05,309.825,0.5938,40.59,35.536075592041016,4.98,0.0,0
47038,0.512,75.586,1.0,0.0,448.23,0.0,0.0,0.0,5.742,0,2.0,0.065,309.69,-0.5938,39.81,35.536075592041016,4.98,0.0,0
47038,0.171,75.586,-0.5,0.0,448.291,0.0,0.0,0.0,5.742,0,2.0,0.03,309.69,-3.7363000000000004,39.06,35.536075592041016,4.98,0.0,0
47038,0.512,75.586,0.5,0.0,447.927,0.0,0.0,0.0,5.742,0,2.0,0.08,309.69,-3.563,39.09,35.536075592041016,4.98,0.0,0
47038,0.512,75.586,0.0,0.0,447.806,0.0,0.0,0.0,5.742,0,3.0,0.06,309.69,-3.0682,39.09,35.536075592041016,4.98,0.0,0
47038,0.0,75.586,0.0,0.0,447.927,0.0,0.0,0.0,5.742,0,2.0,0.07,309.825,4.0909,38.97,35.536075592041016,4.98,0.0,0
47038,0.341,75.586,0.0,0.0,447.927,0.0,0.0,0.0,5.742,0,2.0,0.045,309.825,4.9157,39.06,35.536075592041016,4.98,0.0,0
47038,0.171,75.586,0.0,0.0,448.23,0.0,0.0,0.0,5.742,0,2.0,0.095,309.915,2.6393,37.77,35.536075592041016,4.98,0.0,0
47038,0.0,75.586,0.0,0.0,448.10900000000004,0.0,0.0,0.0,5.742,0,2.0,0.06,309.69,-3.3321,37.59,35.536075592041016,4.98,0.0,0
47038,0.0,75.586,0.0,0.0,448.23,0.0,0.0,0.0,5.742,0,2.0,0.035,309.69,-5.1466,37.59,35.536075592041016,4.98,0.0,0
47038,0.512,75.586,0.0,0.0,448.10900000000004,0.0,0.0,0.0,5.742,0,2.0,0.055,309.69,-2.2104,38.94,35.536075592041016,4.98,0.0,0
47038,0.0,75.586,0.0,0.0,447.746,0.0,0.0,0.0,5.742,0,2.0,0.07,309.825,5.4106000000000005,40.26,35.536075592041016,4.98,0.0,0
47038,0.341,75.586,0.5,0.0,447.746,0.0,0.0,0.0,5.742,0,2.0,0.06,309.825,2.2764,40.35,35.536075592041016,4.98,0.0,0
47038,0.341,75.586,0.0,0.0,447.746,0.0,0.0,0.0,5.742,0,2.0,0.08,309.825,-1.8475000000000001,39.96,35.536075592041016,4.98,0.0,0
47038,0.341,75.586,0.0,0.0,448.169,0.0,0.0,0.0,5.742,0,2.0,0.03,309.69,-1.4846000000000001,39.81,35.536075592041016,4.98,0.0,0
47038,0.512,75.586,0.0,0.0,448.291,0.0,0.0,0.0,5.742,0,2.0,0.06,309.825,0.132,38.94,35.536075592041016,4.98,0.0,0
47038,0.0,75.586,-0.5,0.0,447.867,0.0,0.0,0.0,5.742,0,2.0,0.055,309.69,-4.651800000000001,39.300000000000004,35.536075592041016,4.98,0.0,0
47038,0.171,75.586,0.0,0.0,448.048,0.0,0.0,0.0,5.742,0,2.0,0.075,309.825,1.5836000000000001,39.27,35.536075592041016,4.98,0.0,0
47038,0.341,75.586,-0.5,0.0,448.10900000000004,0.0,0.0,0.0,5.742,0,2.0,0.07,309.825,4.7507,38.22,35.536075592041016,4.98,0.0,0
47038,0.0,75.586,-0.5,0.0,447.685,0.0,0.0,0.0,5.742,0,2.0,0.06,309.69,1.9795,37.08,35.536075592041016,4.98,0.0,0
47038,0.341,75.586,0.0,0.0,447.927,0.0,0.0,0.0,5.742,0,2.0,0.09,309.825,-3.1672000000000002,36.72,35.536075592041016,4.98,0.0,0
47038,0.171,75.586,0.0,0.0,447.927,0.0,0.0,0.0,5.742,0,2.0,0.02,309.69,-1.9795,36.9,35.536075592041016,4.98,0.0,0
47038,0.341,75.586,0.0,0.0,448.10900000000004,0.0,0.0,0.0,5.742,0,2.0,0.095,309.825,-0.099,38.13,35.536075592041016,4.98,0.0,0
47038,0.341,75.586,0.0,0.0,448.048,0.0,0.0,0.0,5.742,0,1.0,0.065,309.6,-3.8270000000000004,39.84,35.536075592041016,4.98,0.0,0
47038,0.171,75.586,0.5,0.0,448.169,0.0,0.0,0.0,5.742,0,2.0,0.03,309.825,-2.2104,40.44,35.536075592041016,4.98,0.0,0
47038,0.171,75.586,0.5,0.0,448.169,0.0,0.0,0.0,5.742,0,3.0,0.015,309.825,-2.0042,40.44,35.536075592041016,4.98,0.0,0
47038,0.512,75.586,0.0,0.0,447.988,0.0,0.0,0.0,5.742,0,3.0,0.045,309.69,0.1567,39.9,35.536075592041016,4.98,0.0,0
47038,0.512,75.586,0.0,0.0,447.988,0.0,0.0,0.0,5.742,0,3.0,0.08,309.69,0.1155,38.97,35.536075592041016,4.98,0.0,0
47038,0.512,75.586,0.0,0.0,447.746,0.0,0.0,0.0,5.742,0,2.0,0.04,309.69,0.8165,38.61,35.536075592041016,4.98,0.0,0
47038,0.171,75.586,-0.5,0.0,447.806,0.0,0.0,0.0,5.742,0,2.0,0.05,309.825,1.7815,38.76,35.536075592041016,4.98,0.0,0
47038,0.512,75.586,0.0,0.0,447.806,0.0,0.0,0.0,5.742,0,2.0,0.055,309.825,3.7363000000000004,38.85,35.536075592041016,4.98,0.0,0
47038,0.512,75.586,-0.5,0.0,447.927,0.0,0.0,0.0,5.742,0,2.0,0.045,309.69,2.0702000000000003,37.95,35.536075592041016,4.98,0.0,0
47038,0.512,75.586,0.0,0.0,448.351,0.0,0.0,0.0,5.742,0,2.0,0.09,309.69,-7.5632,37.14,35.536075592041016,4.98,0.0,0
47038,0.512,75.586,0.5,0.0,448.10900000000004,0.0,0.0,0.0,5.742,0,2.0,0.07,309.915,0.6433,36.42,35.536075592041016,4.98,0.0,0
47038,0.0,75.586,0.0,0.0,447.625,0.0,0.0,0.0,5.742,0,2.0,0.06,309.69,4.4208,36.69,35.536075592041016,4.98,0.0,0
47038,0.171,75.586,0.0,0.0,447.564,0.0,0.0,0.0,5.742,0,2.0,0.04,309.825,1.4929000000000001,36.99,35.536075592041016,4.98,0.0,0
47038,0.512,75.586,-0.5,0.0,447.927,0.0,0.0,0.0,5.742,0,1.0,0.0,309.825,3.0517000000000003,38.52,35.536075592041016,4.98,0.0,0
47038,0.171,75.586,0.0,0.0,448.10900000000004,0.0,0.0,0.0,5.742,0,2.0,0.065,309.69,-1.3609,39.42,35.536075592041016,4.98,0.0,0
47038,0.171,75.586,0.0,0.0,448.23,0.0,0.0,0.0,5.742,0,2.0,0.13,309.69,-4.66,39.480000000000004,35.536075592041016,4.98,0.0,0
47038,0.341,75.586,-0.5,0.0,447.927,0.0,0.0,0.0,5.742,0,2.0,0.005,309.69,-3.2579000000000002,38.85,35.536075592041016,4.98,0.0,0
47038,0.341,75.586,0.0,0.0,447.746,0.0,0.0,0.0,5.742,0,2.0,0.055,309.825,4.923900000000001,38.76,35.536075592041016,4.98,0.0,0
47038,0.341,75.586,0.0,0.0,447.685,0.0,0.0,0.0,5.742,0,3.0,0.07,309.69,4.5115,37.89,35.536075592041016,4.98,0.0,0
47038,0.341,75.586,0.0,0.0,448.10900000000004,0.0,0.0,0.0,5.742,0,2.0,0.065,309.825,-0.1567,36.81,35.536075592041016,4.98,0.0,0
47038,0.341,75.586,0.0,0.0,448.291,0.0,0.0,0.0,5.742,0,2.0,0.025,309.69,-4.5280000000000005,36.99,35.536075592041016,4.98,0.0,0
47038,0.171,75.586,0.0,0.0,447.927,0.0,0.0,0.0,5.742,0,2.0,0.04,309.69,-1.5836000000000001,36.75,35.536075592041016,4.98,0.0,0
47038,0.171,75.586,0.0,0.0,448.10900000000004,0.0,0.0,0.0,5.742,0,2.0,0.06,309.69,-0.5691,36.96,35.536075592041016,4.98,0.0,0
47038,0.171,75.586,0.0,0.0,448.169,0.0,0.0,0.0,5.742,0,2.0,0.035,309.825,2.1527000000000003,36.84,35.536075592041016,4.98,0.0,0
47038,0.341,75.586,0.0,0.0,448.10900000000004,0.0,0.0,0.0,5.742,0,1.0,0.08,309.69,3.0599000000000003,37.2,35.536075592041016,4.98,0.0,0
47038,0.512,75.586,0.0,0.0,448.10900000000004,0.0,0.0,0.0,5.742,0,2.0,0.025,309.69,2.7053000000000003,38.64,35.536075592041016,4.98,0.0,0
47038,0.512,75.586,0.0,0.0,448.291,0.0,0.0,0.0,5.742,0,1.0,0.045,309.69,-5.9137,39.21,35.536075592041016,4.98,0.0,0
47038,0.341,75.586,0.0,0.0,448.47200000000004,0.0,0.0,0.0,5.742,0,3.0,0.005,309.825,1.5588000000000002,39.45,35.536075592041016,4.98,0.0,0
47038,0.341,75.586,0.0,0.0,448.533,0.0,0.0,0.0,5.742,0,3.0,0.015,309.69,3.1919,39.27,35.536075592041016,4.98,0.0,0
47038,0.341,75.586,0.0,0.0,448.291,0.0,0.0,0.0,5.742,0,2.0,0.035,309.825,-0.6186,38.67,35.536075592041016,4.98,0.0,0
47038,0.0,75.586,0.0,0.0,448.291,0.0,0.0,0.0,5.742,0,2.0,0.06,309.825,-0.8908,38.61,35.536075592041016,4.98,0.0,0
47038,0.341,75.586,0.0,0.0,448.10900000000004,0.0,0.0,0.0,5.742,0,2.0,0.045,309.69,-1.1877,38.79,35.536075592041016,4.98,0.0,0
47038,0.0,75.586,0.0,0.0,448.23,0.0,0.0,0.0,5.742,0,1.0,0.05,309.825,3.0682,38.46,35.536075592041016,4.98,0.0,0
47038,0.682,75.586,0.0,0.0,447.927,0.0,0.0,0.0,5.742,0,1.0,0.035,309.69,-1.5836000000000001,37.800000000000004,35.536075592041016,4.98,0.0,0
47038,0.171,75.586,0.0,0.0,447.867,0.0,0.0,0.0,5.742,0,2.0,0.045,309.69,-3.1672000000000002,37.410000000000004,35.536075592041016,4.98,0.0,0
47038,0.0,75.586,0.0,0.0,447.867,0.0,0.0,0.0,5.742,0,2.0,0.095,309.69,-5.1466,37.050000000000004,35.536075592041016,4.98,0.0,0
47038,0.512,75.586,0.0,0.0,447.746,0.0,0.0,0.0,5.742,0,2.0,0.04,309.6,-1.7815,37.02,35.536075592041016,4.98,0.0,0
47038,0.341,75.586,0.0,0.0,447.927,0.0,0.0,0.0,5.742,0,3.0,0.02,309.825,3.563,37.410000000000004,35.536075592041016,4.98,0.0,0
47038,0.0,75.586,0.0,0.0,447.927,0.0,0.0,0.0,5.742,0,2.0,0.06,309.825,2.8043,38.79,35.536075592041016,4.98,0.0,0
47038,0.171,75.586,0.5,0.0,447.927,0.0,0.0,0.0,5.742,0,2.0,0.065,309.825,3.0352,39.57,35.536075592041016,4.98,0.0,0
47038,-0.171,75.586,0.0,0.0,447.504,0.0,0.0,0.0,5.742,0,2.0,0.06,309.825,0.0,40.2,35.536075592041016,4.98,0.0,0
47038,0.512,75.586,0.0,0.0,447.685,0.0,0.0,0.0,5.742,0,2.0,0.02,309.825,-0.39590000000000003,40.56,35.536075592041016,4.98,0.0,0
47038,-0.171,75.586,0.0,0.0,447.988,0.0,0.0,0.0,5.742,0,2.0,0.04,309.825,-0.7918000000000001,40.050000000000004,35.536075592041016,4.98,0.0,0
47038,0.171,75.586,0.0,0.0,448.048,0.0,0.0,0.0,5.742,0,2.0,0.04,309.825,-0.39590000000000003,38.67,35.536075592041016,4.98,0.0,0
47038,0.512,75.586,0.0,0.0,447.867,0.0,0.0,0.0,5.742,0,2.0,0.045,309.69,-1.4846000000000001,37.77,35.536075592041016,4.98,0.0,0
47038,0.341,75.586,0.0,0.0,448.10900000000004,0.0,0.0,0.0,5.742,0,2.0,0.03,309.69,-3.563,37.29,35.536075592041016,4.98,0.0,0
47038,0.171,75.586,-0.5,0.0,448.048,0.0,0.0,0.0,5.742,0,2.0,0.04,309.915,0.9897,37.050000000000004,35.536075592041016,4.98,0.0,0
47038,0.171,75.586,0.0,0.0,447.806,0.0,0.0,0.0,5.742,0,2.0,0.04,309.69,3.563,36.96,35.536075592041016,4.98,0.0,0
47038,0.341,75.586,0.0,0.0,447.867,0.0,0.0,0.0,5.742,0,2.0,0.07,309.69,0.2639,38.01,35.536075592041016,4.98,0.0,0
47038,0.682,75.586,0.0,0.0,447.746,0.0,0.0,0.0,5.742,0,2.0,0.075,309.69,-3.2991,38.82,35.536075592041016,4.98,0.0,0
47038,0.512,75.586,0.0,0.0,448.048,0.0,0.0,0.0,5.742,0,2.0,0.045,309.825,-0.8908,39.480000000000004,35.536075592041016,4.98,0.0,0
47038,0.341,75.586,0.0,0.0,447.988,0.0,0.0,0.0,5.742,0,3.0,0.055,309.825,2.2434000000000003,39.45,35.536075592041016,4.98,0.0,0
47038,0.0,75.586,0.5,0.0,448.10900000000004,0.0,0.0,0.0,5.742,0,2.0,0.095,309.915,2.4743,38.85,35.536075592041016,4.98,0.0,0
47038,0.512,75.586,-0.5,0.0,448.10900000000004,0.0,0.0,0.0,5.742,0,1.0,0.025,309.825,1.1877,38.94,35.536075592041016,4.98,0.0,0
47038,0.341,75.586,0.0,0.0,448.048,0.0,0.0,0.0,5.742,0,2.0,0.025,309.825,0.2639,39.42,35.536075592041016,4.98,0.0,0
47038,0.512,75.586,0.0,0.0,448.048,0.0,0.0,0.0,5.742,0,2.0,0.045,309.825,0.5279,39.45,35.536075592041016,4.98,0.0,0
47038,0.512,75.586,0.0,0.0,447.806,0.0,0.0,0.0,5.742,0,2.0,0.015,309.69,-1.6083,39.63,35.536075592041016,4.98,0.0,0
47038,0.171,75.586,0.0,0.0,447.867,0.0,0.0,0.0,5.742,0,3.0,0.045,309.825,-0.9897,38.58,35.536075592041016,4.98,0.0,0
47038,0.171,75.586,0.0,0.0,447.685,0.0,0.0,0.0,5.742,0,3.0,0.045,309.69,-1.7568000000000001,37.800000000000004,35.536075592041016,4.98,0.0,0
47038,0.512,75.586,0.0,0.0,447.806,0.0,0.0,0.0,5.742,0,2.0,0.05,309.825,2.2434000000000003,37.83,35.536075592041016,4.98,0.0,0
47038,0.0,75.586,0.0,0.0,447.746,0.0,0.0,0.0,5.742,0,2.0,0.03,309.69,-2.8125,37.11,35.536075592041016,4.98,0.0,0
47038,0.512,75.586,0.0,0.0,447.988,0.0,0.0,0.0,5.742,0,1.0,0.035,309.69,-0.7918000000000001,37.74,35.536075592041016,4.98,0.0,0
47038,0.512,75.586,-0.5,0.0,447.806,0.0,0.0,0.0,5.742,0,2.0,0.04,309.825,0.9897,39.15,35.536075592041016,4.98,0.0,0
47038,0.341,75.586,0.0,0.0,447.806,0.0,0.0,0.0,5.742,0,2.0,0.1,309.825,4.3301,40.47,35.536075592041016,4.98,0.0,0
47038,0.0,75.586,0.5,0.0,447.625,0.0,0.0,0.0,5.742,0,2.0,0.065,309.825,-2.2022,40.44,35.536075592041016,4.98,0.0,0
47038,0.512,75.586,0.0,0.0,447.625,0.0,0.0,0.0,5.742,0,2.0,0.115,309.825,-0.39590000000000003,40.050000000000004,35.536075592041016,4.98,0.0,0
47038,0.341,75.586,0.0,0.0,448.23,0.0,0.0,0.0,5.742,0,2.0,0.14,309.69,1.0145,39.69,35.536075592041016,4.98,0.0,0
47038,0.512,75.586,0.0,0.0,447.988,0.0,0.0,0.0,5.742,0,2.0,0.06,309.825,-2.5981,39.39,35.536075592041016,4.98,0.0,0
47038,0.171,75.586,0.0,0.0,447.625,0.0,0.0,0.0,5.742,0,2.0,0.045,309.825,-2.9692000000000003,39.72,35.536075592041016,4.98,0.0,0
47038,0.341,75.586,0.0,0.0,447.806,0.0,0.0,0.0,5.742,0,2.0,0.0,309.69,1.9382000000000001,39.39,35.536075592041016,4.98,0.0,0
47038,0.341,75.586,0.0,0.0,447.746,0.0,0.0,0.0,5.742,0,3.0,0.015,309.915,2.7548,38.67,35.536075592041016,4.98,0.0,0
47038,0.512,75.586,0.0,0.0,447.927,0.0,0.0,0.0,5.742,0,2.0,0.025,309.825,2.8785000000000003,38.22,35.536075592041016,4.98,0.0,0
47038,0.341,75.586,0.0,0.0,447.564,0.0,0.0,0.0,5.742,0,3.0,0.1,309.825,5.6497,37.92,35.536075592041016,4.98,0.0,0
47038,0.0,75.586,0.0,0.0,447.806,0.0,0.0,0.0,5.742,0,2.0,0.06,309.69,-3.4723,38.4,35.536075592041016,4.98,0.0,0
47038,0.341,75.586,0.0,0.0,447.806,0.0,0.0,0.0,5.742,0,2.0,0.115,309.69,-4.3548,38.52,35.536075592041016,4.98,0.0,0
47038,0.341,75.586,0.0,0.0,447.867,0.0,0.0,0.0,5.742,0,2.0,0.095,309.915,-2.4413,39.51,35.536075592041016,4.98,0.0,0
47038,0.341,75.586,0.0,0.0,447.806,0.0,0.0,0.0,5.742,0,2.0,0.085,309.825,0.39590000000000003,41.25,35.536075592041016,4.98,0.0,0
47038,0.171,75.586,0.0,0.0,448.291,0.0,0.0,0.0,5.742,0,2.0,-0.005,309.825,-2.2104,41.160000000000004,35.536075592041016,4.98,0.0,0
47038,0.171,75.586,0.0,0.0,448.169,0.0,0.0,0.0,5.742,0,2.0,0.045,309.69,-4.8827,40.29,35.536075592041016,4.98,0.0,0
47038,0.0,75.586,0.0,0.0,447.806,0.0,0.0,0.0,5.742,0,2.0,0.055,309.825,1.8475000000000001,39.69,35.536075592041016,4.98,0.0,0
47038,0.341,75.586,0.0,0.0,447.867,0.0,0.0,0.0,5.742,0,3.0,0.015,309.825,2.7713,39.78,35.536075592041016,4.98,0.0,0
47038,0.341,75.586,0.0,0.0,447.806,0.0,0.0,0.0,5.742,0,2.0,0.04,309.825,0.6928000000000001,39.480000000000004,35.536075592041016,4.98,0.0,0
47038,0.171,75.586,0.0,0.0,448.048,0.0,0.0,0.0,5.742,0,3.0,0.085,309.825,-0.39590000000000003,39.69,35.536075592041016,4.98,0.0,0
47038,0.512,75.586,0.0,0.0,448.10900000000004,0.0,0.0,0.0,5.742,0,2.0,0.07,309.69,-3.8600000000000003,38.88,35.536075592041016,4.98,0.0,0
47038,0.512,75.586,0.0,0.0,448.10900000000004,0.0,0.0,0.0,5.742,0,2.0,0.095,309.69,-5.938400000000001,37.95,35.536075592041016,4.98,0.0,0
47038,0.0,75.586,0.0,0.0,448.169,0.0,0.0,0.0,5.742,0,2.0,0.085,309.69,-1.4846000000000001,37.800000000000004,35.536075592041016,4.98,0.0,0
47038,0.682,75.586,0.0,0.0,448.291,0.0,0.0,0.0,5.742,0,2.0,0.075,309.915,4.6188,39.12,35.536075592041016,4.98,0.0,0
47038,0.341,75.586,0.0,0.0,447.988,0.0,0.0,0.0,5.742,0,2.0,0.02,309.825,2.8043,40.56,35.536075592041016,4.98,0.0,0
47038,0.512,75.586,0.0,0.0,447.746,0.0,0.0,0.0,5.742,0,1.0,0.085,309.825,3.9589000000000003,40.86,35.536075592041016,4.98,0.0,0
47038,0.171,75.586,0.0,0.0,447.806,0.0,0.0,0.0,5.742,0,1.0,0.06,309.825,-0.9897,40.47,35.536075592041016,4.98,0.0,0
47038,0.341,75.586,0.0,0.0,448.23,0.0,0.0,0.0,5.742,0,2.0,0.025,309.69,-2.7713,39.63,35.536075592041016,4.98,0.0,0
47038,0.341,75.586,0.0,0.0,447.867,0.0,0.0,0.0,5.742,0,2.0,0.08,309.825,-0.7918000000000001,39.54,35.536075592041016,4.98,0.0,0
47038,0.512,75.586,0.0,0.0,447.867,0.0,0.0,0.0,5.742,0,2.0,0.02,309.69,-3.563,39.63,35.536075592041016,4.98,0.0,0
47038,0.171,75.586,0.0,0.0,447.988,0.0,0.0,0.2,5.742,0,2.0,0.08,309.69,3.1672000000000002,39.24,35.536075592041016,4.98,0.0,0
47038,0.341,75.586,0.0,0.0,447.988,0.0,0.0,0.0,5.742,0,2.0,0.06,309.69,-0.7918000000000001,39.42,35.536075592041016,4.98,0.0,0
47038,0.512,75.586,-0.5,0.0,448.10900000000004,0.0,0.0,0.0,5.742,0,2.0,0.055,309.69,-1.5836000000000001,38.07,35.536075592041016,4.98,0.0,0
47038,0.0,75.586,0.0,0.0,447.988,0.0,0.0,0.0,5.742,0,3.0,0.075,309.825,1.1877,37.95,35.536075592041016,4.98,0.0,0
47038,0.171,75.586,0.0,0.0,447.927,0.0,0.0,0.0,5.742,0,2.0,0.03,309.69,3.1672000000000002,37.77,35.536075592041016,4.98,0.0,0
47038,0.512,75.586,0.0,0.0,447.685,0.0,0.0,0.0,5.742,0,2.0,0.01,309.825,1.5836000000000001,38.910000000000004,35.536075592041016,4.98,0.0,0
47038,0.171,75.586,0.0,0.0,447.867,0.0,0.0,0.0,5.742,0,3.0,0.065,309.825,-4.7507,40.74,35.536075592041016,4.98,0.0,0
47038,0.341,75.586,0.0,0.0,447.806,0.0,0.0,0.0,5.742,0,2.0,0.04,309.69,-0.2639,41.22,35.536075592041016,4.98,0.0,0
47038,0.512,75.586,0.0,0.0,447.806,0.0,0.0,0.0,5.742,0,2.0,0.085,309.69,2.7383,41.07,35.536075592041016,4.98,0.0,0
47038,0.0,75.586,0.0,0.0,447.806,0.0,0.0,0.0,5.742,0,2.0,0.035,309.69,-0.7918000000000001,40.71,35.536075592041016,4.98,0.0,0
47038,0.0,75.586,0.0,0.0,447.927,0.0,0.0,0.0,5.742,0,2.0,0.025,309.825,-0.099,39.33,35.536075592041016,4.98,0.0,0
47038,0.341,75.586,0.0,0.0,447.927,0.0,0.0,0.0,5.742,0,2.0,0.05,309.825,2.3754,38.7,35.536075592041016,4.98,0.0,0
47038,0.341,75.586,0.0,0.0,447.564,0.0,0.0,0.0,5.742,0,2.0,0.04,309.69,2.3754,38.64,35.536075592041016,4.98,0.0,0
47038,0.171,75.586,0.0,0.0,447.927,0.0,0.0,0.0,5.742,0,2.0,0.025,309.915,2.6393,38.76,35.536075592041016,4.98,0.0,0
47038,0.171,75.586,0.0,0.0,447.746,0.0,0.0,0.0,5.742,0,2.0,0.025,309.825,-1.0557,38.730000000000004,35.536075592041016,4.98,0.0,0
47038,0.682,75.586,0.0,0.0,447.746,0.0,0.0,0.0,5.742,0,2.0,0.1,309.825,-0.7918000000000001,38.76,35.536075592041016,4.98,0.0,0
47038,0.341,75.586,0.0,0.0,447.927,0.0,0.0,0.0,5.742,0,2.0,0.02,309.825,-1.5423,38.910000000000004,35.536075592041016,4.98,0.0,0
47038,0.341,75.586,0.0,0.0,447.927,0.0,0.0,0.0,5.742,0,2.0,0.0,309.825,-1.5011,39.0,35.536075592041016,4.98,0.0,0
47038,0.171,75.586,0.0,0.0,448.291,0.0,0.0,0.0,5.742,0,2.0,0.04,309.825,-0.19790000000000002,39.660000000000004,35.536075592041016,4.98,0.0,0
47038,0.512,75.586,0.0,0.0,448.41200000000003,0.0,0.0,0.0,5.742,0,2.0,0.06,309.825,1.8228000000000002,40.14,35.536075592041016,4.98,0.0,0
47038,0.171,75.586,0.0,0.0,447.746,0.0,0.0,0.0,5.742,0,3.0,0.075,309.69,-5.1879,40.74,35.536075592041016,4.98,0.0,0
47038,0.512,75.586,0.0,0.0,448.23,0.0,0.0,0.0,5.742,0,3.0,0.01,309.6,-4.6023000000000005,41.07,35.536075592041016,4.98,0.0,0
47038,0.682,75.586,0.0,0.0,448.10900000000004,0.0,0.0,0.0,5.742,0,3.0,0.045,309.915,1.6331,40.86,35.536075592041016,4.98,0.0,0
47038,0.341,75.586,0.0,0.0,448.10900000000004,0.0,0.0,0.0,5.742,0,2.0,0.075,309.69,0.8578,40.08,35.536075592041016,4.98,0.0,0
47038,0.341,75.586,0.0,0.0,447.988,0.0,0.0,0.0,5.742,0,2.0,0.075,309.69,-1.4021000000000001,39.03,35.536075592041016,4.98,0.0,0
47038,0.341,75.586,0.0,0.0,448.169,0.0,0.0,0.0,5.742,0,2.0,0.055,309.825,-2.3341000000000003,38.22,35.536075592041016,4.98,0.0,0
47038,0.171,75.586,0.0,0.0,447.564,0.0,0.0,0.0,5.742,0,3.0,0.07,309.825,3.9342,38.160000000000004,35.536075592041016,4.98,0.0,0
47038,0.512,75.586,-0.5,0.0,447.625,0.0,0.0,0.0,5.742,0,2.0,0.05,309.69,2.9692000000000003,38.28,35.536075592041016,4.98,0.0,0
47038,0.171,75.586,0.0,0.0,448.533,0.0,0.0,0.0,5.742,0,2.0,0.025,309.825,-3.563,38.52,35.536075592041016,4.98,0.0,0
47038,0.0,75.586,0.0,0.0,448.47200000000004,0.0,0.0,0.0,5.742,0,2.0,0.04,309.825,-1.7815,38.730000000000004,35.536075592041016,4.98,0.0,0
47038,0.341,75.586,0.0,0.0,448.291,0.0,0.0,0.0,5.742,0,2.0,0.03,309.69,2.5733,39.300000000000004,35.536075592041016,4.98,0.0,0
47038,0.341,75.586,-0.5,0.0,448.291,0.0,0.0,0.0,5.742,0,2.0,0.04,309.69,-3.1672000000000002,39.99,35.536075592041016,4.98,0.0,0
47038,0.341,75.586,0.0,0.0,447.867,0.0,0.0,0.0,5.742,0,2.0,0.025,309.69,-1.3609,40.11,35.536075592041016,4.98,0.0,0
47038,0.512,75.586,0.0,0.0,448.048,0.0,0.0,0.0,5.742,0,2.0,0.05,309.69,1.8063,40.050000000000004,35.536075592041016,4.98,0.0,0
47038,0.512,75.586,0.0,0.0,447.927,0.0,0.0,0.0,5.742,0,2.0,0.03,309.915,-0.3052,40.29,35.536075592041016,4.98,0.0,0
47038,0.0,75.586,0.0,0.0,448.048,0.0,0.0,0.0,5.742,0,2.0,0.045,309.825,1.7155,39.75,35.536075592041016,4.98,0.0,0
47038,0.512,75.586,0.0,0.0,448.291,0.0,0.0,0.0,5.742,0,3.0,0.015,309.69,2.1774,38.61,35.536075592041016,4.98,0.0,0
47038,0.341,75.586,0.0,0.0,448.10900000000004,0.0,0.0,0.0,5.742,0,3.0,0.04,309.69,-2.7053000000000003,37.53,35.536075592041016,4.98,0.0,0
47038,0.853,75.586,0.0,0.0,448.169,0.0,0.0,0.0,5.742,0,2.0,0.045,309.825,-0.39590000000000003,36.9,35.536075592041016,4.98,0.0,0
47038,0.171,75.586,0.0,0.0,447.988,0.0,0.0,0.0,5.742,0,2.0,0.05,309.825,1.3856000000000002,36.99,35.536075592041016,4.98,0.0,0
47038,0.341,75.586,-0.5,0.0,447.927,0.0,0.0,0.0,5.742,0,1.0,0.045,309.825,1.9795,37.14,35.536075592041016,4.98,0.0,0
47038,0.341,75.586,0.0,0.0,447.988,0.0,0.0,0.0,5.742,0,2.0,0.1,309.825,-1.1547,37.980000000000004,35.536075592041016,4.98,0.0,0
47038,0.512,75.586,0.0,0.0,447.988,0.0,0.0,0.0,5.742,0,2.0,0.04,309.825,2.6393,39.03,35.536075592041016,4.98,0.0,0
47038,0.171,75.586,0.0,0.0,448.048,0.0,0.0,0.0,5.742,0,2.0,0.035,309.825,0.0,39.99,35.536075592041016,4.98,0.0,0
47038,0.682,75.586,0.0,0.0,448.351,0.0,0.0,0.0,5.742,0,2.0,0.055,309.825,-1.9795,39.45,35.536075592041016,4.98,0.0,0
47038,0.0,75.586,0.0,0.0,448.47200000000004,0.0,0.0,0.0,5.742,0,2.0,0.075,309.915,3.3651,39.18,35.536075592041016,4.98,0.0,0
47038,0.512,75.586,0.0,0.0,448.291,0.0,0.0,0.0,5.742,0,2.0,0.055,309.825,1.1877,39.03,35.536075592041016,4.98,0.0,0
47038,0.512,75.586,0.0,0.0,448.169,0.0,0.0,0.0,5.742,0,2.0,0.105,309.69,-1.2207000000000001,38.61,35.536075592041016,4.98,0.0,0
47038,0.512,75.586,0.0,0.0,447.927,0.0,0.0,0.0,5.742,0,2.0,0.05,309.915,1.1877,39.33,35.536075592041016,4.98,0.0,0
47038,0.171,75.586,0.0,0.0,447.988,0.0,0.0,0.0,5.742,0,2.0,0.005,309.825,4.7507,39.03,35.536075592041016,4.98,0.0,0
47038,0.512,75.586,0.0,0.0,447.806,0.0,0.0,0.0,5.742,0,3.0,0.065,309.825,-0.2639,38.46,35.536075592041016,4.98,0.0,0
47038,0.171,75.586,0.0,0.0,447.746,0.0,0.0,0.0,5.742,0,2.0,0.04,309.69,-4.0579,37.53,35.536075592041016,4.98,0.0,0
47038,0.171,75.586,0.0,0.0,447.927,0.0,0.0,0.0,5.742,0,2.0,0.03,309.825,-1.1877,36.87,35.536075592041016,4.98,0.0,0
47038,0.512,75.586,0.0,0.0,448.351,0.0,0.0,0.0,5.742,0,2.0,0.045,309.69,-4.651800000000001,37.230000000000004,35.536075592041016,4.98,0.0,0
47038,0.512,75.586,0.5,0.0,448.169,0.0,0.0,0.0,5.742,0,2.0,0.035,309.69,0.7918000000000001,38.76,35.536075592041016,4.98,0.0,0
47038,0.341,75.586,0.0,0.0,447.806,0.0,0.0,0.0,5.742,0,2.0,0.045,309.825,1.5836000000000001,40.17,35.536075592041016,4.98,0.0,0
47038,0.171,75.586,0.0,0.0,447.625,0.0,0.0,0.0,5.742,0,1.0,0.08,309.69,0.7918000000000001,40.65,35.536075592041016,4.98,0.0,0
47038,0.171,75.586,0.0,0.0,447.867,0.0,0.0,0.0,5.742,0,2.0,0.025,309.825,-0.099,40.35,35.536075592041016,4.98,0.0,0
47038,0.171,75.586,0.0,0.0,448.10900000000004,0.0,0.0,0.0,5.742,0,2.0,0.04,309.69,-1.9795,39.06,35.536075592041016,4.98,0.0,0
47038,0.0,75.586,0.0,0.0,448.169,0.0,0.0,0.0,5.742,0,2.0,0.06,309.69,0.7918000000000001,39.09,35.536075592041016,4.98,0.0,0
47038,0.171,75.586,0.0,0.0,447.988,0.0,0.0,0.0,5.742,0,2.0,0.035,309.825,0.6598,38.64,35.536075592041016,4.98,0.0,0
47038,0.171,75.586,0.0,0.0,447.988,0.0,0.0,0.0,5.742,0,2.0,0.045,309.915,2.2104,37.800000000000004,35.536075592041016,4.98,0.0,0
47038,0.512,75.586,0.0,0.0,447.927,0.0,0.0,0.0,5.742,0,2.0,0.045,309.825,-0.132,37.14,35.536075592041016,4.98,0.0,0
47038,0.0,75.586,0.0,0.0,448.47200000000004,0.0,0.0,0.0,5.742,0,3.0,0.075,309.825,-0.5279,36.87,35.536075592041016,4.98,0.0,0
47038,0.0,75.586,0.0,0.0,448.291,0.0,0.0,0.0,5.742,0,2.0,0.1,309.825,1.8475000000000001,36.96,35.536075592041016,4.98,0.0,0
47038,0.171,75.586,0.0,0.0,448.23,0.0,0.0,0.0,5.742,0,2.0,0.06,309.825,0.7918000000000001,38.19,35.536075592041016,4.98,0.0,0
47038,0.0,75.586,0.0,0.0,448.10900000000004,0.0,0.0,0.0,5.742,0,2.0,0.02,309.69,-2.3754,40.050000000000004,35.536075592041016,4.98,0.0,0
47038,0.341,75.586,0.0,0.0,448.169,0.0,0.0,0.0,5.742,0,2.0,0.045,309.69,0.099,40.92,35.536075592041016,4.98,0.0,0
47038,0.512,75.586,0.0,0.0,448.291,0.0,0.0,0.0,5.742,0,2.0,0.05,309.915,-0.132,41.160000000000004,35.536075592041016,4.98,0.0,0
47038,0.341,75.586,0.0,0.0,448.169,0.0,0.0,0.0,5.742,0,2.0,0.04,309.825,2.8043,40.410000000000004,35.536075592041016,4.98,0.0,0
47038,0.512,75.586,0.0,0.0,448.23,0.0,0.0,0.0,5.742,0,2.0,0.05,309.825,1.9795,39.480000000000004,35.536075592041016,4.98,0.0,0
47038,0.0,75.586,0.0,0.0,448.291,0.0,0.0,0.0,5.742,0,2.0,0.035,309.825,-6.0044,38.79,35.536075592041016,4.98,0.0,0
47038,0.512,75.586,0.0,0.0,447.806,0.0,0.0,0.0,5.742,0,2.0,-0.005,309.825,0.2639,38.31,35.536075592041016,4.98,0.0,0
47038,0.512,75.586,0.0,0.0,447.806,0.0,0.0,0.0,5.742,0,2.0,0.05,309.69,2.4743,38.46,35.536075592041016,4.98,0.0,0
47038,0.512,75.586,0.0,0.0,447.806,0.0,0.0,0.0,5.742,0,2.0,0.06,309.69,2.73,38.43,35.536075592041016,4.98,0.0,0
47038,0.341,75.586,0.0,0.0,448.10900000000004,0.0,0.0,0.0,5.742,0,2.0,0.08,309.69,-1.5588000000000002,38.46,35.536075592041016,4.98,0.0,0
47038,0.171,75.586,-0.5,0.0,448.23,0.0,0.0,0.0,5.742,0,2.0,0.05,309.69,-0.5691,38.19,35.536075592041016,4.98,0.0,0
47038,0.512,75.586,0.0,0.0,447.867,0.0,0.0,0.0,5.742,0,2.0,0.045,309.825,0.5691,37.53,35.536075592041016,4.98,0.0,0
47038,0.171,75.586,0.0,0.0,447.867,0.0,0.0,0.0,5.742,0,3.0,0.04,309.825,3.7363000000000004,37.68,35.536075592041016,4.98,0.0,0
47038,0.171,75.586,0.0,0.0,448.10900000000004,0.0,0.0,0.0,5.742,0,2.0,0.07,309.825,3.5383,39.24,35.536075592041016,4.98,0.0,0
47038,0.341,75.586,0.0,0.0,448.291,0.0,0.0,0.0,5.742,0,2.0,0.075,309.825,-1.4104,40.92,35.536075592041016,4.98,0.0,0
47038,0.171,75.586,0.0,0.0,447.867,0.0,0.0,0.0,5.742,0,2.0,0.075,309.69,-7.0354,41.01,35.536075592041016,4.98,0.0,0
47038,0.341,75.586,0.5,0.0,447.685,0.0,0.0,0.0,5.742,0,2.0,0.03,309.825,-2.5733,40.410000000000004,35.536075592041016,4.98,0.0,0
47038,0.682,75.586,0.0,0.0,447.927,0.0,0.0,0.0,5.742,0,2.0,0.0,309.69,1.5423,39.06,35.536075592041016,4.98,0.0,0
47038,0.512,75.586,0.0,0.0,447.988,0.0,0.0,0.0,5.742,0,2.0,0.04,309.825,1.4764000000000002,39.24,35.536075592041016,4.98,0.0,0
47038,0.512,75.586,0.0,0.0,448.10900000000004,0.0,0.0,0.0,5.742,0,2.0,0.04,309.69,-1.9547,38.82,35.536075592041016,4.98,0.0,0
47038,0.512,75.586,0.0,0.0,448.23,0.0,0.0,0.0,5.742,0,2.0,-0.005,309.825,1.8887,38.01,35.536075592041016,4.98,0.0,0
47038,0.341,75.586,0.0,0.0,448.23,0.0,0.0,0.0,5.742,0,3.0,0.005,309.825,4.024900000000001,38.19,35.536075592041016,4.98,0.0,0
47038,0.512,75.586,0.0,0.0,448.351,0.0,0.0,0.0,5.742,0,3.0,0.03,309.69,2.2022,38.1,35.536075592041016,4.98,0.0,0
47038,0.171,75.586,0.0,0.0,448.47200000000004,0.0,0.0,0.0,5.742,0,2.0,0.06,309.69,-0.5691,38.550000000000004,35.536075592041016,4.98,0.0,0
47038,0.341,75.586,0.0,0.0,448.47200000000004,0.0,0.0,0.0,5.742,0,1.0,0.1,309.69,-1.2207000000000001,38.58,35.536075592041016,4.98,0.0,0
47038,0.341,75.586,0.0,0.0,448.169,0.0,0.0,0.0,5.742,0,2.0,0.04,309.69,-3.0352,38.94,35.536075592041016,4.98,0.0,0
47038,0.341,75.586,0.0,0.0,447.927,0.0,0.0,0.0,5.742,0,2.0,0.09,309.69,0.0,39.78,35.536075592041016,4.98,0.0,0
47038,0.512,75.586,0.0,0.0,448.10900000000004,0.0,0.0,0.0,5.742,0,2.0,0.06,309.69,-1.7155,40.26,35.536075592041016,4.98,0.0,0
47038,0.341,75.586,0.0,0.0,448.23,0.0,0.0,0.0,5.742,0,2.0,0.055,309.69,-3.4311000000000003,40.62,35.536075592041016,4.98,0.0,0
47038,0.341,75.586,0.0,0.0,448.351,0.0,0.0,0.0,5.742,0,2.0,0.025,309.915,6.2023,40.56,35.536075592041016,4.98,0.0,0
47038,0.341,75.586,0.0,0.0,448.291,0.0,0.0,0.0,5.742,0,2.0,0.06,309.825,4.3878,40.11,35.536075592041016,4.98,0.0,0
47038,0.512,75.586,0.0,0.0,447.927,0.0,0.0,0.0,5.742,0,2.0,0.1,309.825,0.0,39.300000000000004,35.536075592041016,4.98,0.0,0
47038,0.0,75.586,0.0,0.0,447.806,0.0,0.0,0.0,5.742,0,2.0,0.045,309.69,-2.4743,39.33,35.536075592041016,4.98,0.0,0
47038,0.512,75.586,0.0,0.0,448.10900000000004,0.0,0.0,0.0,5.742,0,2.0,0.05,309.825,-1.1877,39.18,35.536075592041016,4.98,0.0,0
47038,0.341,75.586,0.0,0.0,448.10900000000004,0.0,0.0,0.0,5.742,0,2.0,0.07,309.825,-1.5836000000000001,38.85,35.536075592041016,4.98,0.0,0
47038,0.171,75.586,0.0,0.0,448.169,0.0,0.0,0.0,5.742,0,2.0,0.04,309.825,2.3754,38.31,35.536075592041016,4.98,0.0,0
47038,0.171,75.586,0.0,0.0,447.988,0.0,0.0,0.0,5.742,0,2.0,0.015,309.825,0.0,38.49,35.536075592041016,4.98,0.0,0
47038,0.171,75.586,0.0,0.0,448.169,0.0,0.0,0.0,5.742,0,2.0,0.025,309.69,-0.39590000000000003,38.94,35.536075592041016,4.98,0.0,0
47038,0.341,75.586,0.0,0.0,448.169,0.0,0.0,0.0,5.742,0,2.0,0.015,309.69,-2.2764,39.87,35.536075592041016,4.98,0.0,0
47038,0.341,75.586,0.0,0.0,447.988,0.0,0.0,0.0,5.742,0,2.0,0.03,309.825,-2.3754,40.050000000000004,35.536075592041016,4.98,0.0,0
47038,0.512,75.586,0.0,0.0,447.927,0.0,0.0,0.0,5.742,0,2.0,0.02,309.69,3.4311000000000003,40.59,35.536075592041016,4.98,0.0,0
47038,0.512,75.586,0.5,0.0,447.927,0.0,0.0,0.0,5.742,0,2.0,0.065,309.825,3.2991,40.89,35.536075592041016,4.98,0.0,0
47038,0.341,75.586,0.0,0.0,448.10900000000004,0.0,0.0,0.0,5.742,0,2.0,0.035,309.69,-4.651800000000001,40.62,35.536075592041016,4.98,0.0,0
47038,0.512,75.586,0.0,0.0,448.10900000000004,0.0,0.0,0.0,5.742,0,2.0,0.015,309.69,-5.0559,40.56,35.536075592041016,4.98,0.0,0
47038,0.0,75.586,0.0,0.0,448.10900000000004,0.0,0.0,0.0,5.742,0,2.0,0.025,309.69,1.9135000000000002,39.78,35.536075592041016,4.98,0.0,0
47038,0.171,75.586,0.0,0.0,447.746,0.0,0.0,0.0,5.742,0,3.0,0.1,309.69,-2.5486,38.82,35.536075592041016,4.98,0.0,0
47038,0.512,75.586,0.0,0.0,448.10900000000004,0.0,0.0,0.0,5.742,0,3.0,0.03,309.69,1.5836000000000001,38.31,35.536075592041016,4.98,0.0,0
47038,0.512,75.586,0.0,0.0,448.47200000000004,0.0,0.0,0.0,5.742,0,2.0,0.015,309.825,3.8435,37.44,35.536075592041016,4.98,0.0,0
47038,0.341,75.586,0.0,0.0,448.048,0.0,0.0,0.0,5.742,0,2.0,0.03,309.69,-3.2991,37.59,35.536075592041016,4.98,0.0,0
47038,0.171,75.586,0.0,0.0,447.927,0.0,0.0,0.0,5.742,0,2.0,0.07,309.69,-1.8723,38.94,35.536075592041016,4.98,0.0,0
47038,0.341,75.586,0.0,0.0,448.169,0.0,0.0,0.0,5.742,0,2.0,0.025,309.69,-0.17320000000000002,40.35,35.536075592041016,4.98,0.0,0
47038,0.341,75.586,0.0,0.0,448.23,0.0,0.0,0.0,5.742,0,2.0,0.03,309.915,3.7857000000000003,40.47,35.536075592041016,4.98,0.0,0
47038,0.512,75.586,0.0,0.0,447.867,0.0,0.0,0.0,5.742,0,2.0,0.015,309.825,2.2187,40.5,35.536075592041016,4.98,0.0,0
47038,0.171,75.586,0.0,0.0,448.169,0.0,0.0,0.0,5.742,0,2.0,0.065,309.825,-0.0907,39.96,35.536075592041016,4.98,0.0,0
47038,0.512,75.586,0.0,0.0,448.23,0.0,0.0,0.0,5.742,0,2.0,0.05,309.825,-2.8207,39.54,35.536075592041016,4.98,0.0,0
47038,0.512,75.586,0.0,0.0,448.41200000000003,0.0,0.0,0.0,5.742,0,3.0,0.06,309.915,1.2124000000000001,39.39,35.536075592041016,4.98,0.0,0
47038,0.341,75.586,0.0,0.0,448.41200000000003,0.0,0.0,0.0,5.742,0,2.0,0.05,309.6,1.7568000000000001,38.7,35.536075592041016,4.98,0.0,0
47038,0.682,75.586,-0.5,0.0,448.10900000000004,0.0,0.0,0.0,5.742,0,2.0,0.02,309.825,-0.5526,37.95,35.536075592041016,4.98,0.0,0
47038,0.341,75.586,0.0,0.0,447.746,0.0,0.0,0.0,5.742,0,2.0,0.08,309.69,-4.4456,37.410000000000004,35.536075592041016,4.98,0.0,0
47038,0.512,75.586,0.0,0.0,447.806,0.0,0.0,0.0,5.742,0,2.0,0.045,309.825,4.5528,37.83,35.536075592041016,4.98,0.0,0
47038,0.341,75.586,0.0,0.0,447.927,0.0,0.0,0.0,5.742,0,2.0,0.03,309.69,-0.8330000000000001,38.67,35.536075592041016,4.98,0.0,0
47038,0.512,75.586,0.0,0.0,448.23,0.0,0.0,0.0,5.742,0,2.0,0.03,309.825,-1.8475000000000001,39.78,35.536075592041016,4.98,0.0,0
47038,0.512,75.586,0.0,0.0,447.867,0.0,0.0,0.0,5.742,0,2.0,0.015,309.69,3.2579000000000002,39.72,35.536075592041016,4.98,0.0,0
47038,0.512,75.586,0.0,0.0,448.048,0.0,0.0,0.0,5.742,0,2.0,0.03,309.825,2.9692000000000003,39.96,35.536075592041016,4.98,0.0,0
47038,0.341,75.586,0.0,0.0,448.291,0.0,0.0,0.0,5.742,0,2.0,0.045,309.69,-0.17320000000000002,39.96,35.536075592041016,4.98,0.0,0
47038,0.341,75.586,0.0,0.0,448.10900000000004,0.0,0.0,0.0,5.742,0,1.0,0.03,309.69,-0.9650000000000001,40.44,35.536075592041016,4.98,0.0,0
47038,0.512,75.586,0.0,0.0,448.10900000000004,0.0,0.0,0.0,5.742,0,2.0,0.05,309.825,-2.9692000000000003,39.9,35.536075592041016,4.98,0.0,0
47038,0.512,75.586,0.0,0.0,447.988,0.0,0.0,0.0,5.742,0,1.0,0.045,309.69,2.2681,39.480000000000004,35.536075592041016,4.98,0.0,0
47038,0.512,75.586,0.0,0.0,448.23,0.0,0.0,0.0,5.742,0,3.0,0.035,309.69,-0.6598,38.85,35.536075592041016,4.98,0.0,0
47038,0.512,75.586,0.0,0.0,448.291,0.0,0.0,0.0,5.742,0,2.0,0.04,309.825,-1.4104,37.410000000000004,35.536075592041016,4.98,0.0,0
47038,0.341,75.586,0.0,0.0,448.351,0.0,0.0,0.0,5.742,0,3.0,0.04,309.825,1.5588000000000002,36.78,35.536075592041016,4.98,0.0,0
47038,0.512,75.586,0.0,0.0,448.048,0.0,0.0,0.0,5.742,0,1.0,0.03,309.69,-1.5836000000000001,37.050000000000004,35.536075592041016,4.98,0.0,0
47038,0.171,75.586,0.0,0.0,447.927,0.0,0.0,0.0,5.742,0,2.0,0.025,309.69,-0.5691,38.67,35.536075592041016,4.98,0.0,0
47038,0.341,75.586,0.5,0.0,447.927,0.0,0.0,0.0,5.742,0,2.0,0.045,309.69,1.4516,40.050000000000004,35.536075592041016,4.98,0.0,0
47038,0.512,75.586,0.0,0.0,447.927,0.0,0.0,0.0,5.742,0,2.0,0.05,309.915,2.4001,41.01,35.536075592041016,4.98,0.0,0
47038,0.682,75.586,0.0,0.0,448.10900000000004,0.0,0.0,0.0,5.742,0,1.0,0.04,309.825,3.2991,40.29,35.536075592041016,4.98,0.0,0
47038,0.682,75.586,-0.5,0.0,448.169,0.0,0.0,0.0,5.742,0,2.0,0.055,309.69,-1.5836000000000001,39.99,35.536075592041016,4.98,0.0,0
47038,0.341,75.586,0.0,0.0,448.169,0.0,0.0,0.0,5.742,0,3.0,0.03,309.69,-2.9032,39.93,35.536075592041016,4.98,0.0,0
47038,0.0,75.586,0.0,0.0,447.988,0.0,0.0,0.0,5.742,0,2.0,0.05,309.69,-6.2023,38.85,35.536075592041016,4.98,0.0,0
47038,0.341,75.586,-0.5,0.0,447.927,0.0,0.0,0.0,5.742,0,2.0,0.06,309.825,2.6393,39.33,35.536075592041016,4.98,0.0,0
47038,0.512,75.586,0.0,0.0,447.867,0.0,0.0,0.0,5.742,0,2.0,0.085,309.915,5.5425,39.6,35.536075592041016,4.98,0.0,0
47038,0.512,75.586,0.0,0.0,448.10900000000004,0.0,0.0,0.0,5.742,0,2.0,0.04,309.825,-5.1136,38.61,35.536075592041016,4.98,0.0,0
47038,0.512,75.586,0.0,0.0,447.806,0.0,0.0,0.0,5.742,0,2.0,0.035,309.69,-3.8270000000000004,37.77,35.536075592041016,4.98,0.0,0
47038,0.171,75.586,0.0,0.0,447.988,0.0,0.0,0.0,5.742,0,2.0,0.07,309.825,0.8578,37.2,35.536075592041016,4.98,0.0,0
47038,0.512,75.586,0.0,0.0,448.169,0.0,0.0,0.0,5.742,0,2.0,0.02,309.825,0.7918000000000001,36.6,35.536075592041016,4.98,0.0,0
47038,0.512,75.586,0.0,0.0,447.988,0.0,0.0,0.0,5.742,0,2.0,0.02,309.69,0.0,37.44,35.536075592041016,4.98,0.0,0
47038,0.341,75.586,0.0,0.0,447.927,0.0,0.0,0.0,5.742,0,2.0,0.05,309.69,-5.5425,38.88,35.536075592041016,4.98,0.0,0
47038,0.341,75.586,0.0,0.0,447.867,0.0,0.0,0.0,5.742,0,2.0,0.025,309.825,0.0,39.81,35.536075592041016,4.98,0.0,0
47038,0.512,75.586,0.0,0.0,447.625,0.0,0.0,0.0,5.742,0,2.0,0.055,309.825,3.563,40.11,35.536075592041016,4.98,0.0,0
47038,0.512,75.586,-0.5,0.0,447.625,0.0,0.0,0.0,5.742,0,2.0,0.03,309.69,0.0,39.51,35.536075592041016,4.98,0.0,0
47038,0.512,75.586,0.0,0.0,448.169,0.0,0.0,0.0,5.742,0,2.0,0.085,309.69,-1.5836000000000001,38.58,35.536075592041016,4.98,0.0,0
47038,0.512,75.586,0.0,0.0,448.351,0.0,0.0,0.0,5.742,0,3.0,0.035,309.69,-0.6928000000000001,38.43,35.536075592041016,4.98,0.0,0
47038,0.512,75.586,0.0,0.0,448.291,0.0,0.0,0.0,5.742,0,3.0,0.06,309.69,-1.5836000000000001,38.31,35.536075592041016,4.98,0.0,0
47038,0.512,75.586,0.0,0.0,448.048,0.0,0.0,0.0,5.742,0,3.0,0.045,309.825,3.8600000000000003,38.58,35.536075592041016,4.98,0.0,0
47038,0.0,75.586,0.0,0.0,447.927,0.0,0.0,0.0,5.742,0,2.0,0.015,309.825,5.938400000000001,37.68,35.536075592041016,4.98,0.0,0
47038,0.512,75.586,0.0,0.0,448.351,0.0,0.0,0.0,5.742,0,2.0,0.065,309.69,-1.3196,36.78,35.536075592041016,4.98,0.0,0
47038,0.341,75.586,0.0,0.0,448.10900000000004,0.0,0.0,0.0,5.742,0,1.0,0.04,309.825,-5.1466,36.18,35.536075592041016,4.98,0.0,0
47038,0.0,75.586,0.0,0.0,448.291,0.0,0.0,0.0,5.742,0,2.0,0.04,309.825,-1.5836000000000001,36.6,35.536075592041016,4.98,0.0,0
47038,0.512,75.586,0.0,0.0,448.23,0.0,0.0,0.0,5.742,0,2.0,0.05,309.825,3.6950000000000003,38.1,35.536075592041016,4.98,0.0,0
47038,0.341,75.586,0.0,0.0,448.291,0.0,0.0,0.0,5.742,0,2.0,0.065,309.825,0.0,39.6,35.536075592041016,4.98,0.0,0
47038,0.682,75.586,0.0,0.0,447.988,0.0,0.0,0.0,5.742,0,2.0,0.055,309.825,0.39590000000000003,40.44,35.536075592041016,4.98,0.0,0
47038,0.171,75.586,0.0,0.0,447.867,0.0,0.0,0.0,5.742,0,2.0,0.04,309.825,0.7918000000000001,40.050000000000004,35.536075592041016,4.98,0.0,0
47038,0.682,75.586,0.0,0.0,448.048,0.0,0.0,0.0,5.742,0,2.0,0.045,309.825,0.39590000000000003,39.0,35.536075592041016,4.98,0.0,0
47038,0.341,75.586,-0.5,0.0,448.291,0.0,0.0,0.0,5.742,0,2.0,0.035,309.825,2.3754,37.92,35.536075592041016,4.98,0.0,0
47038,0.341,75.586,0.0,0.0,448.10900000000004,0.0,0.0,0.0,5.742,0,2.0,0.06,309.825,1.9795,37.11,35.536075592041016,4.98,0.0,0
47038,0.512,75.586,0.0,0.0,448.10900000000004,0.0,0.0,0.0,5.742,0,2.0,0.035,309.825,2.1774,36.9,35.536075592041016,4.98,0.0,0
47038,0.341,75.586,0.0,0.0,448.10900000000004,0.0,0.0,0.0,5.742,0,2.0,0.05,309.825,-2.1774,36.69,35.536075592041016,4.98,0.0,0
47038,0.341,75.586,0.0,0.0,448.169,0.0,0.0,0.0,5.742,0,2.0,0.025,309.915,-2.2599,37.050000000000004,35.536075592041016,4.98,0.0,0
47038,0.171,75.586,0.0,0.0,448.10900000000004,0.0,0.0,0.0,5.742,0,1.0,0.055,309.69,-0.0412,36.96,35.536075592041016,4.98,0.0,0
47038,0.512,75.586,0.0,0.0,448.10900000000004,0.0,0.0,0.0,5.742,0,1.0,0.08,309.825,0.0,37.5,35.536075592041016,4.98,0.0,0
47038,0.341,75.586,0.0,0.0,448.169,0.0,0.0,0.0,5.742,0,1.0,0.055,309.825,-2.1362,38.22,35.536075592041016,4.98,0.0,0
47038,0.171,75.586,0.0,0.0,448.23,0.0,0.0,0.0,5.742,0,2.0,0.025,309.825,1.9547,38.37,35.536075592041016,4.98,0.0,0
47038,0.171,75.586,0.0,0.0,448.10900000000004,0.0,0.0,0.0,5.742,0,2.0,0.035,309.69,-2.5486,39.63,35.536075592041016,4.98,0.0,0
47038,0.341,75.586,0.0,0.0,447.806,0.0,0.0,0.0,5.742,0,3.0,0.065,309.915,1.0392000000000001,39.63,35.536075592041016,4.98,0.0,0
47038,0.682,75.586,0.0,0.0,447.806,0.0,0.0,0.0,5.742,0,2.0,0.01,309.825,5.5425,39.75,35.536075592041016,4.98,0.0,0
47038,0.171,75.586,0.0,0.0,448.291,0.0,0.0,0.0,5.742,0,1.0,0.07,309.69,0.19790000000000002,39.75,35.536075592041016,4.98,0.0,0
47038,0.512,75.586,0.0,0.0,448.048,0.0,0.0,0.0,5.742,0,2.0,0.065,309.69,-9.1303,38.730000000000004,35.536075592041016,4.98,0.0,0
47038,0.0,75.586,-0.5,0.0,447.927,0.0,0.0,0.0,5.742,0,2.0,0.075,309.825,-3.1672000000000002,38.04,35.536075592041016,4.98,0.0,0
47038,0.853,75.586,0.0,0.0,448.048,0.0,0.0,0.0,5.742,0,2.0,0.03,309.69,2.5981,37.65,35.536075592041016,4.98,0.0,0
47038,0.171,75.586,0.0,0.0,448.169,0.0,0.0,0.0,5.742,0,2.0,0.035,309.6,-3.0847,37.11,35.536075592041016,4.98,0.0,0
47038,0.512,75.586,0.0,0.0,447.988,0.0,0.0,0.0,5.742,0,2.0,0.035,309.69,-3.1012,37.02,35.536075592041016,4.98,0.0,0
47038,0.171,75.586,0.0,0.0,447.806,0.0,0.0,0.0,5.742,0,2.0,0.0,309.69,4.9487000000000005,37.980000000000004,35.536075592041016,4.98,0.0,0
47038,0.341,75.586,0.0,0.0,447.806,0.0,0.0,0.2,5.742,0,2.0,0.08,309.69,0.3299,38.82,35.536075592041016,4.98,0.0,0
47038,0.512,75.586,0.0,0.0,447.867,0.0,0.0,0.0,5.742,0,2.0,0.025,309.825,-1.0145,39.300000000000004,35.536075592041016,4.98,0.0,0
47038,0.512,75.586,0.0,0.0,448.291,0.0,0.0,0.0,5.742,0,1.0,0.005,309.69,2.5981,38.730000000000004,35.536075592041016,4.98,0.0,0
47038,0.341,75.586,0.0,0.0,448.169,0.0,0.0,0.0,5.742,0,1.0,0.04,309.69,-0.7918000000000001,38.67,35.536075592041016,4.98,0.0,0
47038,0.171,75.586,0.0,0.0,447.806,0.0,0.0,0.0,5.742,0,2.0,0.08,309.69,-2.3754,38.76,35.536075592041016,4.98,0.0,0
47038,0.341,75.586,0.0,0.0,448.048,0.0,0.0,0.0,5.742,0,2.0,0.03,309.915,1.0805,39.18,35.536075592041016,4.98,0.0,0
47038,0.341,75.586,0.0,0.0,447.988,0.0,0.0,0.0,5.742,0,2.0,0.06,309.825,4.66,39.36,35.536075592041016,4.98,0.0,0
47038,0.341,75.586,0.0,0.0,447.927,0.0,0.0,0.0,5.742,0,2.0,0.04,309.825,1.3609,38.94,35.536075592041016,4.98,0.0,0
47038,0.512,75.586,0.0,0.0,447.927,0.0,0.0,0.0,5.742,0,2.0,0.065,309.825,0.9567,38.85,35.536075592041016,4.98,0.0,0
47038,0.512,75.586,0.0,0.0,447.988,0.0,0.0,0.0,5.742,0,2.0,0.065,309.825,-1.4516,37.92,35.536075592041016,4.98,0.0,0
47038,0.512,75.586,0.0,0.0,447.806,0.0,0.0,0.0,5.742,0,2.0,0.085,309.825,0.7918000000000001,37.02,35.536075592041016,4.98,0.0,0
47038,0.512,75.586,0.0,0.0,448.23,0.0,0.0,0.0,5.742,0,2.0,0.035,309.825,0.39590000000000003,36.87,35.536075592041016,4.98,0.0,0
47038,0.341,75.586,0.0,0.0,447.988,0.0,0.0,0.0,5.742,0,1.0,0.085,309.69,-3.0682,37.410000000000004,35.536075592041016,4.98,0.0,0
47038,0.512,75.586,0.0,0.0,448.169,0.0,0.0,0.0,5.742,0,2.0,0.065,309.825,-1.1877,38.4,35.536075592041016,4.98,0.0,0
47038,0.171,75.586,0.0,0.0,448.048,0.0,0.0,0.0,5.742,0,2.0,0.09,309.825,4.7507,39.18,35.536075592041016,4.98,0.0,0
47038,0.341,75.586,0.0,0.0,448.291,0.0,0.0,0.0,5.742,0,3.0,0.08,309.915,3.2991,39.81,35.536075592041016,4.98,0.0,0
47038,0.341,75.586,0.0,0.0,448.10900000000004,0.0,0.0,0.0,5.742,0,3.0,0.025,309.825,0.2639,39.09,35.536075592041016,4.98,0.0,0
47038,0.682,75.586,0.0,0.0,447.746,0.0,0.0,0.0,5.742,0,2.0,0.045,309.825,-0.39590000000000003,39.12,35.536075592041016,4.98,0.0,0
47038,0.512,75.586,0.0,0.0,447.927,0.0,0.0,0.0,5.742,0,2.0,0.055,309.825,-0.9897,38.76,35.536075592041016,4.98,0.0,0
47038,0.512,75.586,0.0,0.0,448.048,0.0,0.0,0.0,5.742,0,2.0,0.045,309.825,-0.39590000000000003,39.84,35.536075592041016,4.98,0.0,0
47038,0.512,75.586,0.0,0.0,448.048,0.0,0.0,0.0,5.742,0,3.0,0.05,309.825,0.2639,39.39,35.536075592041016,4.98,0.0,0
47038,0.512,75.586,0.0,0.0,448.10900000000004,0.0,0.0,0.0,5.742,0,2.0,0.04,309.69,-1.4516,38.04,35.536075592041016,4.98,0.0,0
47038,0.512,75.586,0.0,0.0,447.927,0.0,0.0,0.0,5.742,0,2.0,0.06,309.825,-4.7507,37.02,35.536075592041016,4.98,0.0,0
47038,0.171,75.586,0.0,0.0,447.806,0.0,0.0,0.0,5.742,0,2.0,-0.005,309.825,-0.7918000000000001,37.410000000000004,35.536075592041016,4.98,0.0,0
47038,0.512,75.586,0.0,0.0,447.806,0.0,0.0,0.0,5.742,0,1.0,0.02,309.825,0.0,37.44,35.536075592041016,4.98,0.0,0
47038,0.512,75.586,0.0,0.0,447.806,0.0,0.0,0.0,5.742,0,2.0,0.04,309.69,0.9897,38.61,35.536075592041016,4.98,0.0,0
47038,0.512,75.586,0.0,0.0,447.927,0.0,0.0,0.0,5.742,0,2.0,0.06,309.69,0.2227,39.84,35.536075592041016,4.98,0.0,0
47038,0.341,75.586,0.0,0.0,447.927,0.0,0.0,-0.2,5.742,0,2.0,0.045,309.825,1.3856000000000002,40.44,35.536075592041016,4.98,0.0,0
47038,0.0,75.586,0.0,0.0,447.988,0.0,0.0,0.0,5.742,0,3.0,0.035,309.69,0.19790000000000002,40.980000000000004,35.536075592041016,4.98,0.0,0
47038,0.512,75.586,0.0,0.0,447.806,0.0,0.0,0.0,5.742,0,2.0,0.02,309.69,-2.9445,40.59,35.536075592041016,4.98,0.0,0
47038,0.341,75.586,0.0,0.0,447.927,0.0,0.0,0.0,5.742,0,2.0,0.0,309.69,0.8165,39.78,35.536075592041016,4.98,0.0,0
47038,0.512,75.586,0.0,0.0,447.927,0.0,0.0,0.0,5.742,0,2.0,0.07,309.825,5.4106000000000005,38.82,35.536075592041016,4.98,0.0,0
47038,0.682,75.586,0.0,0.0,448.048,0.0,0.0,0.0,5.742,0,2.0,0.065,309.69,-0.46190000000000003,39.09,35.536075592041016,4.98,0.0,0
47038,0.512,75.586,0.0,0.0,448.291,0.0,0.0,0.0,5.742,0,2.0,0.025,309.69,-4.923900000000001,38.7,35.536075592041016,4.98,0.0,0
47038,0.512,75.586,0.0,0.0,448.47200000000004,0.0,0.0,0.0,5.742,0,1.0,0.045,309.825,1.9795,38.1,35.536075592041016,4.98,0.0,0
47038,0.341,75.586,0.0,0.0,448.169,0.0,0.0,0.0,5.742,0,1.0,0.08,309.69,3.8270000000000004,37.65,35.536075592041016,4.98,0.0,0
47038,0.853,75.586,0.0,0.0,448.10900000000004,0.0,0.0,0.0,5.742,0,2.0,0.04,309.825,-0.2887,37.56,35.536075592041016,4.98,0.0,0
47038,0.341,75.586,0.0,0.0,448.10900000000004,0.0,0.0,0.0,5.742,0,2.0,0.05,309.825,0.9897,38.01,35.536075592041016,4.98,0.0,0
47038,0.512,75.586,0.0,0.0,447.867,0.0,0.0,0.0,5.742,0,2.0,0.075,309.69,-0.39590000000000003,39.78,35.536075592041016,4.98,0.0,0
47038,0.512,75.586,0.0,0.0,447.988,0.0,0.0,0.0,5.742,0,2.0,0.035,309.825,-1.1877,40.980000000000004,35.536075592041016,4.98,0.0,0
47038,0.512,75.586,0.0,0.0,447.927,0.0,0.0,0.0,5.742,0,2.0,0.085,309.825,2.7713,41.82,35.536075592041016,4.98,0.0,0
47038,0.171,75.586,0.0,0.0,447.927,0.0,0.0,0.0,5.742,0,2.0,0.065,309.825,4.024900000000001,41.04,35.536075592041016,4.98,0.0,0
47038,0.512,75.586,0.0,0.0,447.927,0.0,0.0,0.0,5.742,0,2.0,0.07,309.69,-2.4166000000000003,40.38,35.536075592041016,4.98,0.0,0
47038,0.341,75.586,0.0,0.0,447.927,0.0,0.0,0.0,5.742,0,2.0,0.035,309.825,-0.9238000000000001,39.39,35.536075592041016,4.98,0.0,0
47038,0.341,75.586,0.0,0.0,448.048,0.0,0.0,0.0,5.742,0,2.0,0.04,309.69,-0.43710000000000004,39.09,35.536075592041016,4.98,0.0,0
47038,0.512,75.586,0.0,0.0,448.291,0.0,0.0,0.0,5.742,0,2.0,0.035,309.69,-2.7465,38.82,35.536075592041016,4.98,0.0,0
47038,0.512,75.586,0.0,0.0,448.169,0.0,0.0,0.0,5.742,0,2.0,0.015,309.825,0.9897,37.800000000000004,35.536075592041016,4.98,0.0,0
47038,0.341,75.586,0.0,0.0,448.291,0.0,0.0,0.0,5.742,0,1.0,0.045,309.825,2.1527000000000003,37.62,35.536075592041016,4.98,0.0,0
47038,0.512,75.586,0.0,0.0,447.988,0.0,0.0,0.0,5.742,0,2.0,0.06,309.69,-0.5938,38.13,35.536075592041016,4.98,0.0,0
47038,0.0,75.586,0.0,0.0,447.927,0.0,0.0,0.0,5.742,0,2.0,0.055,309.825,0.5938,38.61,35.536075592041016,4.98,0.0,0
47038,0.512,75.586,0.0,0.0,448.10900000000004,0.0,0.0,0.0,5.742,0,2.0,0.035,309.69,-0.5691,39.78,35.536075592041016,4.98,0.0,0
47038,0.512,75.586,0.0,0.0,447.988,0.0,0.0,0.0,5.742,0,2.0,0.025,309.69,-3.7363000000000004,40.65,35.536075592041016,4.98,0.0,0
47038,0.512,75.586,0.0,0.0,448.048,0.0,0.0,0.0,5.742,0,1.0,0.04,309.69,-3.563,40.68,35.536075592041016,4.98,0.0,0
47038,0.171,75.586,0.0,0.0,447.806,0.0,0.0,0.0,5.742,0,2.0,0.07,309.915,-1.3856000000000002,40.65,35.536075592041016,4.98,0.0,0
47038,0.0,75.586,0.0,0.0,448.291,0.0,0.0,0.0,5.742,0,1.0,0.02,309.825,4.7507,40.44,35.536075592041016,4.98,0.0,0
47038,0.341,75.586,0.0,0.0,448.10900000000004,0.0,0.0,0.0,5.742,0,1.0,0.055,309.69,3.4311000000000003,40.02,35.536075592041016,4.98,0.0,0
47038,0.512,75.586,0.0,0.0,448.291,0.0,0.0,0.0,5.742,0,1.0,0.015,309.825,-1.0557,39.33,35.536075592041016,4.98,0.0,0
47038,0.512,75.586,0.0,0.0,448.291,0.0,0.0,0.0,5.742,0,1.0,0.025,309.825,-0.7918000000000001,38.46,35.536075592041016,4.98,0.0,0
47038,0.171,75.586,0.0,0.0,448.291,0.0,0.0,0.0,5.742,0,1.0,0.015,309.69,-1.5836000000000001,38.19,35.536075592041016,4.98,0.0,0
47038,0.341,75.586,0.0,0.0,447.988,0.0,0.0,0.0,5.742,0,2.0,0.105,309.825,1.5836000000000001,37.92,35.536075592041016,4.98,0.0,0
47038,0.341,75.586,0.0,0.0,448.41200000000003,0.0,0.0,0.0,5.742,0,3.0,0.015,309.825,1.1877,37.800000000000004,35.536075592041016,4.98,0.0,0
47038,0.512,75.586,0.0,0.0,448.291,0.0,0.0,0.0,5.742,0,3.0,0.09,309.825,-0.099,38.76,35.536075592041016,4.98,0.0,0
47038,0.512,75.586,0.0,0.0,448.10900000000004,0.0,0.0,0.0,5.742,0,3.0,0.03,309.825,2.3754,39.660000000000004,35.536075592041016,4.98,0.0,0
47038,0.341,75.586,0.0,0.0,448.10900000000004,0.0,0.0,0.0,5.742,0,2.0,0.035,309.825,3.9589000000000003,40.26,35.536075592041016,4.98,0.0,0
47038,0.341,75.586,0.0,0.0,448.048,0.0,0.0,0.0,5.742,0,2.0,0.02,309.915,3.4311000000000003,40.5,35.536075592041016,4.98,0.0,0
47038,0.512,75.586,0.0,0.0,448.048,0.0,0.0,0.0,5.742,0,2.0,0.08,309.825,-1.5836000000000001,40.77,35.536075592041016,4.98,0.0,0
47038,0.512,75.586,0.0,0.0,447.746,0.0,0.0,0.0,5.742,0,2.0,0.01,309.825,-1.1877,40.230000000000004,35.536075592041016,4.98,0.0,0
47038,0.341,75.586,0.0,0.0,447.625,0.0,0.0,0.0,5.742,0,2.0,0.035,309.825,-0.46190000000000003,39.87,35.536075592041016,4.98,0.0,0
47038,0.512,75.586,0.0,0.0,447.806,0.0,0.0,0.0,5.742,0,2.0,0.03,309.69,-3.1672000000000002,39.75,35.536075592041016,4.98,0.0,0
47038,0.512,75.586,0.0,0.0,447.927,0.0,0.0,0.0,5.742,0,2.0,0.045,309.825,2.3754,39.99,35.536075592041016,4.98,0.0,0
47038,0.512,75.586,0.0,0.0,447.685,0.0,0.0,0.0,5.742,0,2.0,0.09,309.825,1.4516,39.45,35.536075592041016,4.98,0.0,0
47038,0.341,75.586,0.0,0.0,447.625,0.0,0.0,0.0,5.742,0,1.0,0.04,309.825,-1.1547,39.0,35.536075592041016,4.98,0.0,0
47038,0.853,75.586,0.0,0.0,447.685,0.0,0.0,0.0,5.742,0,2.0,0.035,309.69,-1.0557,38.43,35.536075592041016,4.98,0.0,0
47038,0.512,75.586,0.0,0.0,447.927,0.0,0.0,0.0,5.742,0,2.0,0.05,309.69,-2.2764,38.160000000000004,35.536075592041016,4.98,0.0,0
47038,0.341,75.586,0.0,0.0,447.806,0.0,0.0,0.0,5.742,0,2.0,0.035,309.69,-4.486800000000001,39.72,35.536075592041016,4.98,0.0,0
47038,0.512,75.586,0.0,0.0,447.806,0.0,0.0,0.0,5.742,0,2.0,0.065,309.825,1.4846000000000001,40.17,35.536075592041016,4.98,0.0,0
47038,0.341,75.586,0.0,0.0,447.806,0.0,0.0,0.0,5.742,0,2.0,0.005,309.69,-0.39590000000000003,40.95,35.536075592041016,4.98,0.0,0
47038,0.512,75.586,0.0,0.0,447.806,0.0,0.0,0.0,5.742,0,2.0,0.05,309.69,-0.9897,41.04,35.536075592041016,4.98,0.0,0
47038,0.341,75.586,0.0,0.0,447.806,0.0,0.0,0.0,5.742,0,2.0,0.065,309.825,1.5588000000000002,41.25,35.536075592041016,4.98,0.0,0
47038,0.341,75.586,0.0,0.0,447.927,0.0,0.0,0.0,5.742,0,1.0,0.03,309.825,1.5836000000000001,40.77,35.536075592041016,4.98,0.0,0
47038,0.512,75.586,0.0,0.0,447.685,0.0,0.0,0.0,5.742,0,2.0,0.02,309.825,0.5691,40.02,35.536075592041016,4.98,0.0,0
47038,0.512,75.586,0.0,0.0,447.806,0.0,0.0,0.0,5.742,0,1.0,0.04,309.69,0.42060000000000003,39.18,35.536075592041016,4.98,0.0,0
47038,0.341,75.586,0.0,0.0,447.927,0.0,0.0,0.0,5.742,0,2.0,0.125,309.69,0.46190000000000003,37.65,35.536075592041016,4.98,0.0,0
47038,0.512,75.586,0.0,0.0,447.927,0.0,0.0,0.0,5.742,0,2.0,0.045,309.69,-3.6043000000000003,36.72,35.536075592041016,4.98,0.0,0
47038,0.171,75.586,0.0,0.0,447.988,0.0,0.0,0.0,5.742,0,2.0,0.05,309.825,-1.7815,37.29,35.536075592041016,4.98,0.0,0
47038,0.512,75.586,0.0,0.0,448.10900000000004,0.0,0.0,0.0,5.742,0,2.0,0.035,309.825,1.3609,37.95,35.536075592041016,4.98,0.0,0
47038,0.512,75.586,0.0,0.0,447.867,0.0,0.0,0.0,5.742,0,2.0,0.04,309.69,0.19790000000000002,39.09,35.536075592041016,4.98,0.0,0
47038,0.512,75.586,0.0,0.0,447.867,0.0,0.0,0.0,5.742,0,2.0,0.03,309.915,-1.864,40.26,35.536075592041016,4.98,0.0,0
47038,0.341,75.586,0.0,0.0,447.867,0.0,0.0,0.0,5.742,0,2.0,0.035,309.825,1.6908,40.230000000000004,35.536075592041016,4.98,0.0,0
47038,0.171,75.586,0.0,0.0,448.291,0.0,0.0,0.0,5.742,0,1.0,0.05,309.825,-1.4104,39.78,35.536075592041016,4.98,0.0,0
47038,0.341,75.586,0.0,0.0,447.927,0.0,0.0,0.0,5.742,0,2.0,0.075,309.69,-5.344600000000001,39.51,35.536075592041016,4.98,0.0,0
47038,0.682,75.586,0.0,0.0,447.927,0.0,0.0,0.0,5.742,0,1.0,0.03,309.825,0.9897,39.87,35.536075592041016,4.98,0.0,0
47038,0.341,75.586,0.0,0.0,447.927,0.0,0.0,0.0,5.742,0,2.0,0.065,309.69,1.1217000000000001,39.69,35.536075592041016,4.98,0.0,0
47038,0.171,75.586,0.0,0.0,447.867,0.0,0.0,0.0,5.742,0,2.0,0.03,309.915,-0.17320000000000002,39.51,35.536075592041016,4.98,0.0,0
47038,0.341,75.586,0.0,0.0,448.048,0.0,0.0,0.0,5.742,0,2.0,0.075,309.825,0.6103000000000001,38.160000000000004,35.536075592041016,4.98,0.0,0
47038,0.341,75.586,0.0,0.0,447.988,0.0,0.0,0.0,5.742,0,2.0,0.04,309.825,5.1219,37.050000000000004,35.536075592041016,4.98,0.0,0
47038,0.341,75.586,0.0,0.0,447.988,0.0,0.0,0.0,5.742,0,2.0,0.065,309.825,4.9157,37.050000000000004,35.536075592041016,4.98,0.0,0
47038,0.512,75.586,0.0,0.0,448.169,0.0,0.0,0.0,5.742,0,2.0,0.06,309.69,-2.6393,36.57,35.536075592041016,4.98,0.0,0
47038,0.341,75.586,0.0,0.0,447.625,0.0,0.0,0.0,5.742,0,2.0,0.015,309.69,-6.2353000000000005,36.84,35.536075592041016,4.98,0.0,0
47038,0.682,75.586,0.0,0.0,447.32300000000004,0.0,0.0,0.0,5.742,0,1.0,0.065,309.825,0.0,38.94,35.536075592041016,4.98,0.0,0
47038,0.341,75.586,0.0,0.0,447.685,0.0,0.0,0.0,5.742,0,2.0,0.11,309.825,6.2353000000000005,40.26,35.536075592041016,4.98,0.0,0
47038,0.341,75.586,0.0,0.0,448.048,0.0,0.0,0.0,5.742,0,2.0,0.035,309.825,2.7713,39.87,35.536075592041016,4.98,0.0,0
47038,0.171,75.586,0.0,0.0,448.169,0.0,0.0,0.0,5.742,0,1.0,0.06,309.825,-1.5836000000000001,39.27,35.536075592041016,4.98,0.0,0
47038,0.341,75.586,0.0,0.0,448.23,0.0,0.0,0.0,5.742,0,2.0,0.085,309.69,-2.3754,39.24,35.536075592041016,4.98,0.0,0
47038,0.341,75.586,0.0,0.0,448.10900000000004,0.0,0.0,0.0,5.742,0,2.0,0.03,309.825,-0.7918000000000001,39.18,35.536075592041016,4.98,0.0,0
47038,0.512,75.586,0.0,0.0,447.927,0.0,0.0,0.0,5.742,0,2.0,0.065,309.825,-1.1877,39.0,35.536075592041016,4.98,0.0,0
47038,0.171,75.586,0.0,0.0,447.927,0.0,0.0,0.0,5.742,0,3.0,0.035,309.825,-0.8908,39.300000000000004,35.536075592041016,4.98,0.0,0
47038,0.341,75.586,0.0,0.0,447.927,0.0,0.0,0.0,5.742,0,2.0,0.065,309.825,0.0,38.94,35.536075592041016,4.98,0.0,0
47038,0.512,75.586,0.0,0.0,448.048,0.0,0.0,0.0,5.742,0,2.0,0.065,309.825,0.0,37.62,35.536075592041016,4.98,0.0,0
47038,0.341,75.586,0.0,0.0,447.867,0.0,0.0,0.0,5.742,0,2.0,0.005,309.69,-0.7918000000000001,37.5,35.536075592041016,4.98,0.0,0
47038,0.512,75.586,0.0,0.0,448.291,0.0,0.0,0.0,5.742,0,2.0,0.045,309.825,1.5836000000000001,37.71,35.536075592041016,4.98,0.0,0
47038,0.341,75.586,0.0,0.0,448.41200000000003,0.0,0.0,0.0,5.742,0,2.0,0.08,309.69,0.132,39.09,35.536075592041016,4.98,0.0,0
47038,0.682,75.586,0.0,0.0,447.988,0.0,0.0,0.0,5.742,0,2.0,0.05,309.69,0.0,39.96,35.536075592041016,4.98,0.0,0
47038,0.171,75.586,0.0,0.0,447.927,0.0,0.0,0.0,5.742,0,2.0,-0.01,309.69,-2.3754,41.1,35.536075592041016,4.98,0.0,0
47038,0.341,75.586,0.0,0.0,448.10900000000004,0.0,0.0,0.0,5.742,0,2.0,0.08,309.69,0.7918000000000001,40.44,35.536075592041016,4.98,0.0,0
47038,0.512,75.586,0.0,0.0,448.10900000000004,0.0,0.0,0.0,5.742,0,2.0,-0.035,309.69,0.39590000000000003,38.79,35.536075592041016,4.98,0.0,0
47038,0.341,75.586,0.0,0.0,447.988,0.0,0.0,0.0,5.742,0,1.0,0.055,309.825,2.2764,38.07,35.536075592041016,4.98,0.0,0
47038,0.512,75.586,0.0,0.0,448.47200000000004,0.0,0.0,0.0,5.742,0,2.0,0.04,309.825,3.0352,38.46,35.536075592041016,4.98,0.0,0
47038,0.512,75.586,0.0,0.0,448.593,0.0,0.0,0.0,5.742,0,2.0,0.055,309.69,2.3754,38.34,35.536075592041016,4.98,0.0,0
47038,0.341,75.586,0.0,0.0,448.048,0.0,0.0,0.0,5.742,0,1.0,0.045,309.825,-3.1672000000000002,38.1,35.536075592041016,4.98,0.0,0
47038,0.512,75.586,0.0,0.0,448.23,0.0,0.0,0.0,5.742,0,2.0,0.015,309.825,0.7918000000000001,37.53,35.536075592041016,4.98,0.0,0
47038,0.171,75.586,0.0,0.0,448.23,0.0,0.0,0.0,5.742,0,2.0,0.035,309.825,1.1877,37.53,35.536075592041016,4.98,0.0,0
47038,0.512,75.586,0.0,0.0,448.23,0.0,0.0,0.0,5.742,0,1.0,0.025,309.69,3.563,37.38,35.536075592041016,4.98,0.0,0
47038,0.512,75.586,0.0,0.0,448.048,0.0,0.0,0.0,5.742,0,2.0,0.015,309.69,-3.5383,38.34,35.536075592041016,4.98,0.0,0
47038,0.341,75.586,0.0,0.0,448.10900000000004,0.0,0.0,-0.2,5.742,0,2.0,0.025,309.825,-2.9692000000000003,39.9,35.536075592041016,4.98,0.0,0
47038,0.682,75.586,0.0,0.0,448.291,0.0,0.0,0.0,5.742,0,2.0,0.07,309.69,0.8165,40.38,35.536075592041016,4.98,0.0,0
47038,0.682,75.586,0.0,0.0,448.10900000000004,0.0,0.0,0.0,5.742,0,1.0,0.085,309.915,0.48660000000000003,40.2,35.536075592041016,4.98,0.0,0
47038,0.512,75.586,0.0,0.0,448.10900000000004,0.0,0.0,0.0,5.742,0,2.0,0.06,309.825,2.0867,39.93,35.536075592041016,4.98,0.0,0
47038,0.341,75.586,0.0,0.0,448.41200000000003,0.0,0.0,0.0,5.742,0,2.0,0.0,309.825,4.3301,39.06,35.536075592041016,4.98,0.0,0
47038,0.512,75.586,0.0,0.0,448.47200000000004,0.0,0.0,0.0,5.742,0,2.0,0.015,309.825,0.37120000000000003,38.85,35.536075592041016,4.98,0.0,0
47038,0.171,75.586,0.0,0.0,448.291,0.0,0.0,0.0,5.742,0,2.0,0.05,309.69,-2.0867,38.61,35.536075592041016,4.98,0.0,0
47038,0.341,75.586,0.0,0.0,447.988,0.0,0.0,0.0,5.742,0,3.0,0.04,309.915,-1.1382,38.61,35.536075592041016,4.98,0.0,0
47038,0.682,75.586,0.0,0.0,448.10900000000004,0.0,0.0,0.0,5.742,0,2.0,0.055,309.69,-1.2949000000000002,38.4,35.536075592041016,4.98,0.0,0
47038,0.341,75.586,0.0,0.0,448.41200000000003,0.0,0.0,-0.2,5.742,0,3.0,0.12,309.825,-1.4516,38.04,35.536075592041016,4.98,0.0,0
47038,0.682,75.586,0.0,0.0,448.23,0.0,0.0,0.0,5.742,0,3.0,0.05,309.69,-1.4104,37.92,35.536075592041016,4.98,0.0,0
47038,0.512,75.586,0.0,0.0,447.927,0.0,0.0,0.0,5.742,0,2.0,0.055,309.825,0.9897,38.88,35.536075592041016,4.98,0.0,0
47038,0.171,75.586,0.0,0.0,448.351,0.0,0.0,0.0,5.742,0,2.0,-0.005,309.825,0.7918000000000001,40.26,35.536075592041016,4.98,0.0,0
47038,0.171,75.586,0.0,0.0,448.41200000000003,0.0,0.0,0.0,5.742,0,2.0,0.04,309.825,4.5528,40.410000000000004,35.536075592041016,4.98,0.0,0
47038,0.512,75.586,0.0,0.0,448.169,0.0,0.0,0.0,5.742,0,2.0,0.045,309.915,-1.6661000000000001,40.47,35.536075592041016,4.98,0.0,0
47038,0.512,75.586,0.0,0.0,448.10900000000004,0.0,0.0,0.0,5.742,0,2.0,0.075,309.69,-3.8022,39.99,35.536075592041016,4.98,0.0,0
47038,0.341,75.586,0.0,0.0,448.23,0.0,0.0,0.0,5.742,0,2.0,0.075,309.69,-0.5691,39.54,35.536075592041016,4.98,0.0,0
47038,0.512,75.586,0.0,0.0,448.291,0.0,0.0,0.0,5.742,0,2.0,0.035,309.69,-1.5176,39.21,35.536075592041016,4.98,0.0,0
47038,0.171,75.586,0.0,0.0,447.867,0.0,0.0,-0.2,5.742,0,2.0,0.055,309.825,1.3609,39.42,35.536075592041016,4.98,0.0,0
47038,0.171,75.586,0.0,0.0,447.806,0.0,0.0,0.0,5.742,0,2.0,0.035,309.825,0.7918000000000001,38.79,35.536075592041016,4.98,0.0,0
47038,0.512,75.586,0.0,0.0,447.806,0.0,0.0,0.0,5.742,0,2.0,0.025,309.825,0.767,38.550000000000004,35.536075592041016,4.98,0.0,0
47038,0.682,75.586,0.0,0.0,447.806,0.0,0.0,0.0,5.742,0,2.0,0.03,309.825,1.9547,38.01,35.536075592041016,4.98,0.0,0
47038,0.171,75.586,0.0,0.0,447.746,0.0,0.0,0.0,5.742,0,3.0,0.07,309.69,-1.9547,39.15,35.536075592041016,4.98,0.0,0
47038,0.682,75.586,0.0,0.0,448.291,0.0,0.0,0.0,5.742,0,3.0,0.075,309.69,-3.3651,40.29,35.536075592041016,4.98,0.0,0
47038,0.512,75.586,0.0,0.0,448.351,0.0,0.0,0.0,5.742,0,3.0,0.03,309.825,-3.3651,40.59,35.536075592041016,4.98,0.0,0
47038,0.853,75.586,0.0,0.0,448.351,0.0,0.0,0.0,5.742,0,2.0,0.035,309.825,-2.3754,40.59,35.536075592041016,4.98,0.0,0
47038,0.512,75.586,0.0,0.0,448.10900000000004,0.0,0.0,0.0,5.742,0,2.0,0.045,309.825,3.9589000000000003,40.38,35.536075592041016,4.98,0.0,0
47038,0.512,75.586,0.0,0.0,448.291,0.0,0.0,0.0,5.742,0,2.0,0.01,309.825,4.1239,40.29,35.536075592041016,4.98,0.0,0
47038,0.512,75.586,0.0,0.0,448.291,0.0,0.0,0.0,5.742,0,2.0,0.055,309.69,-3.4311000000000003,40.35,35.536075592041016,4.98,0.0,0
47038,0.512,75.586,0.0,0.0,448.47200000000004,0.0,0.0,0.0,5.742,0,2.0,0.08,309.825,-4.7507,39.99,35.536075592041016,4.98,0.0,0
47038,0.512,75.586,0.0,0.0,448.23,0.0,0.0,0.0,5.742,0,2.0,0.07,309.825,-0.7918000000000001,39.63,35.536075592041016,4.98,0.0,0
47038,0.682,75.586,0.0,0.0,447.867,0.0,0.0,0.0,5.742,0,3.0,0.05,309.69,2.3754,38.7,35.536075592041016,4.98,0.0,0
47038,0.512,75.586,0.0,0.0,448.10900000000004,0.0,0.0,0.0,5.742,0,2.0,0.06,309.825,1.1877,38.7,35.536075592041016,4.98,0.0,0
47038,0.512,75.586,0.0,0.0,448.048,0.0,0.0,0.0,5.742,0,2.0,0.04,309.6,0.6928000000000001,38.19,35.536075592041016,4.98,0.0,0
47038,0.512,75.586,0.0,0.0,448.169,0.0,0.0,0.0,5.742,0,2.0,0.04,309.825,-0.5279,38.550000000000004,35.536075592041016,4.98,0.0,0
47038,0.171,75.586,0.0,0.0,448.10900000000004,0.0,0.0,0.0,5.742,0,2.0,0.025,309.825,2.6393,39.12,35.536075592041016,4.98,0.0,0
47038,0.512,75.586,0.0,0.0,447.988,0.0,0.0,0.0,5.742,0,2.0,0.06,309.825,6.5982,39.660000000000004,35.536075592041016,4.98,0.0,0
47038,0.341,75.586,0.0,0.0,448.291,0.0,0.0,0.0,5.742,0,2.0,0.08,309.915,0.9897,40.32,35.536075592041016,4.98,0.0,0
47038,0.512,75.586,0.0,0.0,448.169,0.0,0.0,0.0,5.742,0,2.0,0.035,309.825,-1.1877,40.32,35.536075592041016,4.98,0.0,0
47038,0.512,75.586,0.0,0.0,448.10900000000004,0.0,0.0,0.0,5.742,0,2.0,0.01,309.69,-0.9567,40.230000000000004,35.536075592041016,4.98,0.0,0
47038,0.512,75.586,0.0,0.0,448.10900000000004,0.0,0.0,0.0,5.742,0,2.0,0.04,309.69,-4.0909,40.29,35.536075592041016,4.98,0.0,0
47038,0.0,75.586,0.0,0.0,448.291,0.0,0.0,0.0,5.742,0,2.0,0.06,309.69,-4.651800000000001,40.11,35.536075592041016,4.98,0.0,0
47038,0.341,75.586,0.0,0.0,448.048,0.0,0.0,0.0,5.742,0,3.0,0.055,309.825,3.1672000000000002,39.51,35.536075592041016,4.98,0.0,0
47038,0.512,75.586,0.0,0.0,447.927,0.0,0.0,0.0,5.742,0,2.0,0.045,309.69,3.1672000000000002,38.82,35.536075592041016,4.98,0.0,0
47038,0.682,75.586,0.0,0.0,447.927,0.0,0.0,0.0,5.742,0,1.0,0.06,309.69,2.1774,38.82,35.536075592041016,4.98,0.0,0
47038,0.682,75.586,0.0,0.0,448.169,0.0,0.0,0.0,5.742,0,2.0,0.04,309.825,-1.4104,37.86,35.536075592041016,4.98,0.0,0
47038,0.341,75.586,0.0,0.0,448.23,0.0,0.0,0.0,5.742,0,2.0,0.045,309.69,-3.9342,37.14,35.536075592041016,4.98,0.0,0
47038,0.682,75.586,0.0,0.0,448.10900000000004,0.0,0.0,0.0,5.742,0,2.0,0.07,309.69,-0.9897,37.86,35.536075592041016,4.98,0.0,0
47038,0.341,75.586,0.0,0.0,448.23,0.0,0.0,0.0,5.742,0,2.0,0.04,309.69,-2.7713,39.21,35.536075592041016,4.98,0.0,0
47038,0.341,75.586,0.0,0.0,448.41200000000003,0.0,0.0,0.0,5.742,0,2.0,0.04,309.825,4.1321,40.14,35.536075592041016,4.98,0.0,0
47038,0.341,75.586,0.0,0.0,448.23,0.0,0.0,0.0,5.742,0,2.0,-0.035,309.6,2.3919,40.83,35.536075592041016,4.98,0.0,0
47038,0.512,75.586,0.0,0.0,447.927,0.0,0.0,0.0,5.742,0,3.0,0.055,309.69,-1.7155,40.410000000000004,35.536075592041016,4.98,0.0,0
47038,0.512,75.586,0.0,0.0,447.988,0.0,0.0,0.0,5.742,0,2.0,0.1,309.825,-1.9135000000000002,40.11,35.536075592041016,4.98,0.0,0
47038,0.512,75.586,0.0,0.0,448.10900000000004,0.0,0.0,0.0,5.742,0,2.0,0.035,309.825,2.5981,39.45,35.536075592041016,4.98,0.0,0
47038,0.512,75.586,0.0,0.0,448.10900000000004,0.0,0.0,0.0,5.742,0,2.0,0.06,309.69,1.4764000000000002,39.72,35.536075592041016,4.98,0.0,0
47038,0.341,75.586,0.0,0.0,447.927,0.0,0.0,0.0,5.742,0,2.0,0.035,309.69,-3.6043000000000003,39.39,35.536075592041016,4.98,0.0,0
47038,0.341,75.586,0.0,0.0,448.048,0.0,0.0,0.0,5.742,0,2.0,0.04,309.825,-1.6083,38.52,35.536075592041016,4.98,0.0,0
47038,0.171,75.586,0.0,0.0,448.048,0.0,0.0,0.0,5.742,0,1.0,0.045,309.69,3.9589000000000003,37.38,35.536075592041016,4.98,0.0,0
47038,0.512,75.586,0.0,0.0,448.048,0.0,0.0,0.0,5.742,0,2.0,0.07,309.825,0.7918000000000001,37.35,35.536075592041016,4.98,0.0,0
47038,0.512,75.586,0.0,0.0,447.988,0.0,0.0,0.0,5.742,0,2.0,0.035,309.825,-1.3856000000000002,37.53,35.536075592041016,4.98,0.0,0
47038,0.341,75.586,0.0,0.0,448.169,0.0,0.0,0.0,5.742,0,2.0,0.02,309.825,2.3754,39.45,35.536075592041016,4.98,0.0,0
47038,0.341,75.586,0.0,0.0,448.048,0.0,0.0,0.0,5.742,0,2.0,0.03,309.915,0.7093,40.44,35.536075592041016,4.98,0.0,0
47038,0.341,75.586,0.0,0.0,448.10900000000004,0.0,0.0,0.0,5.742,0,1.0,0.05,309.825,0.7258,41.31,35.536075592041016,4.98,0.0,0
47038,0.512,75.586,0.0,0.0,448.169,0.0,0.0,0.0,5.742,0,2.0,0.025,309.69,0.7505000000000001,40.410000000000004,35.536075592041016,4.98,0.0,0
47038,0.341,75.586,0.0,0.0,448.533,0.0,0.0,0.0,5.742,0,2.0,0.09,309.69,-2.8785000000000003,40.17,35.536075592041016,4.98,0.0,0
47038,0.512,75.586,0.0,0.0,448.10900000000004,0.0,0.0,0.0,5.742,0,2.0,0.045,309.825,0.8578,39.9,35.536075592041016,4.98,0.0,0
47038,0.171,75.586,0.0,0.0,447.988,0.0,0.0,0.0,5.742,0,2.0,0.025,309.825,0.8743000000000001,39.72,35.536075592041016,4.98,0.0,0
47038,0.341,75.586,0.0,0.0,448.048,0.0,0.0,0.0,5.742,0,2.0,0.055,309.69,-0.5938,38.61,35.536075592041016,4.98,0.0,0
47038,0.512,75.586,0.0,0.0,448.291,0.0,0.0,0.0,5.742,0,2.0,0.12,309.69,-3.7363000000000004,37.95,35.536075592041016,4.98,0.0,0
47038,0.512,75.586,0.0,0.0,447.927,0.0,0.0,0.0,5.742,0,2.0,0.06,309.825,-0.19790000000000002,37.86,35.536075592041016,4.98,0.0,0
47038,0.512,75.586,0.0,0.0,447.988,0.0,0.0,0.0,5.742,0,2.0,0.01,309.69,1.2124000000000001,38.07,35.536075592041016,4.98,0.0,0
47038,0.512,75.586,0.0,0.0,448.41200000000003,0.0,0.0,0.0,5.742,0,2.0,0.04,309.825,0.5691,38.910000000000004,35.536075592041016,4.98,0.0,0
47038,0.512,75.586,0.0,0.0,448.654,0.0,0.0,0.0,5.742,0,2.0,0.015,309.69,1.4764000000000002,39.45,35.536075592041016,4.98,0.0,0
47038,0.512,75.586,0.0,0.0,448.41200000000003,0.0,0.0,0.0,5.742,0,2.0,0.07,309.69,-0.6598,39.87,35.536075592041016,4.98,0.0,0
47038,0.171,75.586,0.0,0.0,448.291,0.0,0.0,0.0,5.742,0,2.0,0.075,309.825,-3.5878,40.14,35.536075592041016,4.98,0.0,0
47038,0.682,75.586,0.0,0.0,448.169,0.0,0.0,0.0,5.742,0,2.0,0.03,309.825,-3.6950000000000003,40.2,35.536075592041016,4.98,0.0,0
47038,0.512,75.586,0.0,0.0,448.291,0.0,0.0,0.0,5.742,0,2.0,0.04,309.69,3.9589000000000003,39.54,35.536075592041016,4.98,0.0,0
47038,0.512,75.586,0.0,0.0,448.351,0.0,0.0,0.0,5.742,0,2.0,0.045,309.69,2.3754,39.0,35.536075592041016,4.98,0.0,0
47038,0.512,75.586,0.0,0.0,448.291,0.0,0.0,0.0,5.742,0,2.0,0.045,309.69,-4.1239,38.79,35.536075592041016,4.98,0.0,0
47038,0.512,75.586,0.0,0.0,448.533,0.0,0.0,0.0,5.742,0,2.0,0.06,309.69,-2.9032,38.61,35.536075592041016,4.98,0.0,0
47038,0.682,75.586,0.0,0.0,448.533,0.0,0.0,0.0,5.742,0,2.0,0.105,309.69,0.0,38.550000000000004,35.536075592041016,4.98,0.0,0
47038,0.512,75.586,0.0,0.0,448.654,0.0,0.0,0.0,5.742,0,2.0,0.045,309.69,1.5836000000000001,38.22,35.536075592041016,4.98,0.0,0
47038,0.512,75.586,0.0,0.0,448.714,0.0,0.0,0.0,5.742,0,2.0,0.05,309.825,3.0682,37.35,35.536075592041016,4.98,0.0,0
47038,0.171,75.586,0.0,0.0,448.41200000000003,0.0,0.0,0.0,5.742,0,3.0,0.1,309.825,3.9589000000000003,37.32,35.536075592041016,4.98,0.0,0
47038,0.512,75.586,0.0,0.0,448.351,0.0,0.0,0.0,5.742,0,2.0,0.065,309.825,1.4846000000000001,37.29,35.536075592041016,4.98,0.0,0
47038,0.171,75.586,0.0,0.0,448.41200000000003,0.0,0.0,0.0,5.742,0,2.0,0.075,309.6,-3.9589000000000003,38.160000000000004,35.536075592041016,4.98,0.0,0
47038,0.341,75.586,0.0,0.0,448.291,0.0,0.0,0.0,5.742,0,2.0,0.02,309.825,-3.9589000000000003,39.24,35.536075592041016,4.98,0.0,0
47038,0.512,75.586,0.0,0.0,448.351,0.0,0.0,0.0,5.742,0,2.0,0.02,309.69,-3.4311000000000003,39.9,35.536075592041016,4.98,0.0,0
47038,0.853,75.586,0.0,0.0,448.10900000000004,0.0,0.0,0.0,5.742,0,1.0,0.015,309.825,2.7383,39.39,35.536075592041016,4.98,0.0,0
47038,0.512,75.586,0.0,0.0,447.927,0.0,0.0,0.0,5.742,0,2.0,0.045,309.69,-1.1877,38.82,35.536075592041016,4.98,0.0,0
47038,0.682,75.586,0.0,0.0,448.10900000000004,0.0,0.0,0.0,5.742,0,2.0,0.01,309.825,-0.8908,38.28,35.536075592041016,4.98,0.0,0
47038,0.341,75.586,0.0,0.0,448.10900000000004,0.0,0.0,0.0,5.742,0,2.0,0.025,309.825,-0.6846,38.19,35.536075592041016,4.98,0.0,0
47038,0.512,75.586,0.0,0.0,448.291,0.0,0.0,0.0,5.742,0,2.0,0.055,309.69,3.6538000000000004,37.32,35.536075592041016,4.98,0.0,0
47038,0.171,75.586,0.0,0.0,448.351,0.0,0.0,0.0,5.742,0,2.0,0.0,309.915,1.4764000000000002,37.95,35.536075592041016,4.98,0.0,0
47038,0.512,75.586,0.0,0.0,448.47200000000004,0.0,0.0,0.0,5.742,0,3.0,0.025,309.69,-2.9445,37.56,35.536075592041016,4.98,0.0,0
47038,0.341,75.586,0.0,0.0,448.351,0.0,0.0,0.0,5.742,0,2.0,0.085,309.825,2.5073000000000003,37.230000000000004,35.536075592041016,4.98,0.0,0
47038,0.341,75.586,0.0,0.0,448.593,0.0,0.0,0.0,5.742,0,2.0,0.05,309.825,-0.4454,36.75,35.536075592041016,4.98,0.0,0
47038,0.341,75.586,0.0,0.0,448.533,0.0,0.0,0.0,5.742,0,2.0,0.035,309.69,0.6186,36.96,35.536075592041016,4.98,0.0,0
47038,0.341,75.586,0.0,0.0,448.41200000000003,0.0,0.0,0.0,5.742,0,2.0,0.04,309.825,-1.3856000000000002,38.160000000000004,35.536075592041016,4.98,0.0,0
47038,0.341,75.586,0.0,0.0,448.47200000000004,0.0,0.0,0.0,5.742,0,1.0,0.075,309.825,-1.7815,39.33,35.536075592041016,4.98,0.0,0
47038,0.341,75.586,-0.5,0.0,448.351,0.0,0.0,0.0,5.742,0,2.0,0.05,309.825,0.767,39.93,35.536075592041016,4.98,0.0,0
47038,0.341,75.586,0.0,0.0,448.47200000000004,0.0,0.0,0.0,5.742,0,2.0,0.035,309.69,-2.3754,39.18,35.536075592041016,4.98,0.0,0
47038,0.171,75.586,0.0,0.0,448.351,0.0,0.0,0.0,5.742,0,2.0,0.075,309.825,-2.3754,38.49,35.536075592041016,4.98,0.0,0
47038,0.341,75.586,0.0,0.0,448.47200000000004,0.0,0.0,0.0,5.742,0,3.0,0.05,309.825,2.9445,38.22,35.536075592041016,4.98,0.0,0
47038,0.341,75.586,0.0,0.0,448.291,0.0,0.0,0.0,5.742,0,2.0,0.025,309.69,1.3856000000000002,37.410000000000004,35.536075592041016,4.98,0.0,0
47038,0.682,75.586,0.0,0.0,448.10900000000004,0.0,0.0,0.0,5.742,0,2.0,0.045,309.825,-3.5218000000000003,37.230000000000004,35.536075592041016,4.98,0.0,0
47038,0.341,75.586,0.0,0.0,448.47200000000004,0.0,0.0,0.0,5.742,0,2.0,0.045,309.69,-0.43710000000000004,37.44,35.536075592041016,4.98,0.0,0
47038,0.341,75.586,0.0,0.0,448.291,0.0,0.0,0.0,5.742,0,2.0,0.07,309.825,3.7363000000000004,37.5,35.536075592041016,4.98,0.0,0
47038,0.171,75.586,0.0,0.0,448.533,0.0,0.0,0.0,5.742,0,2.0,0.03,309.69,-2.7465,36.93,35.536075592041016,4.98,0.0,0
47038,0.512,75.586,0.0,0.0,448.23,0.0,0.0,0.0,5.742,0,2.0,0.07,309.825,2.0455,37.5,35.536075592041016,4.98,0.0,0
47038,0.341,75.586,0.0,0.0,448.169,0.0,0.0,0.0,5.742,0,2.0,0.025,309.69,-3.0104,38.61,35.536075592041016,4.98,0.0,0
47038,0.341,75.586,0.0,0.0,448.47200000000004,0.0,0.0,0.0,5.742,0,2.0,0.045,309.915,-0.37120000000000003,39.12,35.536075592041016,4.98,0.0,0
47038,0.512,75.586,0.0,0.0,448.291,0.0,0.0,0.0,5.742,0,2.0,0.075,309.69,1.2784,39.24,35.536075592041016,4.98,0.0,0
47038,0.341,75.586,0.0,0.0,448.351,0.0,0.0,0.0,5.742,0,2.0,0.045,309.825,2.4826,39.36,35.536075592041016,4.98,0.0,0
47038,0.0,75.586,0.0,0.0,448.169,0.0,0.0,0.0,5.742,0,2.0,0.08,309.69,-1.6083,40.050000000000004,35.536075592041016,4.98,0.0,0
47038,0.682,75.586,0.0,0.0,448.291,0.0,0.0,0.0,5.742,0,2.0,0.035,309.825,1.2289,38.97,35.536075592041016,4.98,0.0,0
47038,0.341,75.586,0.0,0.0,448.41200000000003,0.0,0.0,0.0,5.742,0,3.0,0.04,309.825,0.9238000000000001,38.94,35.536075592041016,4.98,0.0,0
47038,0.341,75.586,0.0,0.0,448.351,0.0,0.0,0.0,5.742,0,2.0,0.015,309.825,0.7918000000000001,38.22,35.536075592041016,4.98,0.0,0
47038,0.512,75.586,0.0,0.0,448.351,0.0,0.0,0.0,5.742,0,2.0,0.03,309.825,2.7713,37.38,35.536075592041016,4.98,0.0,0
47038,0.512,75.586,0.0,0.0,448.41200000000003,0.0,0.0,0.0,5.742,0,2.0,0.05,309.825,-1.5836000000000001,37.11,35.536075592041016,4.98,0.0,0
47038,0.341,75.586,0.0,0.0,448.23,0.0,0.0,0.0,5.742,0,2.0,0.025,309.69,-4.3548,37.02,35.536075592041016,4.98,0.0,0
47038,0.512,75.586,0.0,0.0,448.47200000000004,0.0,0.0,0.0,5.742,0,2.0,0.05,309.69,0.099,37.230000000000004,35.536075592041016,4.98,0.0,0
47038,0.512,75.586,0.0,0.0,448.41200000000003,0.0,0.0,0.0,5.742,0,1.0,0.08,309.825,1.9795,37.83,35.536075592041016,4.98,0.0,0
47038,0.512,75.586,0.0,0.0,448.47200000000004,0.0,0.0,0.0,5.742,0,2.0,0.03,309.825,2.2764,39.15,35.536075592041016,4.98,0.0,0
47038,0.682,75.586,0.0,0.0,448.169,0.0,0.0,0.0,5.742,0,2.0,0.065,309.825,0.7918000000000001,39.57,35.536075592041016,4.98,0.0,0
47038,0.512,75.586,0.0,0.0,448.351,0.0,0.0,0.0,5.742,0,2.0,0.055,309.69,-5.4435,39.57,35.536075592041016,4.98,0.0,0
47038,0.512,75.586,0.0,0.0,448.169,0.0,0.0,0.0,5.742,0,2.0,0.075,309.825,2.1114,38.94,35.536075592041016,4.98,0.0,0
47038,0.512,75.586,0.0,0.0,448.169,0.0,0.0,0.0,5.742,0,2.0,0.04,309.825,0.7918000000000001,38.4,35.536075592041016,4.98,0.0,0
47038,0.512,75.586,0.0,0.0,448.291,0.0,0.0,0.0,5.742,0,2.0,0.035,309.825,1.4516,38.7,35.536075592041016,4.98,0.0,0
47038,0.512,75.586,0.0,0.0,448.47200000000004,0.0,0.0,0.0,5.742,0,2.0,0.035,309.825,1.5836000000000001,38.34,35.536075592041016,4.98,0.0,0
47038,0.0,75.586,-0.5,0.0,448.714,0.0,0.0,0.0,5.742,0,2.0,0.065,309.69,-5.1466,38.13,35.536075592041016,4.98,0.0,0
47038,0.341,75.586,0.0,0.0,448.47200000000004,0.0,0.0,0.0,5.742,0,3.0,0.02,309.69,-0.6928000000000001,37.410000000000004,35.536075592041016,4.98,0.0,0
47038,0.171,75.586,0.0,0.0,448.23,0.0,0.0,0.0,5.742,0,3.0,0.02,309.69,-0.7918000000000001,37.29,35.536075592041016,4.98,0.0,0
47038,0.341,75.586,0.0,0.0,448.291,0.0,0.0,0.0,5.742,0,2.0,0.02,309.825,-0.8908,36.78,35.536075592041016,4.98,0.0,0
47038,0.341,75.586,0.0,0.0,448.291,0.0,0.0,0.0,5.742,0,2.0,0.04,309.69,2.1114,38.04,35.536075592041016,4.98,0.0,0
47038,0.512,75.586,0.0,0.0,448.41200000000003,0.0,0.0,0.0,5.742,0,2.0,0.06,309.69,0.7918000000000001,39.24,35.536075592041016,4.98,0.0,0
47038,0.512,75.586,0.0,0.0,448.41200000000003,0.0,0.0,0.0,5.742,0,2.0,0.09,309.69,-6.0704,39.69,35.536075592041016,4.98,0.0,0
47038,0.512,75.586,0.0,0.0,448.41200000000003,0.0,0.0,0.0,5.742,0,2.0,0.045,309.825,-2.4743,39.39,35.536075592041016,4.98,0.0,0
47038,0.682,75.586,0.0,0.0,448.41200000000003,0.0,0.0,0.0,5.742,0,2.0,0.025,309.825,-2.2022,39.36,35.536075592041016,4.98,0.0,0
47038,0.512,75.586,0.0,0.0,448.291,0.0,0.0,0.0,5.742,0,2.0,0.02,309.69,5.344600000000001,39.51,35.536075592041016,4.98,0.0,0
47038,0.512,75.586,0.0,0.0,448.169,0.0,0.0,0.0,5.742,0,2.0,0.03,309.915,2.994,39.27,35.536075592041016,4.98,0.0,0
47038,0.512,75.586,0.0,0.0,448.291,0.0,0.0,0.0,5.742,0,3.0,0.05,309.825,-1.5176,39.21,35.536075592041016,4.98,0.0,0
47038,0.512,75.586,0.0,0.0,448.291,0.0,0.0,0.0,5.742,0,3.0,0.07,309.825,3.1012,38.88,35.536075592041016,4.98,0.0,0
47038,0.512,75.586,0.0,0.0,448.47200000000004,0.0,0.0,0.0,5.742,0,3.0,0.065,309.69,-5.1714,38.61,35.536075592041016,4.98,0.0,0
47038,0.512,75.586,0.0,0.0,448.351,0.0,0.0,0.0,5.742,0,2.0,0.055,309.825,-3.1919,37.980000000000004,35.536075592041016,4.98,0.0,0
47038,0.171,75.586,0.0,0.0,448.10900000000004,0.0,0.0,0.0,5.742,0,2.0,0.065,309.69,0.6186,37.44,35.536075592041016,4.98,0.0,0
47038,0.171,75.586,0.0,0.0,448.291,0.0,0.0,0.0,5.742,0,2.0,0.025,309.69,-1.1877,38.67,35.536075592041016,4.98,0.0,0
47038,0.512,75.586,0.0,0.0,448.10900000000004,0.0,0.0,0.0,5.742,0,2.0,0.055,309.915,-3.0517000000000003,39.21,35.536075592041016,4.98,0.0,0
47038,0.341,75.586,0.0,0.0,448.169,0.0,0.0,0.0,5.742,0,1.0,0.025,309.69,0.8578,40.800000000000004,35.536075592041016,4.98,0.0,0
47038,0.512,75.586,0.0,0.0,448.10900000000004,0.0,0.0,0.0,5.742,0,2.0,0.025,309.69,0.6598,41.49,35.536075592041016,4.98,0.0,0
47038,0.171,75.586,0.0,0.0,448.10900000000004,0.0,0.0,0.0,5.742,0,2.0,0.045,309.6,-1.1052,40.92,35.536075592041016,4.98,0.0,0
47038,0.341,75.586,0.0,0.0,447.927,0.0,0.0,0.0,5.742,0,2.0,0.055,309.69,-1.2537,39.63,35.536075592041016,4.98,0.0,0
47038,0.0,75.586,0.0,0.0,447.927,0.0,0.0,0.0,5.742,0,2.0,0.035,309.825,-0.8825000000000001,38.64,35.536075592041016,4.98,0.0,0
47038,0.682,75.586,0.0,0.0,448.23,0.0,0.0,0.0,5.742,0,2.0,0.035,309.825,4.8415,39.18,35.536075592041016,4.98,0.0,0
47038,0.512,75.586,0.0,0.0,448.10900000000004,0.0,0.0,0.0,5.742,0,2.0,0.03,309.915,4.8909,39.18,35.536075592041016,4.98,0.0,0
47038,0.512,75.586,0.0,0.0,448.169,0.0,0.0,0.0,5.742,0,3.0,0.03,309.825,-0.9238000000000001,38.94,35.536075592041016,4.98,0.0,0
47038,0.171,75.586,0.0,0.0,448.533,0.0,0.0,0.0,5.742,0,3.0,0.07,309.69,-3.9342,37.83,35.536075592041016,4.98,0.0,0
47038,0.682,75.586,0.0,0.0,448.23,0.0,0.0,0.0,5.742,0,2.0,0.075,309.915,-6.5323,37.62,35.536075592041016,4.98,0.0,0
47038,0.512,75.586,0.0,0.0,448.10900000000004,0.0,0.0,0.0,5.742,0,3.0,0.055,309.825,0.43710000000000004,38.49,35.536075592041016,4.98,0.0,0
47038,0.682,75.586,0.0,0.0,448.23,0.0,0.0,0.0,5.742,0,2.0,0.05,309.825,0.6351,39.63,35.536075592041016,4.98,0.0,0
47038,0.512,75.586,0.0,0.0,448.10900000000004,0.0,0.0,0.0,5.742,0,2.0,0.06,309.69,-2.7053000000000003,40.53,35.536075592041016,4.98,0.0,0
47038,0.512,75.586,0.0,0.0,448.10900000000004,0.0,0.0,0.0,5.742,0,2.0,0.05,309.825,2.3754,40.5,35.536075592041016,4.98,0.0,0
47038,0.341,75.586,0.0,0.0,447.988,0.0,0.0,0.0,5.742,0,2.0,0.035,309.825,4.9899000000000004,40.08,35.536075592041016,4.98,0.0,0
47038,0.341,75.586,0.0,0.0,448.10900000000004,0.0,0.0,0.0,5.742,0,1.0,0.01,309.915,2.7960000000000003,40.02,35.536075592041016,4.98,0.0,0
47038,0.682,75.586,0.0,0.0,447.988,0.0,0.0,0.0,5.742,0,2.0,0.04,309.825,-2.4413,39.81,35.536075592041016,4.98,0.0,0
47038,0.341,75.586,0.0,0.0,448.048,0.0,0.0,0.0,5.742,0,2.0,0.03,309.825,-2.3754,39.39,35.536075592041016,4.98,0.0,0
47038,0.512,75.586,0.0,0.0,448.048,0.0,0.0,0.0,5.742,0,2.0,0.06,309.825,-2.1114,39.42,35.536075592041016,4.98,0.0,0
47038,0.512,75.586,0.0,0.0,447.927,0.0,0.0,0.0,5.742,0,2.0,0.03,309.825,0.5279,38.94,35.536075592041016,4.98,0.0,0
47038,0.512,75.586,0.0,0.0,448.10900000000004,0.0,0.0,0.0,5.742,0,2.0,0.04,309.825,0.7918000000000001,38.25,35.536075592041016,4.98,0.0,0
47038,0.682,75.586,0.0,0.0,448.291,0.0,0.0,0.0,5.742,0,2.0,0.04,309.825,-1.5836000000000001,38.31,35.536075592041016,4.98,0.0,0
47038,0.682,75.586,0.0,0.0,448.41200000000003,0.0,0.0,0.0,5.742,0,2.0,0.035,309.69,-3.0682,37.74,35.536075592041016,4.98,0.0,0
47038,0.341,75.586,0.0,0.0,448.291,0.0,0.0,0.0,5.742,0,1.0,0.025,309.69,-1.9795,38.67,35.536075592041016,4.98,0.0,0
47038,0.512,75.586,0.0,0.0,448.351,0.0,0.0,0.0,5.742,0,1.0,0.07,309.69,0.099,40.32,35.536075592041016,4.98,0.0,0
47038,0.682,75.586,0.0,0.0,447.927,0.0,0.0,0.0,5.742,0,2.0,0.04,309.69,0.9238000000000001,40.74,35.536075592041016,4.98,0.0,0
47038,0.341,75.586,0.0,0.0,447.806,0.0,0.0,0.0,5.742,0,3.0,0.05,309.69,-0.7918000000000001,40.65,35.536075592041016,4.98,0.0,0
47038,0.341,75.586,0.0,0.0,448.10900000000004,0.0,0.0,0.0,5.742,0,3.0,0.055,309.825,1.0557,40.59,35.536075592041016,4.98,0.0,0
47038,0.682,75.586,0.0,0.0,448.593,0.0,0.0,0.0,5.742,0,2.0,0.075,309.825,1.4846000000000001,39.9,35.536075592041016,4.98,0.0,0
47038,0.512,75.586,0.0,0.0,448.291,0.0,0.0,0.0,5.742,0,2.0,0.05,309.825,3.6950000000000003,39.69,35.536075592041016,4.98,0.0,0
47038,0.512,75.586,0.0,0.0,447.867,0.0,0.0,0.0,5.742,0,2.0,0.055,309.69,-2.2764,39.24,35.536075592041016,4.98,0.0,0
47038,0.512,75.586,0.0,0.0,447.927,0.0,0.0,0.0,5.742,0,2.0,0.07,309.69,-7.654000000000001,38.88,35.536075592041016,4.98,0.0,0
47038,0.341,75.586,0.0,0.0,448.048,0.0,0.0,0.0,5.742,0,2.0,0.055,309.825,0.0,38.1,35.536075592041016,4.98,0.0,0
47038,0.512,75.586,0.0,0.0,448.351,0.0,0.0,0.0,5.742,0,2.0,0.08,309.825,4.3548,38.04,35.536075592041016,4.98,0.0,0
47038,0.341,75.586,0.0,0.0,448.10900000000004,0.0,0.0,0.0,5.742,0,2.0,0.02,309.825,3.8600000000000003,38.43,35.536075592041016,4.98,0.0,0
47038,0.853,75.586,0.0,0.0,448.169,0.0,0.0,0.0,5.742,0,1.0,0.065,309.825,0.0,39.33,35.536075592041016,4.98,0.0,0
47038,0.682,75.586,0.0,0.0,448.10900000000004,0.0,0.0,0.0,5.742,0,2.0,0.035,309.69,-5.4435,39.9,35.536075592041016,4.98,0.0,0
47038,0.171,75.586,0.0,0.0,448.41200000000003,0.0,0.0,0.0,5.742,0,3.0,0.045,309.825,0.7918000000000001,40.38,35.536075592041016,4.98,0.0,0
47038,0.341,75.586,0.0,0.0,448.10900000000004,0.0,0.0,0.0,5.742,0,2.0,0.045,309.69,-0.6928000000000001,41.19,35.536075592041016,4.98,0.0,0
47038,0.341,75.586,0.0,0.0,447.927,0.0,0.0,0.0,5.742,0,2.0,0.03,309.825,1.5836000000000001,41.49,35.536075592041016,4.98,0.0,0
47038,0.512,75.586,0.0,0.0,447.927,0.0,0.0,0.0,5.742,0,2.0,0.02,309.915,2.0702000000000003,41.550000000000004,35.536075592041016,4.98,0.0,0
47038,0.512,75.586,0.0,0.0,448.291,0.0,0.0,0.0,5.742,0,1.0,0.025,309.825,4.0909,41.1,35.536075592041016,4.98,0.0,0
47038,1.0230000000000001,75.586,0.0,0.0,448.351,0.0,0.0,0.0,5.742,0,2.0,0.04,309.825,-0.2227,39.75,35.536075592041016,4.98,0.0,0
47038,0.512,75.586,0.0,0.0,447.927,0.0,0.0,0.0,5.742,0,2.0,0.1,309.69,-1.8887,38.58,35.536075592041016,4.98,0.0,0
47038,0.512,75.586,0.0,0.0,447.927,0.0,0.0,0.0,5.742,0,2.0,0.01,309.825,-1.3856000000000002,38.01,35.536075592041016,4.98,0.0,0
47038,0.341,75.586,0.0,0.0,447.927,0.0,0.0,0.0,5.742,0,2.0,0.06,309.825,0.39590000000000003,37.92,35.536075592041016,4.98,0.0,0
47038,0.512,75.586,0.0,0.0,447.867,0.0,0.0,0.0,5.742,0,2.0,0.025,309.825,0.9650000000000001,38.43,35.536075592041016,4.98,0.0,0
47038,0.512,75.586,0.0,0.0,447.927,0.0,0.0,0.0,5.742,0,2.0,0.025,309.69,-1.9795,39.06,35.536075592041016,4.98,0.0,0
47038,0.512,75.586,0.0,0.0,447.806,0.0,0.0,0.0,5.742,0,2.0,0.04,309.825,-1.3856000000000002,39.33,35.536075592041016,4.98,0.0,0
47038,0.512,75.586,0.0,0.0,448.048,0.0,0.0,0.0,5.742,0,3.0,0.065,309.69,-2.3754,40.02,35.536075592041016,4.98,0.0,0
47038,0.512,75.586,0.0,0.0,448.291,0.0,0.0,0.0,5.742,0,3.0,0.035,309.69,2.3754,40.5,35.536075592041016,4.98,0.0,0
47038,0.512,75.586,0.0,0.0,447.988,0.0,0.0,0.0,5.742,0,2.0,0.035,309.825,-0.7918000000000001,40.92,35.536075592041016,4.98,0.0,0
47038,0.512,75.586,0.0,0.0,447.927,0.0,0.0,0.0,5.742,0,2.0,0.105,309.825,2.5486,41.28,35.536075592041016,4.98,0.0,0
47038,0.512,75.586,0.0,0.0,447.746,0.0,0.0,0.0,5.742,0,2.0,0.04,309.825,5.806500000000001,40.11,35.536075592041016,4.98,0.0,0
47038,0.512,75.586,0.0,0.0,447.867,0.0,0.0,0.0,5.742,0,2.0,0.045,309.69,1.0805,38.82,35.536075592041016,4.98,0.0,0
47038,0.512,75.586,0.0,0.0,448.10900000000004,0.0,0.0,0.0,5.742,0,2.0,0.05,309.69,-4.3301,37.11,35.536075592041016,4.98,0.0,0
47038,0.341,75.586,0.0,0.0,447.806,0.0,0.0,0.0,5.742,0,2.0,0.055,309.69,-2.0867,36.660000000000004,35.536075592041016,4.98,0.0,0
47038,0.682,75.586,0.0,0.0,447.988,0.0,0.0,0.0,5.742,0,2.0,0.12,309.825,1.6661000000000001,37.08,35.536075592041016,4.98,0.0,0
47038,0.171,75.586,0.0,0.0,448.10900000000004,0.0,0.0,0.0,5.742,0,2.0,0.04,309.825,0.9650000000000001,38.4,35.536075592041016,4.98,0.0,0
47038,0.682,75.586,0.0,0.0,448.10900000000004,0.0,0.0,0.0,5.742,0,2.0,0.05,309.69,2.0702000000000003,39.75,35.536075592041016,4.98,0.0,0
47038,0.512,75.586,0.0,0.0,447.927,0.0,0.0,0.0,5.742,0,3.0,0.04,309.825,-1.2537,40.14,35.536075592041016,4.98,0.0,0
47038,0.512,75.586,0.0,0.0,447.625,0.0,0.0,0.0,5.742,0,2.0,0.055,309.69,-2.9445,40.32,35.536075592041016,4.98,0.0,0
47038,0.682,75.586,0.0,0.0,448.169,0.0,0.0,0.0,5.742,0,2.0,0.06,309.825,-0.0247,39.87,35.536075592041016,4.98,0.0,0
47038,0.341,75.586,0.0,0.0,448.23,0.0,0.0,0.0,5.742,0,2.0,0.05,309.69,-3.1672000000000002,38.910000000000004,35.536075592041016,4.98,0.0,0
47038,0.341,75.586,0.0,0.0,447.867,0.0,0.0,0.0,5.742,0,2.0,0.055,309.825,0.9650000000000001,38.82,35.536075592041016,4.98,0.0,0
47038,0.512,75.586,0.0,0.0,447.806,0.0,0.0,0.0,5.742,0,2.0,0.0,309.825,0.6351,38.88,35.536075592041016,4.98,0.0,0
47038,0.512,75.586,0.0,0.0,447.927,0.0,0.0,0.0,5.742,0,2.0,0.035,309.825,1.8887,38.97,35.536075592041016,4.98,0.0,0
47038,0.512,75.586,0.0,0.0,447.988,0.0,0.0,0.0,5.742,0,2.0,0.02,309.69,0.39590000000000003,38.58,35.536075592041016,4.98,0.0,0
47038,0.512,75.586,0.0,0.0,448.169,0.0,0.0,0.0,5.742,0,2.0,0.04,309.69,-0.7918000000000001,38.52,35.536075592041016,4.98,0.0,0
47038,0.512,75.586,0.0,0.0,448.048,0.0,0.0,0.0,5.742,0,2.0,0.035,309.825,-4.7507,37.71,35.536075592041016,4.98,0.0,0
47038,0.512,75.586,0.0,0.0,447.988,0.0,0.0,0.0,5.742,0,3.0,0.085,309.69,-1.5836000000000001,37.2,35.536075592041016,4.98,0.0,0
47038,0.512,75.586,0.0,0.0,447.867,0.0,0.0,0.0,5.742,0,3.0,0.075,309.69,3.1672000000000002,37.32,35.536075592041016,4.98,0.0,0
47038,0.682,75.586,0.0,0.0,447.806,0.0,0.0,0.0,5.742,0,2.0,0.045,309.825,0.0,38.79,35.536075592041016,4.98,0.0,0
47038,0.682,75.586,0.0,0.0,448.10900000000004,0.0,0.0,0.0,5.742,0,2.0,0.05,309.825,0.6928000000000001,39.75,35.536075592041016,4.98,0.0,0
47038,0.682,75.586,0.0,0.0,448.10900000000004,0.0,0.0,0.0,5.742,0,2.0,0.025,309.825,3.1672000000000002,40.050000000000004,35.536075592041016,4.98,0.0,0
47038,0.171,75.586,0.0,0.0,447.927,0.0,0.0,0.0,5.742,0,1.0,0.05,309.825,0.0,39.87,35.536075592041016,4.98,0.0,0
47038,0.512,75.586,0.0,0.0,447.927,0.0,0.0,0.0,5.742,0,1.0,0.065,309.825,-2.3754,39.96,35.536075592041016,4.98,0.0,0
47038,0.512,75.586,0.0,0.0,447.927,0.0,0.0,0.0,5.742,0,1.0,0.08,309.825,0.0,39.660000000000004,35.536075592041016,4.98,0.0,0
47038,0.512,75.586,0.0,0.0,447.927,0.0,0.0,0.0,5.742,0,2.0,0.035,309.915,4.2229,39.87,35.536075592041016,4.98,0.0,0
47038,0.512,75.586,0.0,0.0,447.988,0.0,0.0,0.0,5.742,0,3.0,0.085,309.69,-0.165,39.51,35.536075592041016,4.98,0.0,0
47038,0.171,75.586,0.0,0.0,447.806,0.0,0.0,0.0,5.742,0,3.0,0.01,309.825,-4.8827,38.85,35.536075592041016,4.98,0.0,0
47038,0.682,75.586,0.0,0.0,447.685,0.0,0.0,0.0,5.742,0,2.0,0.03,309.825,-1.7815,37.83,35.536075592041016,4.98,0.0,0
47038,0.341,75.586,0.0,0.0,447.867,0.0,0.0,0.0,5.742,0,2.0,0.025,309.825,6.0704,36.99,35.536075592041016,4.98,0.0,0
47038,0.682,75.586,0.0,0.0,448.048,0.0,0.0,0.0,5.742,0,2.0,0.045,309.825,2.3754,36.39,35.536075592041016,4.98,0.0,0
47038,0.341,75.586,0.0,0.0,447.746,0.0,0.0,0.0,5.742,0,2.0,0.065,309.825,-1.5836000000000001,38.52,35.536075592041016,4.98,0.0,0
47038,0.512,75.586,0.0,0.0,447.806,0.0,0.0,0.0,5.742,0,2.0,0.095,309.825,2.3754,40.29,35.536075592041016,4.98,0.0,0
47038,0.512,75.586,0.0,0.0,447.806,0.0,0.0,0.0,5.742,0,2.0,0.045,309.825,0.0,40.980000000000004,35.536075592041016,4.98,0.0,0
47038,0.512,75.586,0.0,0.0,447.927,0.0,0.0,0.0,5.742,0,2.0,0.065,309.69,-3.8600000000000003,40.11,35.536075592041016,4.98,0.0,0
47038,0.512,75.586,0.0,0.0,447.988,0.0,0.0,0.0,5.742,0,2.0,0.055,309.69,-4.3548,39.0,35.536075592041016,4.98,0.0,0
47038,0.512,75.586,0.0,0.0,447.867,0.0,0.0,0.0,5.742,0,2.0,0.04,309.69,0.099,37.92,35.536075592041016,4.98,0.0,0
47038,0.853,75.586,0.5,0.0,447.927,0.0,0.0,0.0,5.742,0,2.0,0.11,309.825,2.7713,37.5,35.536075592041016,4.98,0.0,0
47038,0.682,75.586,0.0,0.0,448.169,0.0,0.0,0.0,5.742,0,2.0,0.02,309.825,-2.7383,38.1,35.536075592041016,4.98,0.0,0
47038,0.341,75.586,0.0,0.0,447.685,0.0,0.0,0.0,5.742,0,2.0,0.09,309.69,2.2434000000000003,38.01,35.536075592041016,4.98,0.0,0
47038,0.512,75.586,0.0,0.0,447.685,0.0,0.0,0.0,5.742,0,2.0,0.02,309.69,1.7815,37.95,35.536075592041016,4.98,0.0,0
47038,0.512,75.586,0.0,0.0,447.564,0.0,0.0,0.0,5.742,0,1.0,0.035,309.69,1.9382000000000001,37.83,35.536075592041016,4.98,0.0,0
47038,0.512,75.586,0.5,0.0,447.685,0.0,0.0,0.0,5.742,0,1.0,0.05,309.69,1.4104,37.53,35.536075592041016,4.98,0.0,0
47038,0.512,75.586,0.0,0.0,447.927,0.0,0.0,0.0,5.742,0,2.0,0.035,309.6,-2.9527,37.230000000000004,35.536075592041016,4.98,0.0,0
47038,0.512,75.586,0.0,0.0,447.806,0.0,0.0,0.0,5.742,0,1.0,0.06,309.915,-0.0412,38.49,35.536075592041016,4.98,0.0,0
47038,0.512,75.586,0.0,0.0,448.10900000000004,0.0,0.0,0.0,5.742,0,2.0,0.03,309.69,2.5981,40.2,35.536075592041016,4.98,0.0,0
47038,0.341,75.586,0.0,0.0,447.806,0.0,0.0,0.0,5.742,0,2.0,0.055,309.69,-0.5444,40.53,35.536075592041016,4.98,0.0,0
47038,0.682,75.586,0.0,0.0,447.806,0.0,0.0,0.0,5.742,0,2.0,0.05,309.825,-0.132,40.11,35.536075592041016,4.98,0.0,0
47038,0.512,75.586,0.0,0.0,447.927,0.0,0.0,0.0,5.742,0,2.0,0.05,309.69,-0.19790000000000002,39.63,35.536075592041016,4.98,0.0,0
47038,0.853,75.586,0.0,0.0,447.625,0.0,0.0,0.0,5.742,0,2.0,-0.005,309.69,-3.5383,38.76,35.536075592041016,4.98,0.0,0
47038,0.171,75.586,0.0,0.0,448.10900000000004,0.0,0.0,0.0,5.742,0,2.0,0.0,309.825,1.1877,37.980000000000004,35.536075592041016,4.98,0.0,0
47038,0.682,75.586,0.0,0.0,448.10900000000004,0.0,0.0,0.0,5.742,0,2.0,0.11,309.69,4.1569,38.13,35.536075592041016,4.98,0.0,0
47038,0.512,75.586,0.0,0.0,447.988,0.0,0.0,0.0,5.742,0,2.0,0.06,309.825,1.5588000000000002,37.89,35.536075592041016,4.98,0.0,0
47038,0.512,75.586,0.0,0.0,448.23,0.0,0.0,0.0,5.742,0,2.0,0.05,309.69,-3.1424000000000003,37.980000000000004,35.536075592041016,4.98,0.0,0
47038,0.341,75.586,0.0,0.0,448.169,0.0,0.0,0.0,5.742,0,2.0,0.045,309.69,4.0909,37.89,35.536075592041016,4.98,0.0,0
47038,0.341,75.586,0.0,0.0,448.10900000000004,0.0,0.0,0.0,5.742,0,2.0,0.07,309.69,-2.5486,38.28,35.536075592041016,4.98,0.0,0
47038,0.512,75.586,0.0,0.0,448.291,0.0,0.0,0.0,5.742,0,2.0,0.025,309.69,-2.7053000000000003,39.03,35.536075592041016,4.98,0.0,0
47038,0.682,75.586,0.0,0.0,447.988,0.0,0.0,-0.2,5.742,0,2.0,0.05,309.69,-1.4764000000000002,40.35,35.536075592041016,4.98,0.0,0
47038,0.512,75.586,0.0,0.0,447.927,0.0,0.0,0.0,5.742,0,2.0,0.095,309.69,2.1774,41.22,35.536075592041016,4.98,0.0,0
47038,0.512,75.586,0.0,0.0,447.625,0.0,0.0,0.0,5.742,0,2.0,0.06,309.825,2.5486,40.77,35.536075592041016,4.98,0.0,0
47038,0.512,75.586,0.0,0.0,447.927,0.0,0.0,0.0,5.742,0,2.0,0.015,309.825,1.1629,40.17,35.536075592041016,4.98,0.0,0
47038,0.512,75.586,0.0,0.0,447.927,0.0,0.0,0.0,5.742,0,1.0,0.015,309.825,1.4516,39.21,35.536075592041016,4.98,0.0,0
47038,0.341,75.586,0.0,0.0,447.867,0.0,0.0,0.0,5.742,0,2.0,0.035,309.69,-2.8125,38.25,35.536075592041016,4.98,0.0,0
47038,0.512,75.586,0.0,0.0,448.048,0.0,0.0,0.0,5.742,0,2.0,0.06,309.825,1.3609,38.25,35.536075592041016,4.98,0.0,0
47038,0.512,75.586,0.0,0.0,447.927,0.0,0.0,0.0,5.742,0,2.0,0.065,309.825,1.3856000000000002,38.1,35.536075592041016,4.98,0.0,0
47038,0.512,75.586,0.0,0.0,447.746,0.0,0.0,0.0,5.742,0,2.0,0.045,309.69,1.1464,38.37,35.536075592041016,4.98,0.0,0
47038,0.682,75.586,0.0,0.0,447.927,0.0,0.0,0.0,5.742,0,2.0,0.035,309.825,-3.4971,38.94,35.536075592041016,4.98,0.0,0
47038,0.341,75.586,0.0,0.0,447.867,0.0,0.0,0.0,5.742,0,3.0,0.055,309.69,-4.3548,39.660000000000004,35.536075592041016,4.98,0.0,0
47038,0.512,75.586,0.0,0.0,447.746,0.0,0.0,0.0,5.742,0,2.0,0.06,309.69,-5.2786,39.84,35.536075592041016,4.98,0.0,0
47038,0.341,75.586,0.0,0.0,447.806,0.0,0.0,0.0,5.742,0,2.0,0.085,309.69,0.7918000000000001,40.74,35.536075592041016,4.98,0.0,0
47038,0.341,75.586,0.0,0.0,447.746,0.0,0.0,0.0,5.742,0,2.0,0.025,309.825,0.0,39.84,35.536075592041016,4.98,0.0,0
47038,0.512,75.586,0.0,0.0,447.685,0.0,0.0,0.0,5.742,0,2.0,0.05,309.825,2.2764,39.9,35.536075592041016,4.98,0.0,0
47038,0.512,75.586,0.0,0.0,447.927,0.0,0.0,0.0,5.742,0,2.0,0.04,309.825,2.7713,40.38,35.536075592041016,4.98,0.0,0
47038,0.512,75.586,0.0,0.0,447.988,0.0,0.0,0.0,5.742,0,2.0,0.03,309.69,-3.8600000000000003,40.32,35.536075592041016,4.98,0.0,0
47038,0.512,75.586,0.0,0.0,447.988,0.0,0.0,0.0,5.742,0,2.0,0.055,309.825,-1.5836000000000001,40.17,35.536075592041016,4.98,0.0,0
47038,0.512,75.586,0.0,0.0,447.927,0.0,0.0,0.0,5.742,0,2.0,0.055,309.825,0.0,39.15,35.536075592041016,4.98,0.0,0
47038,0.682,75.586,0.0,0.0,447.625,0.0,0.0,0.0,5.742,0,2.0,0.045,309.825,2.3754,38.160000000000004,35.536075592041016,4.98,0.0,0
47038,0.512,75.586,0.0,0.0,447.625,0.0,0.0,0.0,5.742,0,2.0,0.045,309.69,0.099,37.86,35.536075592041016,4.98,0.0,0
47038,0.853,75.586,0.0,0.0,447.32300000000004,0.0,0.0,0.0,5.742,0,2.0,0.055,309.69,-1.9795,38.160000000000004,35.536075592041016,4.98,0.0,0
47038,0.512,75.586,0.0,0.0,447.685,0.0,0.0,0.0,5.742,0,2.0,0.045,309.825,-1.5836000000000001,38.94,35.536075592041016,4.98,0.0,0
47038,0.341,75.586,0.0,0.0,447.927,0.0,0.0,0.0,5.742,0,1.0,0.025,309.69,1.5836000000000001,39.33,35.536075592041016,4.98,0.0,0
47038,0.512,75.586,0.0,0.0,447.927,0.0,0.0,0.0,5.742,0,2.0,0.02,309.915,2.0702000000000003,39.45,35.536075592041016,4.98,0.0,0
47038,0.341,75.586,0.0,0.0,447.685,0.0,0.0,0.0,5.742,0,3.0,0.02,309.825,3.6703,39.84,35.536075592041016,4.98,0.0,0
47038,0.512,75.586,0.0,0.0,447.504,0.0,0.0,0.0,5.742,0,2.0,0.045,309.825,-0.7918000000000001,39.78,35.536075592041016,4.98,0.0,0
47038,0.512,75.586,0.0,0.0,447.444,0.0,0.0,0.0,5.742,0,3.0,0.025,309.825,-0.7505000000000001,40.32,35.536075592041016,4.98,0.0,0
47038,0.682,75.586,0.0,0.0,447.806,0.0,0.0,0.0,5.742,0,2.0,0.05,309.825,-0.39590000000000003,40.35,35.536075592041016,4.98,0.0,0
47038,0.512,75.586,0.0,0.0,447.806,0.0,0.0,0.0,5.742,0,3.0,0.055,309.915,0.8413,40.5,35.536075592041016,4.98,0.0,0
47038,0.512,75.586,0.0,0.0,447.746,0.0,0.0,0.0,5.742,0,3.0,0.02,309.825,3.761,39.54,35.536075592041016,4.98,0.0,0
47038,0.682,75.586,0.0,0.0,447.685,0.0,0.0,0.0,5.742,0,3.0,0.045,309.69,-1.6496000000000002,38.49,35.536075592041016,4.98,0.0,0
47038,0.512,75.586,0.0,0.0,447.504,0.0,0.0,0.2,5.742,0,1.0,0.04,309.825,-5.1301000000000005,37.89,35.536075592041016,4.98,0.0,0
47038,0.512,75.586,0.0,0.0,447.685,0.0,0.0,0.0,5.742,0,2.0,0.025,309.69,-3.6538000000000004,37.89,35.536075592041016,4.98,0.0,0
47038,0.682,75.586,0.0,0.0,447.806,0.0,0.0,0.0,5.742,0,2.0,0.06,309.825,-1.2124000000000001,37.56,35.536075592041016,4.98,0.0,0
47038,0.512,75.586,0.0,0.0,447.746,0.0,0.0,0.0,5.742,0,2.0,-0.015,309.69,-1.9547,38.13,35.536075592041016,4.98,0.0,0
47038,0.341,75.586,0.0,0.0,447.564,0.0,0.0,0.0,5.742,0,2.0,0.04,309.69,3.761,39.87,35.536075592041016,4.98,0.0,0
47038,0.341,75.586,0.0,0.0,447.625,0.0,0.0,0.0,5.742,0,2.0,0.035,309.825,3.6043000000000003,40.71,35.536075592041016,4.98,0.0,0
47038,0.512,75.586,0.5,0.0,447.504,0.0,0.0,0.0,5.742,0,2.0,0.055,309.825,-1.4764000000000002,40.44,35.536075592041016,4.98,0.0,0
47038,0.682,75.586,0.0,0.0,447.444,0.0,0.0,0.0,5.742,0,2.0,0.045,309.825,0.9897,40.35,35.536075592041016,4.98,0.0,0
47038,0.512,75.586,0.0,0.0,447.685,0.0,0.0,0.0,5.742,0,3.0,0.045,309.825,-0.7918000000000001,39.78,35.536075592041016,4.98,0.0,0
47038,0.682,75.586,0.0,0.0,447.927,0.0,0.0,0.0,5.742,0,3.0,0.04,309.825,0.37120000000000003,39.54,35.536075592041016,4.98,0.0,0
47038,0.341,75.586,0.0,0.0,447.685,0.0,0.0,0.0,5.742,0,2.0,0.04,309.69,2.7960000000000003,39.18,35.536075592041016,4.98,0.0,0
47038,0.512,75.586,0.0,0.0,447.383,0.0,0.0,0.0,5.742,0,2.0,0.03,309.825,-0.6186,38.76,35.536075592041016,4.98,0.0,0
47038,0.512,75.586,0.0,0.0,447.444,0.0,0.0,0.0,5.742,0,2.0,0.05,309.69,-4.5280000000000005,38.49,35.536075592041016,4.98,0.0,0
47038,0.341,75.586,0.0,0.0,448.10900000000004,0.0,0.0,0.0,5.742,0,2.0,0.06,309.69,-3.5383,37.38,35.536075592041016,4.98,0.0,0
47038,0.512,75.586,0.0,0.0,447.927,0.0,0.0,0.0,5.742,0,1.0,0.13,309.825,1.1877,37.35,35.536075592041016,4.98,0.0,0
47038,0.512,75.586,0.0,0.0,447.806,0.0,0.0,0.0,5.742,0,1.0,0.05,309.825,7.7612000000000005,39.42,35.536075592041016,4.98,0.0,0
47038,0.682,75.586,0.0,0.0,447.444,0.0,0.0,0.0,5.742,0,2.0,0.035,309.825,2.6805000000000003,41.07,35.536075592041016,4.98,0.0,0
47038,0.512,75.586,0.0,0.0,447.685,0.0,0.0,0.0,5.742,0,2.0,0.06,309.825,-0.9897,41.13,35.536075592041016,4.98,0.0,0
47038,0.512,75.586,0.0,0.0,448.10900000000004,0.0,0.0,0.0,5.742,0,2.0,0.04,309.69,-0.37120000000000003,40.230000000000004,35.536075592041016,4.98,0.0,0
47038,0.512,75.586,0.0,0.0,447.927,0.0,0.0,0.0,5.742,0,2.0,0.04,309.825,-1.1877,40.08,35.536075592041016,4.98,0.0,0
47038,0.341,75.586,0.0,0.0,447.867,0.0,0.0,0.0,5.742,0,2.0,0.025,309.825,0.19790000000000002,39.24,35.536075592041016,4.98,0.0,0
47038,0.512,75.586,0.0,0.0,447.806,0.0,0.0,0.0,5.742,0,3.0,0.065,309.69,-2.3506,39.42,35.536075592041016,4.98,0.0,0
47038,0.341,75.586,0.0,0.0,447.988,0.0,0.0,0.0,5.742,0,3.0,0.055,309.69,-4.923900000000001,39.42,35.536075592041016,4.98,0.0,0
47038,0.512,75.586,0.0,0.0,447.927,0.0,0.0,0.0,5.742,0,2.0,0.02,309.825,1.7568000000000001,38.76,35.536075592041016,4.98,0.0,0
47038,0.512,75.586,0.0,0.0,447.685,0.0,0.0,0.0,5.742,0,3.0,0.04,309.825,6.3096000000000005,38.25,35.536075592041016,4.98,0.0,0
47038,0.512,75.586,0.0,0.0,447.504,0.0,0.0,0.0,5.742,0,2.0,0.075,309.825,3.3404000000000003,37.29,35.536075592041016,4.98,0.0,0
47038,0.512,75.586,0.0,0.0,447.927,0.0,0.0,0.0,5.742,0,2.0,0.035,309.825,-1.7815,37.29,35.536075592041016,4.98,0.0,0
47038,0.682,75.586,0.0,0.0,448.048,0.0,0.0,0.0,5.742,0,2.0,0.045,309.825,0.19790000000000002,38.67,35.536075592041016,4.98,0.0,0
47038,0.341,75.586,0.0,0.0,447.383,0.0,0.0,0.0,5.742,0,2.0,0.02,309.69,-2.9445,39.87,35.536075592041016,4.98,0.0,0
47038,0.853,75.586,0.0,0.0,447.383,0.0,0.0,0.0,5.742,0,2.0,0.02,309.69,-3.0682,39.93,35.536075592041016,4.98,0.0,0
47038,0.682,75.586,0.0,0.0,447.685,0.0,0.0,0.0,5.742,0,3.0,0.06,309.825,-3.1672000000000002,40.53,35.536075592041016,4.98,0.0,0
47038,0.512,75.586,0.0,0.0,447.806,0.0,0.0,0.0,5.742,0,2.0,0.04,309.6,-0.099,40.56,35.536075592041016,4.98,0.0,0
47038,0.682,75.586,0.0,0.0,447.806,0.0,0.0,0.0,5.742,0,3.0,0.07,309.825,2.3754,40.14,35.536075592041016,4.98,0.0,0
47038,0.682,75.586,0.0,0.0,447.625,0.0,0.0,0.0,5.742,0,3.0,0.04,309.825,0.2639,39.09,35.536075592041016,4.98,0.0,0
47038,0.512,75.586,0.0,0.0,447.444,0.0,0.0,0.0,5.742,0,3.0,0.045,309.69,2.5073000000000003,38.64,35.536075592041016,4.98,0.0,0
47038,0.512,75.586,0.0,0.0,447.625,0.0,0.0,0.0,5.742,0,2.0,0.045,309.69,0.099,38.19,35.536075592041016,4.98,0.0,0
47038,0.512,75.586,0.0,0.0,448.23,0.0,0.0,0.0,5.742,0,2.0,0.035,309.915,0.2639,37.5,35.536075592041016,4.98,0.0,0
47038,0.512,75.586,0.0,0.0,448.048,0.0,0.0,0.0,5.742,0,2.0,0.05,309.69,3.6950000000000003,36.21,35.536075592041016,4.98,0.0,0
47038,0.682,75.586,0.0,0.0,447.988,0.0,0.0,0.0,5.742,0,1.0,0.045,309.69,0.6598,36.51,35.536075592041016,4.98,0.0,0
47038,0.853,75.586,0.0,0.0,447.927,0.0,0.0,0.0,5.742,0,2.0,0.05,309.825,-1.2537,37.35,35.536075592041016,4.98,0.0,0
47038,0.682,75.586,0.0,0.0,447.685,0.0,0.0,0.0,5.742,0,2.0,0.035,309.825,4.3548,38.910000000000004,35.536075592041016,4.98,0.0,0
47038,0.341,75.586,0.0,0.0,447.625,0.0,0.0,0.0,5.742,0,2.0,0.05,309.825,1.4846000000000001,40.32,35.536075592041016,4.98,0.0,0
47038,0.512,75.586,0.0,0.0,447.564,0.0,0.0,0.0,5.742,0,2.0,0.04,309.69,-3.1672000000000002,40.410000000000004,35.536075592041016,4.98,0.0,0
47038,0.512,75.586,0.0,0.0,447.625,0.0,0.0,0.0,5.742,0,2.0,0.035,309.825,-0.5279,40.47,35.536075592041016,4.98,0.0,0
47038,0.512,75.586,0.0,0.0,447.867,0.0,0.0,0.0,5.742,0,2.0,0.035,309.69,-2.2434000000000003,39.57,35.536075592041016,4.98,0.0,0
47038,0.341,75.586,0.0,0.0,447.806,0.0,0.0,0.0,5.742,0,3.0,0.05,309.825,-1.6826,38.25,35.536075592041016,4.98,0.0,0
47038,0.512,75.586,0.0,0.0,447.625,0.0,0.0,0.0,5.742,0,3.0,0.04,309.825,-1.1877,37.050000000000004,35.536075592041016,4.98,0.0,0
47038,0.682,75.586,0.0,0.0,447.746,0.0,0.0,0.0,5.742,0,2.0,0.05,309.69,0.0,37.29,35.536075592041016,4.98,0.0,0
47038,0.512,75.586,0.0,0.0,447.867,0.0,0.0,0.0,5.742,0,2.0,0.045,309.69,-1.5836000000000001,37.410000000000004,35.536075592041016,4.98,0.0,0
47038,0.512,75.586,0.0,0.0,448.10900000000004,0.0,0.0,0.0,5.742,0,1.0,0.06,309.69,1.9465000000000001,37.17,35.536075592041016,4.98,0.0,0
47038,0.512,75.586,0.0,0.0,447.927,0.0,0.0,0.0,5.742,0,2.0,0.035,309.69,-2.2434000000000003,37.050000000000004,35.536075592041016,4.98,0.0,0
47038,0.853,75.586,0.0,0.0,447.746,0.0,0.0,0.0,5.742,0,2.0,0.04,309.69,-1.5836000000000001,37.32,35.536075592041016,4.98,0.0,0
47038,0.512,75.586,0.0,0.0,447.927,0.0,0.0,0.0,5.742,0,2.0,0.045,309.6,0.132,38.22,35.536075592041016,4.98,0.0,0
47038,0.512,75.586,0.0,0.0,447.927,0.0,0.0,0.0,5.742,0,1.0,0.03,309.69,-2.9032,38.97,35.536075592041016,4.98,0.0,0
47038,0.341,75.586,0.0,0.0,447.927,0.0,0.0,0.0,5.742,0,2.0,0.055,309.69,0.39590000000000003,39.42,35.536075592041016,4.98,0.0,0
47038,0.512,75.586,0.0,0.0,447.988,0.0,0.0,0.2,5.742,0,2.0,0.02,309.825,1.6826,39.63,35.536075592041016,4.98,0.0,0
47038,0.512,75.586,0.0,0.0,447.685,0.0,0.0,0.0,5.742,0,3.0,0.01,309.69,-1.1877,39.81,35.536075592041016,4.98,0.0,0
47038,0.341,75.586,0.0,0.0,447.444,0.0,0.0,0.0,5.742,0,2.0,0.07,309.825,-0.099,39.18,35.536075592041016,4.98,0.0,0
47038,0.512,75.586,0.0,0.0,447.444,0.0,0.0,0.0,5.742,0,3.0,0.05,309.69,-1.9795,38.07,35.536075592041016,4.98,0.0,0
47038,0.512,75.586,0.0,0.0,447.806,0.0,0.0,0.0,5.742,0,3.0,0.05,309.825,0.6928000000000001,37.65,35.536075592041016,4.98,0.0,0
47038,0.682,75.586,0.0,0.0,447.867,0.0,0.0,0.0,5.742,0,2.0,0.055,309.69,-1.1877,36.96,35.536075592041016,4.98,0.0,0
47038,0.512,75.586,0.0,0.0,447.746,0.0,0.0,0.0,5.742,0,2.0,0.055,309.825,3.0682,36.84,35.536075592041016,4.98,0.0,0
47038,0.682,75.586,0.0,0.0,447.625,0.0,0.0,0.0,5.742,0,2.0,0.065,309.825,1.1877,36.51,35.536075592041016,4.98,0.0,0
47038,0.853,75.586,0.0,0.0,447.625,0.0,0.0,0.0,5.742,0,2.0,0.055,309.825,1.7815,36.6,35.536075592041016,4.98,0.0,0
47038,0.682,75.586,0.0,0.0,447.867,0.0,0.0,0.0,5.742,0,2.0,0.045,309.825,-2.664,38.28,35.536075592041016,4.98,0.0,0
47038,0.682,75.586,0.0,0.0,447.806,0.0,0.0,0.0,5.742,0,2.0,0.06,309.825,-2.5073000000000003,38.88,35.536075592041016,4.98,0.0,0
47038,0.512,75.586,0.0,0.0,447.927,0.0,0.0,0.0,5.742,0,2.0,0.015,309.825,0.39590000000000003,39.09,35.536075592041016,4.98,0.0,0
47038,0.512,75.586,0.0,0.0,447.746,0.0,0.0,0.0,5.742,0,2.0,0.05,309.69,2.5981,39.21,35.536075592041016,4.98,0.0,0
47038,0.512,75.586,0.0,0.0,448.10900000000004,0.0,0.0,0.0,5.742,0,2.0,-0.005,309.69,-0.9897,38.82,35.536075592041016,4.98,0.0,0
47038,0.512,75.586,0.0,0.0,448.048,0.0,0.0,0.0,5.742,0,2.0,0.06,309.69,0.0247,38.4,35.536075592041016,4.98,0.0,0
47038,0.171,75.586,0.0,0.0,447.746,0.0,0.0,0.0,5.742,0,2.0,0.01,309.825,2.0455,38.28,35.536075592041016,4.98,0.0,0
47038,0.512,75.586,0.0,0.0,447.564,0.0,0.0,0.0,5.742,0,2.0,0.06,309.825,1.2949000000000002,39.24,35.536075592041016,4.98,0.0,0
47038,0.341,75.586,0.0,0.0,447.685,0.0,0.0,0.0,5.742,0,2.0,0.025,309.915,4.0084,38.43,35.536075592041016,4.98,0.0,0
47038,0.682,75.586,0.0,0.0,447.746,0.0,0.0,0.0,5.742,0,2.0,0.045,309.825,0.6598,37.83,35.536075592041016,4.98,0.0,0
47038,0.171,75.586,0.0,0.0,447.625,0.0,0.0,0.0,5.742,0,2.0,0.065,309.825,-0.6598,36.87,35.536075592041016,4.98,0.0,0
47038,0.512,75.586,0.0,0.0,447.988,0.0,0.0,0.0,5.742,0,1.0,0.035,309.825,-5.79,36.36,35.536075592041016,4.98,0.0,0
47038,0.341,75.586,0.0,0.0,447.806,0.0,0.0,0.0,5.742,0,2.0,0.025,309.69,-2.5486,37.2,35.536075592041016,4.98,0.0,0
47038,0.682,75.586,0.0,0.0,447.625,0.0,0.0,0.0,5.742,0,2.0,0.045,309.825,0.7918000000000001,38.88,35.536075592041016,4.98,0.0,0
47038,0.512,75.586,0.0,0.0,447.564,0.0,0.0,0.0,5.742,0,2.0,0.05,309.69,-0.19790000000000002,39.75,35.536075592041016,4.98,0.0,0
47038,0.512,75.586,0.0,0.0,447.988,0.0,0.0,0.0,5.742,0,2.0,0.08,309.69,-2.9692000000000003,39.21,35.536075592041016,4.98,0.0,0
47038,0.512,75.586,0.0,0.0,447.927,0.0,0.0,0.0,5.742,0,2.0,0.035,309.69,-4.9899000000000004,38.79,35.536075592041016,4.98,0.0,0
47038,0.682,75.586,0.0,0.0,447.806,0.0,0.0,0.0,5.742,0,2.0,0.055,309.69,5.7405,38.94,35.536075592041016,4.98,0.0,0
47038,0.512,75.586,0.0,0.0,447.504,0.0,0.0,0.0,5.742,0,2.0,0.03,309.69,3.1672000000000002,38.13,35.536075592041016,4.98,0.0,0
47038,0.512,75.586,0.0,0.0,447.625,0.0,0.0,0.0,5.742,0,2.0,0.05,309.825,-1.3444,38.7,35.536075592041016,4.98,0.0,0
47038,0.512,75.586,0.0,0.0,447.685,0.0,0.0,0.0,5.742,0,2.0,0.03,309.915,1.9135000000000002,38.160000000000004,35.536075592041016,4.98,0.0,0
47038,0.512,75.586,0.0,0.0,447.806,0.0,0.0,0.0,5.742,0,2.0,0.05,309.825,1.8228000000000002,37.89,35.536075592041016,4.98,0.0,0
47038,0.341,75.586,0.0,0.0,447.746,0.0,0.0,0.0,5.742,0,2.0,0.07,309.825,1.4929000000000001,37.26,35.536075592041016,4.98,0.0,0
47038,0.512,75.586,0.0,0.0,447.685,0.0,0.0,0.0,5.742,0,1.0,0.05,309.825,2.1279,37.2,35.536075592041016,4.98,0.0,0
47038,0.512,75.586,0.0,0.0,447.746,0.0,0.0,0.0,5.742,0,2.0,0.06,309.825,0.767,37.800000000000004,35.536075592041016,4.98,0.0,0
47038,0.512,75.586,0.0,0.0,447.625,0.0,0.0,0.0,5.742,0,2.0,0.06,309.825,-2.5733,39.15,35.536075592041016,4.98,0.0,0
47038,0.512,75.586,0.0,0.0,447.504,0.0,0.0,0.0,5.742,0,2.0,0.035,309.69,-4.923900000000001,40.62,35.536075592041016,4.98,0.0,0
47038,0.512,75.586,0.0,0.0,447.564,0.0,0.0,0.0,5.742,0,2.0,0.045,309.69,-5.1466,40.68,35.536075592041016,4.98,0.0,0
47038,0.512,75.586,0.0,0.0,447.806,0.0,0.0,0.0,5.742,0,2.0,0.045,309.6,-1.6826,40.53,35.536075592041016,4.98,0.0,0
47038,0.682,75.586,0.0,0.0,447.927,0.0,0.0,0.0,5.742,0,2.0,0.035,309.825,1.1877,39.51,35.536075592041016,4.98,0.0,0
47038,0.682,75.586,0.0,0.0,447.806,0.0,0.0,0.0,5.742,0,2.0,0.075,309.69,-0.2639,39.03,35.536075592041016,4.98,0.0,0
47038,0.512,75.586,0.0,0.0,447.625,0.0,0.0,0.0,5.742,0,2.0,0.01,309.825,1.8475000000000001,39.15,35.536075592041016,4.98,0.0,0
47038,0.682,75.586,0.0,0.0,447.867,0.0,0.0,0.0,5.742,0,2.0,0.06,309.69,1.6826,39.33,35.536075592041016,4.98,0.0,0
47038,0.341,75.586,0.0,0.0,447.806,0.0,0.0,0.0,5.742,0,2.0,0.035,309.69,0.7918000000000001,39.45,35.536075592041016,4.98,0.0,0
47038,0.512,75.586,0.0,0.0,447.746,0.0,0.0,0.0,5.742,0,2.0,0.015,309.69,-1.4846000000000001,38.88,35.536075592041016,4.98,0.0,0
47038,0.682,75.586,0.5,0.0,447.988,0.0,0.0,0.0,5.742,0,2.0,0.05,309.69,0.0,37.29,35.536075592041016,4.98,0.0,0
47038,0.512,75.586,0.0,0.0,447.625,0.0,0.0,0.0,5.742,0,2.0,0.055,309.825,1.4846000000000001,37.71,35.536075592041016,4.98,0.0,0
47038,0.512,75.586,0.0,0.0,447.685,0.0,0.0,0.0,5.742,0,2.0,0.05,309.825,3.9589000000000003,38.67,35.536075592041016,4.98,0.0,0
47038,0.341,75.586,0.0,0.0,447.444,0.0,0.0,0.0,5.742,0,2.0,0.065,309.825,-0.099,40.56,35.536075592041016,4.98,0.0,0
47038,0.341,75.586,0.0,0.0,447.444,0.0,0.0,0.0,5.742,0,2.0,0.07,309.69,-4.3548,41.13,35.536075592041016,4.98,0.0,0
47038,0.682,75.586,0.0,0.0,447.444,0.0,0.0,0.0,5.742,0,2.0,0.055,309.825,-3.761,41.22,35.536075592041016,4.98,0.0,0
47038,0.171,75.586,0.0,0.0,447.504,0.0,0.0,0.0,5.742,0,2.0,0.055,309.69,0.0247,40.89,35.536075592041016,4.98,0.0,0
47038,0.512,75.586,0.0,0.0,447.444,0.0,0.0,0.0,5.742,0,2.0,0.025,309.825,2.5733,39.84,35.536075592041016,4.98,0.0,0
47038,0.512,75.586,0.0,0.0,447.625,0.0,0.0,0.0,5.742,0,2.0,0.035,309.825,-0.42060000000000003,39.09,35.536075592041016,4.98,0.0,0
47038,0.682,75.586,0.0,0.0,447.806,0.0,0.0,0.0,5.742,0,2.0,0.045,309.69,1.1217000000000001,39.42,35.536075592041016,4.98,0.0,0
47038,0.512,75.586,0.0,0.0,447.444,0.0,0.0,0.0,5.742,0,2.0,0.045,309.915,0.2474,38.82,35.536075592041016,4.98,0.0,0
47038,0.512,75.586,0.0,0.0,447.806,0.0,0.0,0.0,5.742,0,2.0,0.05,309.825,0.9238000000000001,37.44,35.536075592041016,4.98,0.0,0
47038,0.682,75.586,0.0,0.0,447.867,0.0,0.0,0.0,5.742,0,2.0,0.06,309.825,0.28040000000000004,37.32,35.536075592041016,4.98,0.0,0
47038,0.512,75.586,0.0,0.0,447.32300000000004,0.0,0.0,0.0,5.742,0,2.0,0.065,309.69,-0.7505000000000001,37.14,35.536075592041016,4.98,0.0,0
47038,0.512,75.586,0.0,0.0,447.625,0.0,0.0,0.0,5.742,0,2.0,-0.05,309.69,-2.7713,37.62,35.536075592041016,4.98,0.0,0
47038,0.512,75.586,0.0,0.0,447.806,0.0,0.0,0.0,5.742,0,2.0,0.025,309.69,-6.6395,39.36,35.536075592041016,4.98,0.0,0
47038,0.341,75.586,0.0,0.0,447.625,0.0,0.0,0.0,5.742,0,2.0,0.055,309.69,0.899,40.59,35.536075592041016,4.98,0.0,0
47038,0.682,75.586,0.0,0.0,447.746,0.0,0.0,0.0,5.742,0,2.0,0.045,309.69,4.5528,41.07,35.536075592041016,4.98,0.0,0
47038,0.682,75.586,0.0,0.0,447.625,0.0,0.0,0.0,5.742,0,2.0,0.01,309.825,4.396100000000001,41.34,35.536075592041016,4.98,0.0,0
47038,0.512,75.586,0.0,0.0,447.806,0.0,0.0,0.0,5.742,0,2.0,0.035,309.825,1.097,40.2,35.536075592041016,4.98,0.0,0
47038,0.341,75.586,0.0,0.0,447.504,0.0,0.0,0.0,5.742,0,2.0,0.02,309.825,1.5836000000000001,38.97,35.536075592041016,4.98,0.0,0
47038,-0.171,75.586,0.0,0.0,447.685,0.0,0.0,0.0,5.742,0,2.0,0.055,309.825,-0.39590000000000003,38.01,35.536075592041016,4.98,0.0,0
47038,0.512,75.586,0.0,0.0,447.685,0.0,0.0,0.0,5.742,0,2.0,0.04,309.825,-0.5938,38.37,35.536075592041016,4.98,0.0,0
47038,0.512,75.586,0.0,0.0,447.625,0.0,0.0,0.0,5.742,0,2.0,0.04,309.825,-1.1877,38.61,35.536075592041016,4.98,0.0,0
47038,0.512,75.586,0.0,0.0,447.262,0.0,0.0,0.0,5.742,0,3.0,0.06,309.69,-0.5279,38.34,35.536075592041016,4.98,0.0,0
47038,0.512,75.586,0.0,0.0,447.383,0.0,0.0,0.0,5.742,0,2.0,0.03,309.69,-0.23920000000000002,38.28,35.536075592041016,4.98,0.0,0
47038,0.341,75.586,0.0,0.0,447.564,0.0,0.0,0.0,5.742,0,2.0,0.02,309.69,-1.5176,39.03,35.536075592041016,4.98,0.0,0
47038,0.682,75.586,0.0,0.0,447.625,0.0,0.0,0.0,5.742,0,2.0,0.045,309.69,-2.7713,39.15,35.536075592041016,4.98,0.0,0
47038,0.682,75.586,0.0,0.0,447.927,0.0,0.0,0.0,5.742,0,2.0,0.03,309.825,-0.8908,39.39,35.536075592041016,4.98,0.0,0
47038,0.512,75.586,0.0,0.0,447.746,0.0,0.0,0.0,5.742,0,2.0,0.05,309.825,2.2434000000000003,40.5,35.536075592041016,4.98,0.0,0
47038,0.512,75.586,0.0,0.0,447.564,0.0,0.0,0.0,5.742,0,2.0,0.055,309.825,0.6928000000000001,40.800000000000004,35.536075592041016,4.98,0.0,0
47038,0.512,75.586,0.0,0.0,448.10900000000004,0.0,0.0,0.0,5.742,0,3.0,0.02,309.69,-3.1672000000000002,40.56,35.536075592041016,4.98,0.0,0
47038,0.682,75.586,0.0,0.0,448.048,0.0,0.0,0.0,5.742,0,2.0,0.045,309.825,0.7918000000000001,40.02,35.536075592041016,4.98,0.0,0
47038,0.512,75.586,0.0,0.0,447.806,0.0,0.0,0.0,5.742,0,2.0,0.045,309.69,-1.5836000000000001,39.300000000000004,35.536075592041016,4.98,0.0,0
47038,0.682,75.586,0.0,0.0,447.927,0.0,0.0,0.0,5.742,0,2.0,0.05,309.69,-2.3754,39.09,35.536075592041016,4.98,0.0,0
47038,0.341,75.586,0.0,0.0,447.564,0.0,0.0,0.0,5.742,0,3.0,0.05,309.915,3.563,38.64,35.536075592041016,4.98,0.0,0
47038,0.341,75.586,0.0,0.0,447.444,0.0,0.0,0.0,5.742,0,2.0,0.02,309.915,3.794,38.76,35.536075592041016,4.98,0.0,0
47038,0.682,75.586,0.0,0.0,447.867,0.0,0.0,0.0,5.742,0,2.0,0.055,309.825,-0.9238000000000001,38.82,35.536075592041016,4.98,0.0,0
47038,0.512,75.586,0.0,0.0,448.10900000000004,0.0,0.0,0.0,5.742,0,3.0,0.035,309.825,-3.8930000000000002,39.12,35.536075592041016,4.98,0.0,0
47038,0.512,75.586,0.0,0.0,447.806,0.0,0.0,0.0,5.742,0,2.0,0.045,309.825,-3.1672000000000002,39.69,35.536075592041016,4.98,0.0,0
47038,0.512,75.586,0.0,0.0,447.806,0.0,0.0,0.0,5.742,0,2.0,0.02,309.825,3.9589000000000003,39.9,35.536075592041016,4.98,0.0,0
47038,0.512,75.586,0.0,0.0,448.23,0.0,0.0,0.0,5.742,0,1.0,0.035,309.825,3.2991,39.99,35.536075592041016,4.98,0.0,0
47038,0.682,75.586,0.0,0.0,448.169,0.0,0.0,0.0,5.742,0,2.0,0.03,309.825,-1.5836000000000001,40.050000000000004,35.536075592041016,4.98,0.0,0
47038,0.512,75.586,0.0,0.0,448.23,0.0,0.0,0.0,5.742,0,2.0,0.06,309.69,-1.0557,40.44,35.536075592041016,4.98,0.0,0
47038,0.512,75.586,0.0,0.0,447.927,0.0,0.0,0.0,5.742,0,2.0,0.035,309.825,1.5836000000000001,40.74,35.536075592041016,4.98,0.0,0
47038,0.512,75.586,0.0,0.0,447.625,0.0,0.0,0.0,5.742,0,2.0,0.05,309.825,-2.1114,40.56,35.536075592041016,4.98,0.0,0
47038,0.512,75.586,0.0,0.0,447.685,0.0,0.0,0.0,5.742,0,2.0,0.045,309.69,0.0,39.33,35.536075592041016,4.98,0.0,0
47038,0.853,75.586,0.0,0.0,448.169,0.0,0.0,0.0,5.742,0,2.0,0.07,309.825,0.7918000000000001,38.7,35.536075592041016,4.98,0.0,0
47038,0.512,75.586,0.0,0.0,448.10900000000004,0.0,0.0,0.0,5.742,0,2.0,0.045,309.825,-1.5836000000000001,37.95,35.536075592041016,4.98,0.0,0
47038,0.341,75.586,0.0,0.0,447.806,0.0,0.0,0.0,5.742,0,2.0,0.095,309.825,2.3754,37.71,35.536075592041016,4.98,0.0,0
47038,0.682,75.586,0.0,0.0,447.625,0.0,0.0,0.0,5.742,0,2.0,0.05,309.69,-3.8600000000000003,38.61,35.536075592041016,4.98,0.0,0
47038,0.512,75.586,0.0,0.0,447.504,0.0,0.0,0.0,5.742,0,2.0,0.045,309.825,-1.1877,39.300000000000004,35.536075592041016,4.98,0.0,0
47038,0.682,75.586,0.0,0.0,447.867,0.0,0.0,0.0,5.742,0,2.0,0.05,309.825,0.7918000000000001,40.410000000000004,35.536075592041016,4.98,0.0,0
47038,0.682,75.586,0.0,0.0,448.41200000000003,0.0,0.0,0.0,5.742,0,2.0,0.045,309.825,0.7918000000000001,39.78,35.536075592041016,4.98,0.0,0
47038,0.512,75.586,0.0,0.0,448.291,0.0,0.0,0.0,5.742,0,2.0,0.07,309.69,0.8908,40.11,35.536075592041016,4.98,0.0,0
47038,0.512,75.586,0.0,0.0,448.291,0.0,0.0,0.0,5.742,0,1.0,0.06,309.69,1.0145,40.2,35.536075592041016,4.98,0.0,0
47038,0.682,75.586,0.0,0.0,447.806,0.0,0.0,0.0,5.742,0,2.0,0.035,309.825,1.7815,40.53,35.536075592041016,4.98,0.0,0
47038,0.512,75.586,0.0,0.0,447.927,0.0,0.0,0.0,5.742,0,2.0,0.035,309.69,1.4104,40.44,35.536075592041016,4.98,0.0,0
47038,0.512,75.586,0.0,0.0,447.927,0.0,0.0,0.0,5.742,0,2.0,0.05,309.69,-1.3856000000000002,39.69,35.536075592041016,4.98,0.0,0
47038,0.682,75.586,0.0,0.0,447.927,0.0,0.0,0.0,5.742,0,2.0,0.05,309.825,-2.3754,38.61,35.536075592041016,4.98,0.0,0
47038,0.512,75.586,0.0,0.0,447.927,0.0,0.0,0.0,5.742,0,2.0,0.045,309.69,-0.39590000000000003,37.71,35.536075592041016,4.98,0.0,0
47038,0.512,75.586,0.0,0.0,447.927,0.0,0.0,0.0,5.742,0,2.0,0.03,309.69,0.42060000000000003,37.2,35.536075592041016,4.98,0.0,0
47038,0.512,75.586,0.0,0.0,448.291,0.0,0.0,0.0,5.742,0,2.0,0.055,309.69,0.6186,37.65,35.536075592041016,4.98,0.0,0
47038,0.512,75.586,0.0,0.0,448.291,0.0,0.0,0.0,5.742,0,2.0,0.045,309.69,0.9897,38.4,35.536075592041016,4.98,0.0,0
47038,0.512,75.586,0.0,0.0,447.444,0.0,0.0,0.0,5.742,0,2.0,0.04,309.69,3.1672000000000002,39.54,35.536075592041016,4.98,0.0,0
47038,0.682,75.586,0.0,0.0,447.444,0.0,0.0,0.0,5.742,0,2.0,0.055,309.69,0.0247,40.2,35.536075592041016,4.98,0.0,0
47038,0.682,75.586,0.0,0.0,447.685,0.0,0.0,0.0,5.742,0,2.0,0.04,309.915,-2.0867,40.2,35.536075592041016,4.98,0.0,0
47038,0.512,75.586,0.0,0.0,447.746,0.0,0.0,0.0,5.742,0,2.0,0.05,309.825,4.0909,40.11,35.536075592041016,4.98,0.0,0
47038,0.512,75.586,0.0,0.0,447.927,0.0,0.0,0.0,5.742,0,2.0,0.03,309.825,3.9342,39.93,35.536075592041016,4.98,0.0,0
47038,0.853,75.586,0.0,0.0,447.927,0.0,0.0,0.0,5.742,0,2.0,0.01,309.69,-3.8270000000000004,39.57,35.536075592041016,4.98,0.0,0
47038,0.171,75.586,0.0,0.0,447.806,0.0,0.0,0.0,5.742,0,2.0,0.01,309.69,-3.6043000000000003,39.24,35.536075592041016,4.98,0.0,0
47038,0.512,75.586,0.0,0.0,447.625,0.0,0.0,0.0,5.742,0,2.0,0.045,309.825,-1.6083,38.58,35.536075592041016,4.98,0.0,0
47038,0.171,75.586,0.0,0.0,447.685,0.0,0.0,0.0,5.742,0,2.0,0.025,309.69,1.3856000000000002,37.14,35.536075592041016,4.98,0.0,0
47038,0.512,75.586,0.0,0.0,447.927,0.0,0.0,0.0,5.742,0,2.0,0.045,309.69,0.2227,37.050000000000004,35.536075592041016,4.98,0.0,0
47038,0.512,75.586,0.0,0.0,448.169,0.0,0.0,0.0,5.742,0,2.0,0.035,309.825,0.9238000000000001,37.35,35.536075592041016,4.98,0.0,0
47038,0.682,75.586,0.0,0.0,448.048,0.0,0.0,0.0,5.742,0,2.0,0.035,309.825,2.7465,39.12,35.536075592041016,4.98,0.0,0
47038,0.682,75.586,0.0,0.0,447.806,0.0,0.0,0.0,5.742,0,2.0,0.03,309.69,-0.132,39.9,35.536075592041016,4.98,0.0,0
47038,0.512,75.586,0.0,0.0,448.10900000000004,0.0,0.0,0.0,5.742,0,2.0,0.06,309.69,-2.862,40.74,35.536075592041016,4.98,0.0,0
47038,0.512,75.586,0.0,0.0,447.806,0.0,0.0,0.0,5.742,0,2.0,0.095,309.825,0.9897,40.32,35.536075592041016,4.98,0.0,0
47038,0.512,75.586,0.0,0.0,447.685,0.0,0.0,0.0,5.742,0,2.0,0.04,309.825,4.3301,39.660000000000004,35.536075592041016,4.98,0.0,0
47038,0.512,75.586,0.0,0.0,447.988,0.0,0.0,0.0,5.742,0,2.0,0.055,309.825,3.9589000000000003,39.6,35.536075592041016,4.98,0.0,0
47038,0.682,75.586,0.0,0.0,448.41200000000003,0.0,0.0,0.0,5.742,0,2.0,0.05,309.69,-3.9589000000000003,39.42,35.536075592041016,4.98,0.0,0
47038,0.512,75.586,0.0,0.0,447.988,0.0,0.0,0.0,5.742,0,2.0,0.05,309.825,-3.1672000000000002,39.36,35.536075592041016,4.98,0.0,0
47038,0.682,75.586,0.0,0.0,447.625,0.0,0.0,0.0,5.742,0,2.0,0.04,309.825,3.1672000000000002,39.42,35.536075592041016,4.98,0.0,0
47038,0.171,75.586,0.0,0.0,447.504,0.0,0.0,0.0,5.742,0,2.0,0.04,309.69,2.3754,39.24,35.536075592041016,4.98,0.0,0
47038,0.512,75.586,0.0,0.0,447.564,0.0,0.0,0.0,5.742,0,2.0,0.04,309.69,-1.2207000000000001,38.1,35.536075592041016,4.98,0.0,0
47038,0.512,75.586,0.0,0.0,447.746,0.0,0.0,0.0,5.742,0,2.0,0.035,309.69,-6.7302,37.17,35.536075592041016,4.98,0.0,0
47038,0.512,75.586,0.0,0.0,447.504,0.0,0.0,0.0,5.742,0,2.0,0.045,309.69,0.0,37.29,35.536075592041016,4.98,0.0,0
47038,0.512,75.586,0.0,0.0,447.867,0.0,0.0,0.0,5.742,0,1.0,0.06,309.915,5.938400000000001,37.89,35.536075592041016,4.98,0.0,0
47038,0.512,75.586,0.0,0.0,447.927,0.0,0.0,0.0,5.742,0,2.0,0.07,309.825,2.8043,39.39,35.536075592041016,4.98,0.0,0
47038,0.512,75.586,0.0,0.0,447.806,0.0,0.0,0.0,5.742,0,2.0,0.045,309.825,1.9795,40.53,35.536075592041016,4.98,0.0,0
47038,0.512,75.586,0.0,0.0,448.048,0.0,0.0,0.0,5.742,0,2.0,0.04,309.69,-2.4743,40.68,35.536075592041016,4.98,0.0,0
47038,0.171,75.586,0.0,0.0,447.927,0.0,0.0,0.0,5.742,0,2.0,0.055,309.6,-3.8270000000000004,39.660000000000004,35.536075592041016,4.98,0.0,0
47038,0.512,75.586,0.0,0.0,448.048,0.0,0.0,0.0,5.742,0,2.0,0.04,309.69,-2.0125,38.64,35.536075592041016,4.98,0.0,0
47038,0.853,75.586,0.0,0.0,448.10900000000004,0.0,0.0,0.0,5.742,0,2.0,0.04,309.825,1.5836000000000001,37.5,35.536075592041016,4.98,0.0,0
47038,0.512,75.586,0.0,0.0,448.291,0.0,0.0,0.0,5.742,0,2.0,0.035,309.825,0.8908,36.99,35.536075592041016,4.98,0.0,0
47038,0.512,75.586,0.0,0.0,447.806,0.0,0.0,0.0,5.742,0,2.0,0.035,309.825,2.3754,37.08,35.536075592041016,4.98,0.0,0
47038,0.512,75.586,0.0,0.0,447.806,0.0,0.0,0.0,5.742,0,2.0,0.04,309.69,0.099,37.38,35.536075592041016,4.98,0.0,0
47038,0.512,75.586,0.0,0.0,447.927,0.0,0.0,0.0,5.742,0,2.0,0.04,309.69,-1.9795,37.92,35.536075592041016,4.98,0.0,0
47038,0.341,75.586,0.0,0.0,447.625,0.0,0.0,0.0,5.742,0,2.0,0.06,309.69,-5.4435,38.58,35.536075592041016,4.98,0.0,0
47038,0.853,75.586,0.0,0.0,448.10900000000004,0.0,0.0,0.0,5.742,0,2.0,0.05,309.825,0.7918000000000001,38.910000000000004,35.536075592041016,4.98,0.0,0
47038,0.171,75.586,0.0,0.0,448.048,0.0,0.0,0.0,5.742,0,2.0,0.04,309.915,5.641500000000001,39.36,35.536075592041016,4.98,0.0,0
47038,0.512,75.586,0.0,0.0,448.048,0.0,0.0,0.0,5.742,0,2.0,0.0,309.915,6.359100000000001,39.480000000000004,35.536075592041016,4.98,0.0,0
47038,0.512,75.586,0.0,0.0,448.291,0.0,0.0,0.0,5.742,0,2.0,0.03,309.825,3.0104,40.56,35.536075592041016,4.98,0.0,0
47038,0.682,75.586,0.0,0.0,447.927,0.0,0.0,0.0,5.742,0,2.0,-0.005,309.825,-2.3094,40.38,35.536075592041016,4.98,0.0,0
47038,0.682,75.586,0.0,0.0,448.169,0.0,0.0,0.0,5.742,0,2.0,0.03,309.825,-4.7342,39.42,35.536075592041016,4.98,0.0,0
47038,0.512,75.586,0.0,0.0,448.351,0.0,0.0,0.0,5.742,0,2.0,0.03,309.69,-0.9897,39.18,35.536075592041016,4.98,0.0,0
47038,0.512,75.586,0.0,0.0,447.867,0.0,0.0,0.0,5.742,0,2.0,0.015,309.69,1.6083,39.03,35.536075592041016,4.98,0.0,0
47038,0.682,75.586,-0.5,0.0,447.806,0.0,0.0,0.0,5.742,0,2.0,0.035,309.825,2.1527000000000003,38.76,35.536075592041016,4.98,0.0,0
47038,0.682,75.586,0.0,0.0,448.291,0.0,0.0,0.0,5.742,0,2.0,0.065,309.825,-1.6083,38.46,35.536075592041016,4.98,0.0,0
47038,0.512,75.586,0.0,0.0,448.048,0.0,0.0,0.0,5.742,0,2.0,0.04,309.69,-2.1527000000000003,38.7,35.536075592041016,4.98,0.0,0
47038,0.853,75.586,0.0,0.0,447.927,0.0,0.0,0.0,5.742,0,2.0,0.055,309.825,2.3754,38.43,35.536075592041016,4.98,0.0,0
47038,0.512,75.586,0.0,0.0,447.806,0.0,0.0,0.0,5.742,0,2.0,0.055,309.825,1.3609,38.85,35.536075592041016,4.98,0.0,0
47038,0.512,75.586,0.0,0.0,447.867,0.0,0.0,0.0,5.742,0,2.0,0.05,309.6,0.6763,39.39,35.536075592041016,4.98,0.0,0
47038,0.512,75.586,0.0,0.0,447.746,0.0,0.0,0.0,5.742,0,2.0,0.045,309.69,-4.8580000000000005,40.02,35.536075592041016,4.98,0.0,0
47038,0.512,75.586,0.0,0.0,448.291,0.0,0.0,0.0,5.742,0,2.0,0.09,309.825,-2.7713,41.01,35.536075592041016,4.98,0.0,0
47038,0.853,75.586,0.0,0.0,447.988,0.0,0.0,0.0,5.742,0,3.0,0.06,309.825,4.2889,40.83,35.536075592041016,4.98,0.0,0
47038,0.512,75.586,0.0,0.0,447.867,0.0,0.0,0.0,5.742,0,2.0,0.055,309.69,4.2889,40.230000000000004,35.536075592041016,4.98,0.0,0
47038,0.512,75.586,0.0,0.0,448.048,0.0,0.0,0.0,5.742,0,2.0,0.04,309.825,1.5588000000000002,40.26,35.536075592041016,4.98,0.0,0
47038,0.341,75.586,0.0,0.0,448.291,0.0,0.0,0.0,5.742,0,2.0,0.055,309.69,-1.097,39.63,35.536075592041016,4.98,0.0,0
47038,0.682,75.586,0.0,0.0,448.23,0.0,0.0,0.0,5.742,0,1.0,0.04,309.69,-1.4764000000000002,38.31,35.536075592041016,4.98,0.0,0
47038,0.341,75.586,0.0,0.0,447.867,0.0,0.0,0.0,5.742,0,2.0,0.045,309.69,0.5526,37.47,35.536075592041016,4.98,0.0,0
47038,0.512,75.586,0.0,0.0,448.048,0.0,0.0,0.0,5.742,0,2.0,0.06,309.69,-1.7568000000000001,38.07,35.536075592041016,4.98,0.0,0
47038,0.682,75.586,0.0,0.0,447.806,0.0,0.0,0.0,5.742,0,2.0,0.045,309.69,-0.132,38.550000000000004,35.536075592041016,4.98,0.0,0
47038,0.171,75.586,0.0,0.0,447.927,0.0,0.0,0.0,5.742,0,1.0,0.045,309.825,3.4476,39.36,35.536075592041016,4.98,0.0,0
47038,0.512,75.586,0.0,0.0,447.927,0.0,0.0,0.0,5.742,0,2.0,0.025,309.825,0.17320000000000002,40.29,35.536075592041016,4.98,0.0,0
47038,0.512,75.586,0.0,0.0,448.048,0.0,0.0,0.0,5.742,0,1.0,0.04,309.825,1.9795,40.47,35.536075592041016,4.98,0.0,0
47038,0.341,75.586,0.0,0.0,447.927,0.0,0.0,0.0,5.742,0,2.0,0.055,309.825,-1.1877,40.44,35.536075592041016,4.98,0.0,0
47038,0.682,75.586,0.0,0.0,447.867,0.0,0.0,0.0,5.742,0,1.0,0.045,309.915,-0.5691,40.38,35.536075592041016,4.98,0.0,0
47038,0.341,75.586,0.0,0.0,447.685,0.0,0.0,0.0,5.742,0,2.0,0.04,309.69,1.0805,39.69,35.536075592041016,4.98,0.0,0
47038,0.853,75.586,0.0,0.0,447.685,0.0,0.0,0.0,5.742,0,2.0,0.05,309.69,0.6268,39.63,35.536075592041016,4.98,0.0,0
47038,0.341,75.586,0.0,0.0,447.685,0.0,0.0,0.0,5.742,0,2.0,0.055,309.69,-1.4516,39.57,35.536075592041016,4.98,0.0,0
47038,0.512,75.586,0.0,0.0,447.625,0.0,0.0,0.0,5.742,0,3.0,0.065,309.825,0.5938,39.33,35.536075592041016,4.98,0.0,0
47038,0.512,75.586,0.0,0.0,447.625,0.0,0.0,0.0,5.742,0,2.0,0.07,309.69,-1.8475000000000001,38.730000000000004,35.536075592041016,4.98,0.0,0
47038,0.512,75.586,0.0,0.0,447.625,0.0,0.0,0.0,5.742,0,1.0,0.065,309.825,-2.7383,38.160000000000004,35.536075592041016,4.98,0.0,0
47038,0.682,75.586,0.0,0.0,447.806,0.0,0.0,0.0,5.742,0,2.0,0.105,309.825,0.7918000000000001,38.22,35.536075592041016,4.98,0.0,0
47038,0.682,75.586,0.0,0.0,447.746,0.0,0.0,0.0,5.742,0,2.0,0.025,309.825,0.6928000000000001,38.25,35.536075592041016,4.98,0.0,0
47038,0.682,75.586,0.0,0.0,447.806,0.0,0.0,0.0,5.742,0,1.0,0.0,309.825,1.5836000000000001,39.21,35.536075592041016,4.98,0.0,0
47038,0.682,75.586,0.0,0.0,447.927,0.0,0.0,0.0,5.742,0,2.0,0.045,309.69,0.099,39.84,35.536075592041016,4.98,0.0,0
47038,0.512,75.586,0.0,0.0,447.685,0.0,0.0,0.0,5.742,0,2.0,0.015,309.825,-0.5279,39.96,35.536075592041016,4.98,0.0,0
47038,0.682,75.586,0.0,0.0,447.746,0.0,0.0,0.0,5.742,0,1.0,0.06,309.915,-0.8578,39.57,35.536075592041016,4.98,0.0,0
47038,0.512,75.586,0.0,0.0,448.048,0.0,0.0,0.0,5.742,0,2.0,0.045,309.6,-3.0352,39.78,35.536075592041016,4.98,0.0,0
47038,0.512,75.586,0.0,0.0,448.048,0.0,0.0,0.0,5.742,0,2.0,0.065,309.69,0.6268,39.78,35.536075592041016,4.98,0.0,0
47038,0.682,75.586,0.0,0.0,448.169,0.0,0.0,0.0,5.742,0,2.0,0.05,309.825,0.9238000000000001,39.96,35.536075592041016,4.98,0.0,0
47038,0.512,75.586,0.0,0.0,448.048,0.0,0.0,0.0,5.742,0,2.0,0.07,309.825,3.2661000000000002,39.93,35.536075592041016,4.98,0.0,0
47038,0.682,75.586,0.0,0.0,447.806,0.0,0.0,0.0,5.742,0,2.0,0.045,309.69,-1.9795,38.910000000000004,35.536075592041016,4.98,0.0,0
47038,0.512,75.586,0.0,0.0,447.625,0.0,0.0,0.0,5.742,0,2.0,0.0,309.69,-3.8600000000000003,37.56,35.536075592041016,4.98,0.0,0
47038,0.682,75.586,0.0,0.0,447.988,0.0,0.0,0.0,5.742,0,2.0,0.045,309.825,0.39590000000000003,36.9,35.536075592041016,4.98,0.0,0
47038,0.171,75.586,0.0,0.0,447.927,0.0,0.0,0.0,5.742,0,2.0,0.045,309.825,3.3321,37.89,35.536075592041016,4.98,0.0,0
47038,0.512,75.586,0.0,0.0,447.806,0.0,0.0,0.0,5.742,0,1.0,0.02,309.825,2.1114,40.26,35.536075592041016,4.98,0.0,0
47038,0.853,75.586,0.0,0.0,447.685,0.0,0.0,0.0,5.742,0,2.0,0.045,309.825,0.0,41.28,35.536075592041016,4.98,0.0,0
47038,0.512,75.586,0.0,0.0,447.927,0.0,0.0,0.0,5.742,0,2.0,0.055,309.825,1.9795,41.550000000000004,35.536075592041016,4.98,0.0,0
47038,0.853,75.586,0.0,0.0,447.927,0.0,0.0,0.0,5.742,0,2.0,0.055,309.825,2.1774,41.49,35.536075592041016,4.98,0.0,0
47038,0.171,75.586,0.0,0.0,447.867,0.0,0.0,0.0,5.742,0,2.0,0.04,309.69,-0.7011000000000001,40.65,35.536075592041016,4.98,0.0,0
47038,0.171,75.586,0.0,0.0,447.927,0.0,0.0,0.0,5.742,0,2.0,0.06,309.69,-4.1981,39.6,35.536075592041016,4.98,0.0,0
47038,0.512,75.586,0.0,0.0,447.806,0.0,0.0,0.0,5.742,0,2.0,0.055,309.825,-4.3548,39.9,35.536075592041016,4.98,0.0,0
47038,0.853,75.586,0.0,0.0,447.867,0.0,0.0,0.0,5.742,0,2.0,0.06,309.825,2.5486,39.27,35.536075592041016,4.98,0.0,0
47038,0.171,75.586,0.0,0.0,447.806,0.0,0.0,0.0,5.742,0,2.0,0.03,309.69,0.066,39.0,35.536075592041016,4.98,0.0,0
47038,0.512,75.586,0.0,0.0,447.746,0.0,0.0,0.0,5.742,0,2.0,0.055,309.69,-6.3096000000000005,38.28,35.536075592041016,4.98,0.0,0
47038,0.512,75.586,0.0,0.0,448.048,0.0,0.0,0.0,5.742,0,2.0,0.03,309.69,-0.9897,37.68,35.536075592041016,4.98,0.0,0
47038,0.682,75.586,0.0,0.0,448.41200000000003,0.0,0.0,0.0,5.742,0,2.0,0.05,309.825,4.0662,37.17,35.536075592041016,4.98,0.0,0
47038,0.682,75.586,0.0,0.0,448.10900000000004,0.0,0.0,0.2,5.742,0,2.0,0.075,309.825,2.664,38.76,35.536075592041016,4.98,0.0,0
47038,0.512,75.586,0.0,0.0,447.806,0.0,0.0,0.0,5.742,0,2.0,0.045,309.825,-2.4001,40.83,35.536075592041016,4.98,0.0,0
47038,0.853,75.586,0.0,0.0,448.291,0.0,0.0,0.0,5.742,0,2.0,0.06,309.69,0.6846,41.1,35.536075592041016,4.98,0.0,0
47038,0.682,75.586,0.0,0.0,448.048,0.0,0.0,0.0,5.742,0,2.0,0.045,309.825,0.9238000000000001,40.86,35.536075592041016,4.98,0.0,0
47038,0.512,75.586,0.0,0.0,448.10900000000004,0.0,0.0,0.0,5.742,0,2.0,0.05,309.825,0.767,39.45,35.536075592041016,4.98,0.0,0
47038,0.512,75.586,0.0,0.0,447.927,0.0,0.0,0.0,5.742,0,2.0,0.04,309.915,-0.7011000000000001,39.0,35.536075592041016,4.98,0.0,0
47038,0.512,75.586,0.0,0.0,447.746,0.0,0.0,-0.2,5.742,0,2.0,0.03,309.825,-1.5176,38.49,35.536075592041016,4.98,0.0,0
47038,0.682,75.586,0.0,0.0,448.10900000000004,0.0,0.0,0.0,5.742,0,2.0,0.04,309.825,6.1364,38.7,35.536075592041016,4.98,0.0,0
47038,0.853,75.586,0.0,0.0,447.927,0.0,0.0,0.0,5.742,0,2.0,0.055,309.69,-3.1012,38.28,35.536075592041016,4.98,0.0,0
47038,0.682,75.586,0.0,0.0,447.927,0.0,0.0,0.0,5.742,0,2.0,0.05,309.825,-4.6848,37.89,35.536075592041016,4.98,0.0,0
47038,0.171,75.586,0.0,0.0,448.10900000000004,0.0,0.0,0.0,5.742,0,2.0,0.045,309.69,-0.48660000000000003,37.62,35.536075592041016,4.98,0.0,0
47038,0.512,75.586,0.0,0.0,447.927,0.0,0.0,0.0,5.742,0,2.0,0.09,309.69,3.4971,38.04,35.536075592041016,4.98,0.0,0
47038,0.682,75.586,0.0,0.0,447.625,0.0,0.0,0.0,5.742,0,2.0,0.075,309.69,0.066,38.67,35.536075592041016,4.98,0.0,0
47038,0.682,75.586,0.0,0.0,447.988,0.0,0.0,0.0,5.742,0,2.0,0.095,309.825,-0.8165,39.21,35.536075592041016,4.98,0.0,0
47038,0.341,75.586,0.0,0.0,447.927,0.0,0.0,0.0,5.742,0,2.0,0.055,309.825,2.0620000000000003,40.11,35.536075592041016,4.98,0.0,0
47038,0.512,75.586,0.0,0.0,447.927,0.0,0.0,0.0,5.742,0,2.0,0.06,309.825,6.0456,40.410000000000004,35.536075592041016,4.98,0.0,0
47038,0.341,75.586,0.0,0.0,447.927,0.0,0.0,0.0,5.742,0,2.0,0.05,309.825,0.39590000000000003,39.63,35.536075592041016,4.98,0.0,0
47038,0.682,75.586,0.0,0.0,447.988,0.0,0.0,0.0,5.742,0,2.0,0.045,309.69,-3.4723,38.4,35.536075592041016,4.98,0.0,0
47038,0.512,75.586,0.0,0.0,448.048,0.0,0.0,0.0,5.742,0,1.0,0.04,309.825,-1.699,38.76,35.536075592041016,4.98,0.0,0
47038,0.512,75.586,0.0,0.0,447.685,0.0,0.0,0.0,5.742,0,2.0,0.055,309.825,0.9897,37.83,35.536075592041016,4.98,0.0,0
47038,0.682,75.586,0.0,0.0,447.504,0.0,0.0,0.0,5.742,0,2.0,0.01,309.825,0.5938,37.800000000000004,35.536075592041016,4.98,0.0,0
47038,0.682,75.586,0.0,0.0,447.444,0.0,0.0,0.0,5.742,0,2.0,0.06,309.825,-0.5938,37.38,35.536075592041016,4.98,0.0,0
47038,0.512,75.586,0.0,0.0,447.444,0.0,0.0,0.0,5.742,0,3.0,0.055,309.825,0.0,37.26,35.536075592041016,4.98,0.0,0
47038,0.512,75.586,0.0,0.0,447.806,0.0,0.0,0.0,5.742,0,2.0,0.09,309.69,-4.486800000000001,36.51,35.536075592041016,4.98,0.0,0
47038,0.512,75.586,0.0,0.0,448.10900000000004,0.0,0.0,0.0,5.742,0,2.0,0.035,309.825,-3.1672000000000002,36.72,35.536075592041016,4.98,0.0,0
47038,0.682,75.586,0.0,0.0,447.988,0.0,0.0,0.0,5.742,0,2.0,0.045,309.825,4.486800000000001,38.160000000000004,35.536075592041016,4.98,0.0,0
47038,0.171,75.586,0.0,0.0,448.10900000000004,0.0,0.0,0.0,5.742,0,2.0,0.045,309.825,5.4435,39.18,35.536075592041016,4.98,0.0,0
47038,0.512,75.586,0.0,0.0,448.048,0.0,0.0,0.0,5.742,0,2.0,0.035,309.825,-1.9795,40.32,35.536075592041016,4.98,0.0,0
47038,0.512,75.586,0.0,0.0,447.927,0.0,0.0,0.0,5.742,0,2.0,0.05,309.69,-5.4435,40.68,35.536075592041016,4.98,0.0,0
47038,0.853,75.586,0.0,0.0,448.10900000000004,0.0,0.0,0.0,5.742,0,2.0,0.05,309.825,-1.1877,40.38,35.536075592041016,4.98,0.0,0
47038,0.512,75.586,0.0,0.0,447.806,0.0,0.0,0.0,5.742,0,2.0,0.07,309.825,2.3754,38.67,35.536075592041016,4.98,0.0,0
47038,0.512,75.586,0.0,0.0,447.988,0.0,0.0,0.0,5.742,0,2.0,0.02,309.825,2.3754,37.74,35.536075592041016,4.98,0.0,0
47038,0.512,75.586,0.0,0.0,447.988,0.0,0.0,0.0,5.742,0,2.0,0.02,309.915,2.5733,37.26,35.536075592041016,4.98,0.0,0
47038,0.853,75.586,0.0,0.0,447.806,0.0,0.0,0.0,5.742,0,2.0,0.05,309.825,0.7918000000000001,37.11,35.536075592041016,4.98,0.0,0
47038,0.512,75.586,0.0,0.0,447.927,0.0,0.0,0.0,5.742,0,2.0,0.035,309.825,-2.1114,37.44,35.536075592041016,4.98,0.0,0
47038,0.512,75.586,0.0,0.0,447.927,0.0,0.0,0.0,5.742,0,1.0,0.025,309.69,-2.2434000000000003,37.5,35.536075592041016,4.98,0.0,0
47038,0.512,75.586,0.0,0.0,447.625,0.0,0.0,0.0,5.742,0,2.0,0.055,309.69,0.099,37.89,35.536075592041016,4.98,0.0,0
47038,0.682,75.586,0.0,0.0,447.806,0.0,0.0,0.0,5.742,0,2.0,0.035,309.915,1.8475000000000001,38.730000000000004,35.536075592041016,4.98,0.0,0
47038,0.341,75.586,0.0,0.0,447.685,0.0,0.0,0.0,5.742,0,2.0,0.03,309.915,1.4186,39.33,35.536075592041016,4.98,0.0,0
47038,0.512,75.586,0.0,0.0,447.625,0.0,0.0,0.0,5.742,0,2.0,0.04,309.825,0.39590000000000003,39.300000000000004,35.536075592041016,4.98,0.0,0
47038,0.682,75.586,0.0,0.0,447.806,0.0,0.0,0.0,5.742,0,2.0,0.05,309.69,-1.4186,39.06,35.536075592041016,4.98,0.0,0
47038,0.682,75.586,0.0,0.0,447.625,0.0,0.0,0.0,5.742,0,2.0,0.04,309.825,-1.0557,39.36,35.536075592041016,4.98,0.0,0
47038,0.512,75.586,0.0,0.0,448.10900000000004,0.0,0.0,0.0,5.742,0,2.0,0.06,309.69,-4.651800000000001,39.03,35.536075592041016,4.98,0.0,0
47038,0.512,75.586,0.0,0.0,448.10900000000004,0.0,0.0,0.0,5.742,0,3.0,0.025,309.825,1.5836000000000001,38.07,35.536075592041016,4.98,0.0,0
47038,0.512,75.586,0.0,0.0,447.927,0.0,0.0,0.0,5.742,0,2.0,0.045,309.69,0.8908,37.17,35.536075592041016,4.98,0.0,0
47038,0.341,75.586,0.0,0.0,447.988,0.0,0.0,0.0,5.742,0,2.0,0.09,309.6,-3.4311000000000003,36.480000000000004,35.536075592041016,4.98,0.0,0
47038,0.341,75.586,0.0,0.0,448.23,0.0,0.0,0.0,5.742,0,2.0,0.08,309.825,-1.3196,36.300000000000004,35.536075592041016,4.98,0.0,0
47038,0.512,75.586,0.0,0.0,448.23,0.0,0.0,0.0,5.742,0,2.0,0.065,309.825,-0.39590000000000003,36.36,35.536075592041016,4.98,0.0,0
47038,0.512,75.586,0.0,0.0,447.988,0.0,0.0,0.0,5.742,0,2.0,0.045,309.825,1.6908,37.02,35.536075592041016,4.98,0.0,0
47038,0.682,75.586,0.0,0.0,448.048,0.0,0.0,0.0,5.742,0,2.0,0.04,309.69,0.3134,38.04,35.536075592041016,4.98,0.0,0
47038,0.512,75.586,0.0,0.0,447.927,0.0,0.0,0.0,5.742,0,2.0,0.065,309.825,-2.1774,38.730000000000004,35.536075592041016,4.98,0.0,0
47038,0.512,75.586,0.0,0.0,447.625,0.0,0.0,0.0,5.742,0,2.0,0.05,309.825,-1.0145,38.97,35.536075592041016,4.98,0.0,0
47038,0.682,75.586,0.0,0.0,447.806,0.0,0.0,0.0,5.742,0,2.0,0.025,309.825,3.3404000000000003,38.49,35.536075592041016,4.98,0.0,0
47038,0.512,75.586,0.0,0.0,448.048,0.0,0.0,0.0,5.742,0,2.0,0.05,309.69,0.39590000000000003,38.37,35.536075592041016,4.98,0.0,0
47038,0.682,75.586,0.0,0.0,448.10900000000004,0.0,0.0,0.0,5.742,0,2.0,0.055,309.825,-0.9897,38.730000000000004,35.536075592041016,4.98,0.0,0
47038,0.512,75.586,0.0,0.0,447.867,0.0,0.0,0.0,5.742,0,2.0,0.055,309.69,-1.1629,38.85,35.536075592041016,4.98,0.0,0
47038,0.512,75.586,0.0,0.0,447.685,0.0,0.0,0.0,5.742,0,2.0,0.03,309.69,-2.1774,38.4,35.536075592041016,4.98,0.0,0
47038,0.682,75.586,0.0,0.0,447.625,0.0,0.0,0.0,5.742,0,2.0,0.03,309.69,-3.1424000000000003,37.59,35.536075592041016,4.98,0.0,0
47038,0.512,75.586,0.0,0.0,447.504,0.0,0.0,0.0,5.742,0,2.0,0.04,309.825,-1.2124000000000001,37.17,35.536075592041016,4.98,0.0,0
47038,0.512,75.586,0.0,0.0,448.169,0.0,0.0,0.0,5.742,0,2.0,0.03,309.825,3.9342,36.24,35.536075592041016,4.98,0.0,0
47038,0.682,75.586,0.0,0.0,447.927,0.0,0.0,0.0,5.742,0,2.0,0.095,309.825,3.1424000000000003,36.06,35.536075592041016,4.98,0.0,0
47038,0.341,75.586,0.0,0.0,447.806,0.0,0.0,0.0,5.742,0,2.0,0.055,309.915,-0.5691,37.410000000000004,35.536075592041016,4.98,0.0,0
47038,0.512,75.586,0.0,0.0,447.927,0.0,0.0,0.0,5.742,0,1.0,0.04,309.825,3.0352,39.15,35.536075592041016,4.98,0.0,0
47038,0.682,75.586,0.0,0.0,448.048,0.0,0.0,0.0,5.742,0,2.0,0.055,309.69,-2.5733,39.75,35.536075592041016,4.98,0.0,0
47038,0.682,75.586,0.0,0.0,448.10900000000004,0.0,0.0,-0.2,5.742,0,2.0,0.085,309.825,-5.8559,40.050000000000004,35.536075592041016,4.98,0.0,0
47038,0.853,75.586,0.0,0.0,448.10900000000004,0.0,0.0,0.0,5.742,0,2.0,0.08,309.915,2.2269,39.42,35.536075592041016,4.98,0.0,0
47038,0.512,75.586,0.0,0.0,447.867,0.0,0.0,0.0,5.742,0,2.0,0.065,309.69,1.4516,38.82,35.536075592041016,4.98,0.0,0
47038,0.512,75.586,0.0,0.0,448.048,0.0,0.0,0.0,5.742,0,2.0,0.04,309.825,-0.8578,39.24,35.536075592041016,4.98,0.0,0
47038,0.512,75.586,0.0,0.0,448.10900000000004,0.0,0.0,0.0,5.742,0,1.0,0.03,309.69,-4.577500000000001,39.6,35.536075592041016,4.98,0.0,0
47038,0.512,75.586,0.0,0.0,448.048,0.0,0.0,0.0,5.742,0,2.0,0.03,309.69,-0.5938,38.97,35.536075592041016,4.98,0.0,0
47038,0.682,75.586,0.0,0.0,448.10900000000004,0.0,0.0,0.0,5.742,0,2.0,0.055,309.825,1.3856000000000002,37.800000000000004,35.536075592041016,4.98,0.0,0
47038,0.512,75.586,0.0,0.0,448.10900000000004,0.0,0.0,0.0,5.742,0,3.0,0.035,309.825,2.3506,36.45,35.536075592041016,4.98,0.0,0
47038,0.512,75.586,0.0,0.0,448.10900000000004,0.0,0.0,0.0,5.742,0,2.0,0.035,309.825,2.3754,36.42,35.536075592041016,4.98,0.0,0
47038,0.0,75.586,0.0,0.0,447.927,0.0,0.0,0.0,5.742,0,2.0,0.015,309.825,1.4846000000000001,36.87,35.536075592041016,4.98,0.0,0
47038,0.341,75.586,0.0,0.0,447.988,0.0,0.0,0.0,5.742,0,1.0,0.055,309.825,-0.39590000000000003,37.86,35.536075592041016,4.98,0.0,0
47038,0.512,75.586,0.0,0.0,448.169,0.0,0.0,0.0,5.742,0,2.0,0.035,309.69,-2.5403000000000002,39.87,35.536075592041016,4.98,0.0,0
47038,0.512,75.586,0.0,0.0,448.291,0.0,0.0,0.0,5.742,0,2.0,0.035,309.825,-0.5279,40.5,35.536075592041016,4.98,0.0,0
47038,0.341,75.586,0.0,0.0,448.169,0.0,0.0,0.0,5.742,0,2.0,0.02,309.69,-0.6928000000000001,40.050000000000004,35.536075592041016,4.98,0.0,0
47038,0.512,75.586,0.0,0.0,447.988,0.0,0.0,0.0,5.742,0,2.0,0.045,309.69,0.7918000000000001,39.51,35.536075592041016,4.98,0.0,0
47038,0.512,75.586,0.0,0.0,448.10900000000004,0.0,0.0,0.0,5.742,0,2.0,0.04,309.825,2.3754,39.33,35.536075592041016,4.98,0.0,0
47038,0.512,75.586,0.0,0.0,448.10900000000004,0.0,0.0,0.0,5.742,0,1.0,0.045,309.915,6.2023,39.21,35.536075592041016,4.98,0.0,0
47038,0.853,75.586,0.0,0.0,448.351,0.0,0.0,0.0,5.742,0,3.0,0.05,309.69,2.9032,39.54,35.536075592041016,4.98,0.0,0
47038,0.512,75.586,0.0,0.0,448.41200000000003,0.0,0.0,0.0,5.742,0,2.0,0.035,309.825,-0.6598,39.15,35.536075592041016,4.98,0.0,0
47038,0.512,75.586,0.0,0.0,448.291,0.0,0.0,0.0,5.742,0,2.0,0.04,309.69,-1.6826,38.64,35.536075592041016,4.98,0.0,0
47038,0.512,75.586,0.0,0.0,448.169,0.0,0.0,0.0,5.742,0,2.0,0.045,309.825,0.2639,38.28,35.536075592041016,4.98,0.0,0
47038,0.682,75.586,0.0,0.0,448.351,0.0,0.0,0.0,5.742,0,1.0,0.075,309.69,-2.2764,37.92,35.536075592041016,4.98,0.0,0
47038,0.853,75.586,0.0,0.0,448.291,0.0,0.0,0.0,5.742,0,2.0,0.06,309.915,3.8270000000000004,38.25,35.536075592041016,4.98,0.0,0
47038,0.171,75.586,0.0,0.0,448.291,0.0,0.0,0.0,5.742,0,2.0,0.06,309.825,-0.2639,39.300000000000004,35.536075592041016,4.98,0.0,0
47038,0.512,75.586,0.0,0.0,448.23,0.0,0.0,0.0,5.742,0,2.0,0.05,309.825,0.0,40.56,35.536075592041016,4.98,0.0,0
47038,0.682,75.586,0.0,0.0,448.23,0.0,0.0,0.0,5.742,0,2.0,0.05,309.6,-1.0887,40.68,35.536075592041016,4.98,0.0,0
47038,0.512,75.586,0.0,0.0,447.927,0.0,0.0,0.0,5.742,0,2.0,0.07,309.69,-1.0557,40.11,35.536075592041016,4.98,0.0,0
47038,0.682,75.586,0.0,0.0,447.988,0.0,0.0,0.0,5.742,0,2.0,0.045,309.825,-1.0557,39.15,35.536075592041016,4.98,0.0,0
47038,0.682,75.586,0.0,0.0,447.927,0.0,0.0,0.0,5.742,0,2.0,0.065,309.825,4.486800000000001,38.52,35.536075592041016,4.98,0.0,0
47038,0.512,75.586,0.0,0.0,447.988,0.0,0.0,0.0,5.742,0,2.0,0.035,309.825,1.4846000000000001,38.25,35.536075592041016,4.98,0.0,0
47038,0.682,75.586,0.0,0.0,448.10900000000004,0.0,0.0,0.0,5.742,0,2.0,0.06,309.69,-2.7713,38.4,35.536075592041016,4.98,0.0,0
47038,1.0230000000000001,75.586,0.0,0.0,447.867,0.0,0.0,0.0,5.742,0,2.0,0.04,309.6,-3.2661000000000002,38.910000000000004,35.536075592041016,4.98,0.0,0
47038,0.341,75.586,0.0,0.0,448.10900000000004,0.0,0.0,0.0,5.742,0,2.0,0.055,309.915,1.0557,38.31,35.536075592041016,4.98,0.0,0
47038,0.853,75.586,0.0,0.0,447.927,0.0,0.0,0.0,5.742,0,2.0,0.05,309.825,5.7075000000000005,38.07,35.536075592041016,4.98,0.0,0
47038,0.512,75.586,0.0,0.0,448.048,0.0,0.0,0.0,5.742,0,2.0,0.12,309.825,4.2229,38.4,35.536075592041016,4.98,0.0,0
47038,0.512,75.586,0.0,0.0,447.927,0.0,0.0,0.0,5.742,0,2.0,0.045,309.825,1.3856000000000002,39.54,35.536075592041016,4.98,0.0,0
47038,0.512,75.586,0.0,0.0,447.927,0.0,0.0,0.0,5.742,0,2.0,0.05,309.825,-1.9795,40.62,35.536075592041016,4.98,0.0,0
47038,0.512,75.586,0.0,0.0,447.927,0.0,0.0,0.0,5.742,0,2.0,0.06,309.825,-3.9589000000000003,40.74,35.536075592041016,4.98,0.0,0
47038,0.512,75.586,0.0,0.0,447.927,0.0,0.0,0.0,5.742,0,2.0,0.055,309.825,3.2991,40.74,35.536075592041016,4.98,0.0,0
47038,0.853,75.586,0.0,0.0,447.927,0.0,0.0,0.0,5.742,0,2.0,0.015,309.825,3.761,40.65,35.536075592041016,4.98,0.0,0
47038,0.853,75.586,0.0,0.0,448.048,0.0,0.0,0.0,5.742,0,2.0,0.055,309.825,4.2229,39.72,35.536075592041016,4.98,0.0,0
47038,0.512,75.586,0.0,0.0,447.988,0.0,0.0,0.0,5.742,0,2.0,0.02,309.69,-2.2187,38.76,35.536075592041016,4.98,0.0,0
47038,0.512,75.586,0.0,0.0,447.988,0.0,0.0,0.0,5.742,0,2.0,0.055,309.915,0.0495,38.7,35.536075592041016,4.98,0.0,0
47038,0.853,75.586,0.0,0.0,448.351,0.0,0.0,0.0,5.742,0,2.0,0.025,309.825,-0.5279,37.95,35.536075592041016,4.98,0.0,0
47038,0.512,75.586,0.0,0.0,448.291,0.0,0.0,0.0,5.742,0,2.0,0.035,309.825,2.1114,37.32,35.536075592041016,4.98,0.0,0
47038,0.341,75.586,0.0,0.0,447.927,0.0,0.0,0.0,5.742,0,2.0,0.055,309.825,0.7423000000000001,37.53,35.536075592041016,4.98,0.0,0
47038,0.512,75.586,0.0,0.0,447.806,0.0,0.0,0.0,5.742,0,2.0,0.055,309.915,1.4351,39.18,35.536075592041016,4.98,0.0,0
47038,0.512,75.586,0.0,0.0,448.23,0.0,0.0,0.0,5.742,0,2.0,0.045,309.69,-2.6805000000000003,40.08,35.536075592041016,4.98,0.0,0
47038,0.853,75.586,0.0,0.0,447.927,0.0,0.0,0.0,5.742,0,2.0,0.035,309.69,-4.792,41.07,35.536075592041016,4.98,0.0,0
47038,0.853,75.586,0.0,0.0,447.988,0.0,0.0,0.0,5.742,0,2.0,0.02,309.69,-3.7857000000000003,41.22,35.536075592041016,4.98,0.0,0
47038,0.512,75.586,0.0,0.0,447.746,0.0,0.0,0.0,5.742,0,2.0,0.04,309.825,0.17320000000000002,41.34,35.536075592041016,4.98,0.0,0
47038,1.0230000000000001,75.586,0.0,0.0,447.806,0.0,0.0,0.0,5.742,0,2.0,0.05,309.825,3.9342,40.92,35.536075592041016,4.98,0.0,0
47038,0.512,75.586,0.0,0.0,447.988,0.0,0.0,0.0,5.742,0,2.0,0.045,309.69,0.7918000000000001,40.230000000000004,35.536075592041016,4.98,0.0,0
47038,0.682,75.586,0.0,0.0,447.625,0.0,0.0,0.0,5.742,0,2.0,0.0,309.825,-3.761,39.06,35.536075592041016,4.98,0.0,0
47038,0.512,75.586,0.0,0.0,447.685,0.0,0.0,0.0,5.742,0,1.0,0.045,309.825,3.629,38.730000000000004,35.536075592041016,4.98,0.0,0
47038,0.512,75.586,0.0,0.0,448.10900000000004,0.0,0.0,0.0,5.742,0,2.0,0.07,309.825,3.6703,38.49,35.536075592041016,4.98,0.0,0
47038,0.512,75.586,0.0,0.0,447.927,0.0,0.0,0.0,5.742,0,2.0,0.055,309.825,-0.42060000000000003,38.85,35.536075592041016,4.98,0.0,0
47038,0.682,75.586,0.0,0.0,447.625,0.0,0.0,0.0,5.742,0,2.0,0.055,309.825,-4.3548,38.43,35.536075592041016,4.98,0.0,0
47038,0.512,75.586,0.0,0.0,447.625,0.0,0.0,0.0,5.742,0,2.0,0.045,309.825,-3.9589000000000003,38.49,35.536075592041016,4.98,0.0,0
47038,0.512,75.586,0.0,0.0,448.10900000000004,0.0,0.0,0.0,5.742,0,2.0,0.06,309.825,-1.9795,38.910000000000004,35.536075592041016,4.98,0.0,0
47038,0.512,75.586,0.0,0.0,447.927,0.0,0.0,0.0,5.742,0,2.0,0.055,309.69,2.4743,39.9,35.536075592041016,4.98,0.0,0
47038,0.512,75.586,0.0,0.0,447.988,0.0,0.0,0.0,5.742,0,2.0,0.035,309.825,0.7918000000000001,41.07,35.536075592041016,4.98,0.0,0
47038,0.512,75.586,0.0,0.0,447.746,0.0,0.0,0.0,5.742,0,2.0,0.05,309.69,-3.0682,40.71,35.536075592041016,4.98,0.0,0
47038,0.682,75.586,0.0,0.0,448.048,0.0,0.0,0.0,5.742,0,2.0,0.025,309.825,-0.7918000000000001,40.11,35.536075592041016,4.98,0.0,0
47038,0.682,75.586,0.0,0.0,447.988,0.0,0.0,0.0,5.742,0,2.0,0.035,309.825,2.3754,39.81,35.536075592041016,4.98,0.0,0
47038,0.682,75.586,0.0,0.0,447.927,0.0,0.0,0.0,5.742,0,2.0,0.025,309.915,6.5982,39.51,35.536075592041016,4.98,0.0,0
47038,0.512,75.586,0.0,0.0,448.10900000000004,0.0,0.0,0.0,5.742,0,2.0,0.035,309.825,-1.0557,39.78,35.536075592041016,4.98,0.0,0
47038,0.512,75.586,0.0,0.0,447.625,0.0,0.0,0.0,5.742,0,2.0,0.07,309.825,-2.3754,38.4,35.536075592041016,4.98,0.0,0
47038,0.512,75.586,0.0,0.0,447.383,0.0,0.0,0.0,5.742,0,2.0,0.025,309.69,-1.6826,37.02,35.536075592041016,4.98,0.0,0
47038,0.512,75.586,0.0,0.0,447.806,0.0,0.0,0.0,5.742,0,2.0,0.06,309.69,-3.563,37.050000000000004,35.536075592041016,4.98,0.0,0
47038,0.853,75.586,0.0,0.0,447.867,0.0,0.0,0.0,5.742,0,2.0,0.07,309.69,-1.4846000000000001,38.97,35.536075592041016,4.98,0.0,0
47038,0.512,75.586,0.0,0.0,447.625,0.0,0.0,0.0,5.742,0,2.0,0.045,309.825,4.3548,40.14,35.536075592041016,4.98,0.0,0
47038,0.512,75.586,0.0,0.0,447.806,0.0,0.0,0.0,5.742,0,2.0,0.05,309.825,1.4846000000000001,40.980000000000004,35.536075592041016,4.98,0.0,0
47038,0.682,75.586,0.0,0.0,447.444,0.0,0.0,0.0,5.742,0,2.0,0.05,309.825,0.39590000000000003,40.38,35.536075592041016,4.98,0.0,0
47038,0.682,75.586,0.0,0.0,447.625,0.0,0.0,0.0,5.742,0,2.0,0.06,309.825,-0.7918000000000001,39.96,35.536075592041016,4.98,0.0,0
47038,0.512,75.586,0.0,0.0,447.927,0.0,0.0,0.0,5.742,0,2.0,0.015,309.69,-1.1877,39.81,35.536075592041016,4.98,0.0,0
47038,0.853,75.586,0.0,0.0,447.625,0.0,0.0,0.0,5.742,0,2.0,0.05,309.825,-1.5836000000000001,39.45,35.536075592041016,4.98,0.0,0
47038,0.512,75.586,0.0,0.0,447.867,0.0,0.0,0.0,5.742,0,2.0,0.06,309.825,0.7918000000000001,39.39,35.536075592041016,4.98,0.0,0
47038,0.512,75.586,0.0,0.0,447.806,0.0,0.0,0.0,5.742,0,2.0,0.075,309.825,0.6928000000000001,38.7,35.536075592041016,4.98,0.0,0
47038,0.512,75.586,0.0,0.0,447.806,0.0,0.0,0.0,5.742,0,2.0,0.04,309.69,-1.8475000000000001,37.800000000000004,35.536075592041016,4.98,0.0,0
47038,0.853,75.586,0.0,0.0,447.927,0.0,0.0,0.0,5.742,0,2.0,0.02,309.825,-0.7918000000000001,37.38,35.536075592041016,4.98,0.0,0
47038,0.512,75.586,0.0,0.0,447.625,0.0,0.0,0.0,5.742,0,2.0,0.055,309.825,0.2639,36.87,35.536075592041016,4.98,0.0,0
47038,0.512,75.586,0.0,0.0,447.746,0.0,0.0,0.0,5.742,0,2.0,0.09,309.825,-0.099,37.38,35.536075592041016,4.98,0.0,0
47038,0.853,75.586,0.0,0.0,447.806,0.0,0.0,0.0,5.742,0,2.0,0.05,309.825,-1.9795,39.9,35.536075592041016,4.98,0.0,0
47038,0.512,75.586,0.0,0.0,447.927,0.0,0.0,0.0,5.742,0,2.0,0.04,309.915,2.5733,40.74,35.536075592041016,4.98,0.0,0
47038,0.512,75.586,0.0,0.0,447.746,0.0,0.0,0.0,5.742,0,2.0,0.045,309.69,-2.3754,40.800000000000004,35.536075592041016,4.98,0.0,0
47038,0.512,75.586,0.0,0.0,447.746,0.0,0.0,0.0,5.742,0,2.0,0.02,309.69,1.4186,40.44,35.536075592041016,4.98,0.0,0
47038,0.512,75.586,0.0,0.0,448.10900000000004,0.0,0.0,0.0,5.742,0,2.0,0.05,309.69,-2.6393,40.02,35.536075592041016,4.98,0.0,0
47038,0.853,75.586,0.0,0.0,448.048,0.0,0.0,0.0,5.742,0,2.0,0.045,309.825,-5.1136,40.08,35.536075592041016,4.98,0.0,0
47038,0.341,75.586,0.0,0.0,447.927,0.0,0.0,0.0,5.742,0,2.0,0.055,309.69,1.1877,40.050000000000004,35.536075592041016,4.98,0.0,0
47038,0.512,75.586,0.0,0.0,447.625,0.0,0.0,0.0,5.742,0,2.0,0.04,309.825,4.651800000000001,39.660000000000004,35.536075592041016,4.98,0.0,0
47038,0.682,75.586,0.0,0.0,447.564,0.0,0.0,0.0,5.742,0,2.0,0.07,309.69,-0.2639,38.22,35.536075592041016,4.98,0.0,0
47038,0.512,75.586,0.0,0.0,447.564,0.0,0.0,0.0,5.742,0,2.0,0.065,309.825,0.0,38.1,35.536075592041016,4.98,0.0,0
47038,0.512,75.586,0.0,0.0,447.867,0.0,0.0,0.0,5.742,0,2.0,0.03,309.69,-2.1114,36.6,35.536075592041016,4.98,0.0,0
47038,0.512,75.586,0.0,0.0,448.10900000000004,0.0,0.0,0.0,5.742,0,1.0,0.04,309.69,-1.8228000000000002,36.72,35.536075592041016,4.98,0.0,0
47038,0.682,75.586,0.0,0.0,447.867,0.0,0.0,0.0,5.742,0,1.0,0.05,309.825,-1.8063,38.28,35.536075592041016,4.98,0.0,0
47038,0.682,75.586,0.0,0.0,447.927,0.0,0.0,0.0,5.742,0,2.0,0.045,309.825,3.7363000000000004,39.6,35.536075592041016,4.98,0.0,0
47038,0.512,75.586,0.0,0.0,447.927,0.0,0.0,0.0,5.742,0,2.0,0.05,309.825,4.2229,40.65,35.536075592041016,4.98,0.0,0
47038,0.512,75.586,0.0,0.0,448.048,0.0,0.0,0.0,5.742,0,2.0,0.045,309.69,-2.2187,40.38,35.536075592041016,4.98,0.0,0
47038,0.512,75.586,0.0,0.0,448.048,0.0,0.0,0.0,5.742,0,2.0,0.05,309.825,-3.563,39.21,35.536075592041016,4.98,0.0,0
47038,0.512,75.586,0.0,0.0,447.806,0.0,0.0,0.0,5.742,0,2.0,0.05,309.825,-2.1774,38.160000000000004,35.536075592041016,4.98,0.0,0
47038,0.682,75.586,0.0,0.0,448.10900000000004,0.0,0.0,-0.2,5.742,0,1.0,0.045,309.825,3.761,38.25,35.536075592041016,4.98,0.0,0
47038,0.512,75.586,0.0,0.0,448.10900000000004,0.0,0.0,0.0,5.742,0,2.0,0.045,309.825,1.3196,38.79,35.536075592041016,4.98,0.0,0
47038,0.682,75.586,0.0,0.0,447.988,0.0,0.0,0.0,5.742,0,2.0,0.06,309.825,2.8125,38.67,35.536075592041016,4.98,0.0,0
47038,0.512,75.586,0.0,0.0,447.625,0.0,0.0,0.0,5.742,0,2.0,0.045,309.825,2.5733,38.79,35.536075592041016,4.98,0.0,0
47038,0.512,75.586,0.0,0.0,447.504,0.0,0.0,0.0,5.742,0,2.0,0.05,309.69,-3.9837000000000002,38.07,35.536075592041016,4.98,0.0,0
47038,0.512,75.586,0.0,0.0,448.10900000000004,0.0,0.0,0.0,5.742,0,2.0,0.035,309.69,-5.7817,37.17,35.536075592041016,4.98,0.0,0
47038,0.512,75.586,0.0,0.0,448.169,0.0,0.0,0.0,5.742,0,2.0,0.065,309.69,-1.6908,38.04,35.536075592041016,4.98,0.0,0
47038,0.512,75.586,0.0,0.0,447.685,0.0,0.0,0.0,5.742,0,2.0,0.055,309.69,2.5073000000000003,39.0,35.536075592041016,4.98,0.0,0
47038,0.512,75.586,0.0,0.0,447.806,0.0,0.0,0.0,5.742,0,2.0,0.01,309.825,1.7568000000000001,39.45,35.536075592041016,4.98,0.0,0
47038,0.512,75.586,0.0,0.0,447.625,0.0,0.0,0.0,5.742,0,2.0,0.055,309.825,0.9650000000000001,39.99,35.536075592041016,4.98,0.0,0
47038,0.512,75.586,0.0,0.0,447.746,0.0,0.0,0.0,5.742,0,2.0,0.055,309.825,0.5938,40.050000000000004,35.536075592041016,4.98,0.0,0
47038,0.682,75.586,0.0,0.0,447.746,0.0,0.0,0.0,5.742,0,2.0,0.05,309.825,1.9795,38.79,35.536075592041016,4.98,0.0,0
47038,0.682,75.586,0.0,0.0,447.806,0.0,0.0,0.0,5.742,0,2.0,0.065,309.69,1.0805,37.95,35.536075592041016,4.98,0.0,0
47038,0.682,75.586,0.0,0.0,447.988,0.0,0.0,0.0,5.742,0,2.0,0.065,309.825,-0.8578,37.2,35.536075592041016,4.98,0.0,0
47038,0.682,75.586,0.0,0.0,447.746,0.0,0.0,0.0,5.742,0,2.0,0.05,309.69,-2.3506,36.84,35.536075592041016,4.98,0.0,0
47038,0.682,75.586,0.0,0.0,447.806,0.0,0.0,0.0,5.742,0,2.0,0.045,309.69,-3.9589000000000003,37.230000000000004,35.536075592041016,4.98,0.0,0
47038,0.512,75.586,0.0,0.0,447.685,0.0,0.0,0.0,5.742,0,2.0,0.035,309.825,-0.7918000000000001,37.44,35.536075592041016,4.98,0.0,0
47038,0.682,75.586,0.0,0.0,447.988,0.0,0.0,0.0,5.742,0,2.0,0.05,309.825,3.7363000000000004,37.83,35.536075592041016,4.98,0.0,0
47038,0.512,75.586,0.0,0.0,447.806,0.0,0.0,0.0,5.742,0,2.0,0.02,309.915,4.1816,39.0,35.536075592041016,4.98,0.0,0
47038,0.682,75.586,0.0,0.0,448.169,0.0,0.0,0.0,5.742,0,2.0,0.035,309.69,2.994,39.99,35.536075592041016,4.98,0.0,0
47038,0.512,75.586,0.0,0.0,448.169,0.0,0.0,0.0,5.742,0,2.0,0.045,309.825,-3.0599000000000003,40.2,35.536075592041016,4.98,0.0,0
47038,0.512,75.586,0.0,0.0,447.806,0.0,0.0,0.0,5.742,0,2.0,0.055,309.825,-3.7445000000000004,40.44,35.536075592041016,4.98,0.0,0
47038,0.682,75.586,0.0,0.0,447.806,0.0,0.0,0.0,5.742,0,2.0,0.055,309.825,-2.8372,40.44,35.536075592041016,4.98,0.0,0
47038,0.682,75.586,0.0,0.0,447.504,0.0,0.0,0.0,5.742,0,2.0,0.06,309.69,0.39590000000000003,40.800000000000004,35.536075592041016,4.98,0.0,0
47038,0.512,75.586,0.0,0.0,447.625,0.0,0.0,0.0,5.742,0,2.0,0.065,309.825,0.0,39.69,35.536075592041016,4.98,0.0,0
47038,0.512,75.586,0.0,0.0,447.383,0.0,0.0,0.0,5.742,0,2.0,0.02,309.825,1.5836000000000001,39.27,35.536075592041016,4.98,0.0,0
47038,0.682,75.586,0.0,0.0,447.262,0.0,0.0,0.0,5.742,0,2.0,0.015,309.69,0.7918000000000001,38.43,35.536075592041016,4.98,0.0,0
47038,0.512,75.586,0.0,0.0,447.867,0.0,0.0,0.0,5.742,0,1.0,0.045,309.825,-0.7918000000000001,37.980000000000004,35.536075592041016,4.98,0.0,0
47038,0.512,75.586,0.0,0.0,447.806,0.0,0.0,0.0,5.742,0,2.0,0.055,309.69,0.3629,37.83,35.536075592041016,4.98,0.0,0
47038,0.512,75.586,0.0,0.0,447.806,0.0,0.0,0.0,5.742,0,2.0,0.05,309.69,-1.8475000000000001,37.59,35.536075592041016,4.98,0.0,0
47038,0.512,75.586,0.0,0.0,447.988,0.0,0.0,0.0,5.742,0,2.0,0.05,309.825,-3.9589000000000003,38.04,35.536075592041016,4.98,0.0,0
47038,0.682,75.586,0.0,0.0,447.806,0.0,0.0,0.0,5.742,0,2.0,0.05,309.69,1.1877,39.12,35.536075592041016,4.98,0.0,0
47038,0.512,75.586,0.0,0.0,447.564,0.0,0.0,0.0,5.742,0,2.0,-0.015,309.825,5.7075000000000005,40.38,35.536075592041016,4.98,0.0,0
47038,0.512,75.586,0.0,0.0,447.32300000000004,0.0,0.0,0.0,5.742,0,2.0,0.05,309.825,0.9238000000000001,41.49,35.536075592041016,4.98,0.0,0
47038,0.512,75.586,0.0,0.0,447.32300000000004,0.0,0.0,0.0,5.742,0,2.0,0.065,309.69,-3.9589000000000003,41.34,35.536075592041016,4.98,0.0,0
47038,0.512,75.586,0.0,0.0,446.96000000000004,0.0,0.0,0.0,5.742,0,2.0,0.045,309.915,2.2434000000000003,41.97,35.536075592041016,4.98,0.0,0
47038,0.512,75.586,0.0,0.0,447.625,0.0,0.0,0.0,5.742,0,2.0,0.045,309.825,2.9032,39.87,35.536075592041016,4.98,0.0,0
47038,1.0230000000000001,75.586,0.0,0.0,447.806,0.0,0.0,0.0,5.742,0,2.0,0.025,309.915,0.5279,38.28,35.536075592041016,4.98,0.0,0
47038,0.512,75.586,0.0,0.0,447.504,0.0,0.0,0.0,5.742,0,2.0,0.055,309.825,-2.8372,37.77,35.536075592041016,4.98,0.0,0
47038,0.853,75.586,0.0,0.0,447.504,0.0,0.0,0.0,5.742,0,2.0,0.04,309.825,3.4311000000000003,37.77,35.536075592041016,4.98,0.0,0
47038,0.512,75.586,0.0,0.0,447.806,0.0,0.0,0.0,5.742,0,2.0,0.055,309.825,0.5938,37.86,35.536075592041016,4.98,0.0,0
47038,0.682,75.586,0.0,0.0,447.806,0.0,0.0,0.0,5.742,0,2.0,0.065,309.825,1.1382,37.92,35.536075592041016,4.98,0.0,0
47038,0.512,75.586,0.0,0.0,447.444,0.0,0.0,0.0,5.742,0,2.0,0.05,309.825,-1.4516,38.28,35.536075592041016,4.98,0.0,0
47038,0.512,75.586,0.0,0.0,447.685,0.0,0.0,0.2,5.742,0,2.0,0.045,309.825,0.0,39.33,35.536075592041016,4.98,0.0,0
47038,0.512,75.586,0.0,0.0,447.806,0.0,0.0,0.0,5.742,0,2.0,0.03,309.69,-2.1527000000000003,39.54,35.536075592041016,4.98,0.0,0
47038,0.512,75.586,0.0,0.0,447.625,0.0,0.0,0.0,5.742,0,2.0,0.035,309.825,-0.6598,40.5,35.536075592041016,4.98,0.0,0
47038,0.512,75.586,0.0,0.0,447.806,0.0,0.0,0.0,5.742,0,2.0,0.075,309.69,-1.8887,40.47,35.536075592041016,4.98,0.0,0
47038,0.512,75.586,0.0,0.0,447.444,0.0,0.0,0.0,5.742,0,2.0,0.065,309.825,0.9650000000000001,40.2,35.536075592041016,4.98,0.0,0
47038,0.512,75.586,0.0,0.0,447.867,0.0,0.0,0.0,5.742,0,2.0,0.06,309.69,2.0042,39.87,35.536075592041016,4.98,0.0,0
47038,0.682,75.586,0.0,0.0,447.625,0.0,0.0,0.0,5.742,0,2.0,0.075,309.69,-3.1424000000000003,40.14,35.536075592041016,4.98,0.0,0
47038,0.682,75.586,0.0,0.0,447.444,0.0,0.0,0.0,5.742,0,3.0,0.06,309.69,-2.6146000000000003,39.09,35.536075592041016,4.98,0.0,0
47038,0.512,75.586,0.0,0.0,447.927,0.0,0.0,0.0,5.742,0,2.0,0.015,309.825,4.6848,38.37,35.536075592041016,4.98,0.0,0
47038,0.682,75.586,0.0,0.0,447.564,0.0,0.0,0.0,5.742,0,2.0,0.055,309.825,3.6703,37.65,35.536075592041016,4.98,0.0,0
47038,0.682,75.586,0.0,0.0,447.504,0.0,0.0,0.0,5.742,0,2.0,0.05,309.825,0.0825,36.99,35.536075592041016,4.98,0.0,0
47038,0.682,75.586,0.0,0.0,447.262,0.0,0.0,0.0,5.742,0,1.0,0.02,309.69,1.2124000000000001,37.38,35.536075592041016,4.98,0.0,0
47038,0.512,75.586,0.0,0.0,447.262,0.0,0.0,0.0,5.742,0,2.0,0.055,309.69,-1.7568000000000001,38.82,35.536075592041016,4.98,0.0,0
47038,0.512,75.586,0.0,0.0,447.625,0.0,0.0,0.0,5.742,0,2.0,0.04,309.69,0.5526,39.93,35.536075592041016,4.98,0.0,0
47038,0.682,75.586,0.0,0.0,447.746,0.0,0.0,0.0,5.742,0,2.0,0.055,309.825,0.39590000000000003,40.800000000000004,35.536075592041016,4.98,0.0,0
47038,0.512,75.586,0.0,0.0,447.625,0.0,0.0,0.0,5.742,0,2.0,0.08,309.915,-0.43710000000000004,40.95,35.536075592041016,4.98,0.0,0
47038,0.853,75.586,0.0,0.0,447.504,0.0,0.0,0.0,5.742,0,2.0,0.05,309.69,2.0207,40.410000000000004,35.536075592041016,4.98,0.0,0
47038,0.512,75.586,0.0,0.0,447.625,0.0,0.0,0.0,5.742,0,2.0,0.07,309.825,-4.3548,40.08,35.536075592041016,4.98,0.0,0
47038,0.512,75.586,0.0,0.0,447.32300000000004,0.0,0.0,0.0,5.742,0,2.0,0.05,309.69,-2.5073000000000003,40.050000000000004,35.536075592041016,4.98,0.0,0
47038,0.853,75.586,0.0,0.0,447.504,0.0,0.0,0.2,5.742,0,2.0,0.06,309.915,5.2374,39.9,35.536075592041016,4.98,0.0,0
47038,1.0230000000000001,75.586,0.0,0.0,447.988,0.0,0.0,0.0,5.742,0,2.0,0.085,309.6,-0.9073,38.76,35.536075592041016,4.98,0.0,0
47038,0.682,75.586,0.0,0.0,447.746,0.0,0.0,0.0,5.742,0,2.0,0.055,309.69,-3.2331000000000003,37.17,35.536075592041016,4.98,0.0,0
47038,0.512,75.586,0.0,0.0,447.746,0.0,0.0,0.0,5.742,0,2.0,0.045,309.825,-4.2229,36.99,35.536075592041016,4.98,0.0,0
47038,0.682,75.586,0.0,0.0,447.927,0.0,0.0,0.0,5.742,0,2.0,0.03,309.825,-3.4311000000000003,37.08,35.536075592041016,4.98,0.0,0
47038,0.512,75.586,0.0,0.0,447.927,0.0,0.0,0.0,5.742,0,2.0,0.07,309.825,3.2661000000000002,38.43,35.536075592041016,4.98,0.0,0
47038,0.512,75.586,0.0,0.0,447.685,0.0,0.0,0.0,5.742,0,2.0,0.045,309.825,3.1672000000000002,40.29,35.536075592041016,4.98,0.0,0
47038,0.682,75.586,0.0,0.0,447.927,0.0,0.0,0.2,5.742,0,2.0,0.05,309.69,0.8908,41.160000000000004,35.536075592041016,4.98,0.0,0
47038,0.682,75.586,0.0,0.0,447.927,0.0,0.0,0.0,5.742,0,2.0,0.045,309.825,0.7918000000000001,41.01,35.536075592041016,4.98,0.0,0
47038,0.512,75.586,0.0,0.0,447.625,0.0,0.0,0.0,5.742,0,2.0,0.055,309.825,0.7918000000000001,40.53,35.536075592041016,4.98,0.0,0
47038,0.341,75.586,0.0,0.0,447.564,0.0,0.0,0.0,5.742,0,2.0,0.08,309.69,1.3196,40.56,35.536075592041016,4.98,0.0,0
47038,0.512,75.586,0.0,0.0,447.625,0.0,0.0,0.0,5.742,0,1.0,0.025,309.915,-1.3856000000000002,40.59,35.536075592041016,4.98,0.0,0
47038,0.512,75.586,0.0,0.0,447.564,0.0,0.0,0.0,5.742,0,2.0,0.04,309.825,1.0557,40.5,35.536075592041016,4.98,0.0,0
47038,0.512,75.586,0.0,0.0,447.564,0.0,0.0,0.0,5.742,0,2.0,0.03,309.825,1.7485000000000002,39.75,35.536075592041016,4.98,0.0,0
47038,0.682,75.586,0.0,0.0,447.383,0.0,0.0,0.0,5.742,0,2.0,0.065,309.825,-1.4516,38.46,35.536075592041016,4.98,0.0,0
47038,0.682,75.586,0.0,0.0,447.685,0.0,0.0,0.0,5.742,0,2.0,0.06,309.69,-0.6928000000000001,37.17,35.536075592041016,4.98,0.0,0
47038,0.682,75.586,0.0,0.0,447.564,0.0,0.0,0.0,5.742,0,2.0,0.04,309.825,-0.7918000000000001,37.230000000000004,35.536075592041016,4.98,0.0,0
47038,0.682,75.586,0.0,0.0,447.625,0.0,0.0,0.0,5.742,0,2.0,0.005,309.69,1.6826,38.01,35.536075592041016,4.98,0.0,0
47038,0.512,75.586,0.0,0.0,447.746,0.0,0.0,0.0,5.742,0,2.0,0.035,309.825,1.5836000000000001,39.660000000000004,35.536075592041016,4.98,0.0,0
47038,0.512,75.586,0.0,0.0,447.625,0.0,0.0,0.0,5.742,0,2.0,0.045,309.825,-0.7918000000000001,41.43,35.536075592041016,4.98,0.0,0
47038,0.682,75.586,0.0,0.0,447.383,0.0,0.0,0.0,5.742,0,2.0,0.03,309.825,3.1672000000000002,40.86,35.536075592041016,4.98,0.0,0
47038,0.512,75.586,0.0,0.0,447.383,0.0,0.0,0.0,5.742,0,2.0,0.035,309.825,0.7918000000000001,39.99,35.536075592041016,4.98,0.0,0
47038,0.512,75.586,0.0,0.0,447.081,0.0,0.0,0.0,5.742,0,2.0,0.04,309.915,0.2639,39.36,35.536075592041016,4.98,0.0,0
47038,0.512,75.586,0.0,0.0,447.141,0.0,0.0,0.0,5.742,0,1.0,0.065,309.69,0.099,39.18,35.536075592041016,4.98,0.0,0
47038,0.512,75.586,0.0,0.0,447.262,0.0,0.0,0.0,5.742,0,2.0,0.04,309.825,-0.6598,38.85,35.536075592041016,4.98,0.0,0
47038,1.0230000000000001,75.586,0.0,0.0,447.504,0.0,0.0,0.0,5.742,0,1.0,0.06,309.69,0.9567,38.46,35.536075592041016,4.98,0.0,0
47038,0.853,75.586,0.0,0.0,447.444,0.0,0.0,0.0,5.742,0,2.0,0.05,309.825,1.5836000000000001,37.56,35.536075592041016,4.98,0.0,0
47038,0.853,75.586,0.0,0.0,447.32300000000004,0.0,0.0,0.0,5.742,0,2.0,0.03,309.825,-7.390000000000001,37.14,35.536075592041016,4.98,0.0,0
47038,0.512,75.586,0.0,0.0,447.504,0.0,0.0,0.0,5.742,0,3.0,0.045,309.825,0.5279,37.47,35.536075592041016,4.98,0.0,0
47038,0.682,75.586,0.0,0.0,447.504,0.0,0.0,0.0,5.742,0,2.0,0.06,309.825,0.6351,37.47,35.536075592041016,4.98,0.0,0
47038,0.171,75.586,0.0,0.0,447.564,0.0,0.0,0.0,5.742,0,2.0,0.035,309.825,3.563,38.52,35.536075592041016,4.98,0.0,0
47038,0.682,75.586,0.0,0.0,447.927,0.0,0.0,0.0,5.742,0,1.0,0.06,309.69,-3.1424000000000003,39.21,35.536075592041016,4.98,0.0,0
47038,0.512,75.586,0.0,0.0,447.625,0.0,0.0,0.0,5.742,0,2.0,0.06,309.825,-2.1774,40.02,35.536075592041016,4.98,0.0,0
47038,0.512,75.586,0.0,0.0,447.625,0.0,0.0,0.0,5.742,0,2.0,0.065,309.825,1.3856000000000002,39.75,35.536075592041016,4.98,0.0,0
47038,0.512,75.586,0.0,0.0,447.806,0.0,0.0,0.0,5.742,0,2.0,0.05,309.69,0.19790000000000002,40.38,35.536075592041016,4.98,0.0,0
47038,0.853,75.586,0.0,0.0,447.806,0.0,0.0,0.0,5.742,0,2.0,0.05,309.915,-3.6455,39.99,35.536075592041016,4.98,0.0,0
47038,0.512,75.586,0.0,0.0,447.625,0.0,0.0,0.0,5.742,0,2.0,0.055,309.825,1.8887,39.45,35.536075592041016,4.98,0.0,0
47038,0.512,75.586,0.0,0.0,447.444,0.0,0.0,0.0,5.742,0,2.0,0.045,309.825,3.7363000000000004,38.1,35.536075592041016,4.98,0.0,0
47038,0.341,75.586,0.0,0.0,447.141,0.0,0.0,0.0,5.742,0,2.0,0.045,309.915,1.5423,37.62,35.536075592041016,4.98,0.0,0
47038,0.512,75.586,0.0,0.0,447.262,0.0,0.0,0.0,5.742,0,2.0,0.045,309.6,-5.0394000000000005,37.02,35.536075592041016,4.98,0.0,0
47038,0.512,75.586,0.0,0.0,447.383,0.0,0.0,0.0,5.742,0,2.0,0.065,309.825,-2.5981,36.75,35.536075592041016,4.98,0.0,0
47038,0.682,75.586,0.0,0.0,447.141,0.0,0.0,0.0,5.742,0,2.0,0.015,309.69,2.3506,37.08,35.536075592041016,4.98,0.0,0
47038,0.682,75.586,0.0,0.0,447.32300000000004,0.0,0.0,0.0,5.742,0,2.0,0.055,309.69,1.5176,37.800000000000004,35.536075592041016,4.98,0.0,0
47038,0.853,75.586,0.0,0.0,447.685,0.0,0.0,0.0,5.742,0,2.0,0.05,309.69,-3.7363000000000004,38.64,35.536075592041016,4.98,0.0,0
47038,0.853,75.586,0.0,0.0,447.444,0.0,0.0,0.0,5.742,0,2.0,0.02,309.69,-0.5691,39.72,35.536075592041016,4.98,0.0,0
47038,0.512,75.586,0.0,0.0,447.383,0.0,0.0,0.0,5.742,0,2.0,0.05,309.915,1.8723,40.800000000000004,35.536075592041016,4.98,0.0,0
47038,0.171,75.586,0.0,0.0,447.564,0.0,0.0,0.0,5.742,0,2.0,0.04,309.825,3.2744,40.47,35.536075592041016,4.98,0.0,0
47038,0.512,75.586,0.0,0.0,447.444,0.0,0.0,0.0,5.742,0,2.0,0.03,309.69,4.6848,40.02,35.536075592041016,4.98,0.0,0
47038,0.853,75.586,0.0,0.0,447.625,0.0,0.0,0.0,5.742,0,2.0,0.045,309.69,-5.2538,38.550000000000004,35.536075592041016,4.98,0.0,0
47038,0.512,75.586,0.0,0.0,447.806,0.0,0.0,-0.2,5.742,0,2.0,0.05,309.69,-1.097,37.62,35.536075592041016,4.98,0.0,0
47038,0.682,75.586,0.0,0.0,447.444,0.0,0.0,0.0,5.742,0,2.0,0.04,309.915,4.7507,36.93,35.536075592041016,4.98,0.0,0
47038,0.682,75.586,0.0,0.0,447.444,0.0,0.0,0.0,5.742,0,2.0,0.04,309.915,6.334300000000001,36.99,35.536075592041016,4.98,0.0,0
47038,0.512,75.586,0.0,0.0,447.625,0.0,0.0,0.0,5.742,0,2.0,0.04,309.69,-0.2639,36.57,35.536075592041016,4.98,0.0,0
47038,0.512,75.586,0.0,0.0,447.746,0.0,0.0,0.0,5.742,0,2.0,0.065,309.69,-1.3196,36.87,35.536075592041016,4.98,0.0,0
47038,0.512,75.586,0.0,0.0,447.625,0.0,0.0,0.0,5.742,0,2.0,0.01,309.825,0.3299,37.800000000000004,35.536075592041016,4.98,0.0,0
47038,0.682,75.586,0.0,0.0,447.806,0.0,0.0,0.0,5.742,0,2.0,0.06,309.825,1.9795,38.7,35.536075592041016,4.98,0.0,0
47038,0.341,75.586,0.0,0.0,448.048,0.0,0.0,0.0,5.742,0,2.0,0.05,309.825,-2.4743,39.51,35.536075592041016,4.98,0.0,0
47038,0.512,75.586,0.0,0.0,447.806,0.0,0.0,0.0,5.742,0,2.0,0.03,309.825,1.9795,40.26,35.536075592041016,4.98,0.0,0
47038,0.682,75.586,0.0,0.0,447.927,0.0,0.0,0.0,5.742,0,2.0,0.035,309.69,-1.4846000000000001,39.96,35.536075592041016,4.98,0.0,0
47038,0.512,75.586,0.0,0.0,447.625,0.0,0.0,0.0,5.742,0,2.0,0.045,309.825,-1.1877,39.12,35.536075592041016,4.98,0.0,0
47038,0.512,75.586,0.0,0.0,447.685,0.0,0.0,0.0,5.742,0,2.0,0.08,309.69,3.2661000000000002,38.46,35.536075592041016,4.98,0.0,0
47038,0.512,75.586,0.0,0.0,447.806,0.0,0.0,0.0,5.742,0,2.0,0.055,309.825,-0.39590000000000003,37.65,35.536075592041016,4.98,0.0,0
47038,0.682,75.586,0.0,0.0,447.746,0.0,0.0,0.0,5.742,0,2.0,0.08,309.915,1.7815,37.050000000000004,35.536075592041016,4.98,0.0,0
47038,0.512,75.586,0.0,0.0,447.444,0.0,0.0,0.0,5.742,0,1.0,0.04,309.825,5.5425,36.42,35.536075592041016,4.98,0.0,0
47038,0.682,75.586,0.0,0.0,447.625,0.0,0.0,0.0,5.742,0,2.0,0.05,309.825,-0.5279,36.6,35.536075592041016,4.98,0.0,0
47038,0.512,75.586,0.0,0.0,447.927,0.0,0.0,0.0,5.742,0,2.0,0.05,309.6,-4.486800000000001,36.36,35.536075592041016,4.98,0.0,0
47038,0.512,75.586,0.0,0.0,448.291,0.0,0.0,0.0,5.742,0,3.0,0.055,309.825,1.0557,37.29,35.536075592041016,4.98,0.0,0
47038,0.682,75.586,0.0,0.0,447.806,0.0,0.0,0.0,5.742,0,2.0,0.045,309.69,-1.0557,38.07,35.536075592041016,4.98,0.0,0
47038,0.512,75.586,0.0,0.0,447.867,0.0,0.0,0.0,5.742,0,1.0,0.04,309.825,-1.4846000000000001,38.94,35.536075592041016,4.98,0.0,0
47038,0.341,75.586,0.0,0.0,447.867,0.0,0.0,0.0,5.742,0,3.0,0.055,309.69,-4.486800000000001,39.54,35.536075592041016,4.98,0.0,0
47038,0.512,75.586,0.0,0.0,447.625,0.0,0.0,0.0,5.742,0,2.0,0.03,309.825,4.1239,39.18,35.536075592041016,4.98,0.0,0
47038,0.512,75.586,0.0,0.0,447.867,0.0,0.0,0.0,5.742,0,2.0,0.04,309.69,-1.8475000000000001,38.7,35.536075592041016,4.98,0.0,0
47038,0.512,75.586,0.0,0.0,448.10900000000004,0.0,0.0,0.0,5.742,0,2.0,0.05,309.915,-2.2764,38.82,35.536075592041016,4.98,0.0,0
47038,0.853,75.586,0.0,0.0,447.927,0.0,0.0,0.0,5.742,0,2.0,0.035,309.915,5.4106000000000005,38.46,35.536075592041016,4.98,0.0,0
47038,0.682,75.586,0.0,0.0,447.927,0.0,0.0,0.0,5.742,0,4.0,0.065,309.825,0.4289,38.25,35.536075592041016,4.98,0.0,0
47038,0.853,75.586,0.0,0.0,448.048,0.0,0.0,0.0,5.742,0,2.0,0.085,309.825,-1.9795,37.32,35.536075592041016,4.98,0.0,0
47038,0.682,75.586,0.0,0.0,447.927,0.0,0.0,0.0,5.742,0,2.0,0.04,309.825,1.3856000000000002,36.480000000000004,35.536075592041016,4.98,0.0,0
47038,0.853,75.586,0.0,0.0,447.806,0.0,0.0,0.0,5.742,0,2.0,0.02,309.825,0.39590000000000003,36.69,35.536075592041016,4.98,0.0,0
47038,0.512,75.586,0.0,0.0,447.806,0.0,0.0,0.0,5.742,0,2.0,0.065,309.825,0.0,37.74,35.536075592041016,4.98,0.0,0
47038,0.512,75.586,0.0,0.0,447.867,0.0,0.0,0.0,5.742,0,2.0,0.04,309.69,-3.1672000000000002,38.49,35.536075592041016,4.98,0.0,0
47038,0.512,75.586,0.0,0.0,447.927,0.0,0.0,0.0,5.742,0,2.0,0.04,309.825,-1.5836000000000001,39.36,35.536075592041016,4.98,0.0,0
47038,0.682,75.586,0.0,0.0,447.746,0.0,0.0,0.0,5.742,0,2.0,0.055,309.69,-1.9795,39.81,35.536075592041016,4.98,0.0,0
47038,0.682,75.586,0.0,0.0,447.746,0.0,0.0,0.0,5.742,0,2.0,0.06,309.825,-1.3856000000000002,39.81,35.536075592041016,4.98,0.0,0
47038,0.512,75.586,0.0,0.0,447.927,0.0,0.0,0.0,5.742,0,2.0,0.05,309.825,1.9547,39.54,35.536075592041016,4.98,0.0,0
47038,0.512,75.586,0.0,0.0,448.048,0.0,0.0,0.0,5.742,0,2.0,0.035,309.69,0.6186,39.36,35.536075592041016,4.98,0.0,0
47038,0.341,75.586,0.0,0.0,448.291,0.0,0.0,0.0,5.742,0,2.0,0.02,309.825,-2.7960000000000003,39.12,35.536075592041016,4.98,0.0,0
47038,0.512,75.586,0.0,0.0,447.806,0.0,0.0,0.0,5.742,0,2.0,0.035,309.825,-2.1774,39.42,35.536075592041016,4.98,0.0,0
47038,0.682,75.586,0.0,0.0,447.806,0.0,0.0,0.0,5.742,0,2.0,0.035,309.825,1.5836000000000001,39.33,35.536075592041016,4.98,0.0,0
47038,0.512,75.586,0.0,0.0,447.988,0.0,0.0,0.0,5.742,0,2.0,0.045,309.825,-1.3856000000000002,38.07,35.536075592041016,4.98,0.0,0
47038,0.512,75.586,0.0,0.0,447.806,0.0,0.0,0.0,5.742,0,2.0,0.03,309.825,1.9547,37.02,35.536075592041016,4.98,0.0,0
47038,0.512,75.586,0.0,0.0,447.927,0.0,0.0,0.0,5.742,0,2.0,0.06,309.825,-1.1877,36.54,35.536075592041016,4.98,0.0,0
47038,0.682,75.586,0.0,0.0,447.927,0.0,0.0,0.0,5.742,0,2.0,0.095,309.69,-1.9795,37.410000000000004,35.536075592041016,4.98,0.0,0
47038,0.682,75.586,0.0,0.0,447.625,0.0,0.0,0.0,5.742,0,2.0,0.05,309.69,-0.37120000000000003,39.06,35.536075592041016,4.98,0.0,0
47038,0.682,75.586,0.0,0.0,447.504,0.0,0.0,0.0,5.742,0,2.0,0.04,309.6,-3.2166,40.59,35.536075592041016,4.98,0.0,0
47038,0.682,75.586,0.0,0.0,447.746,0.0,0.0,0.0,5.742,0,2.0,0.035,309.69,-1.4516,40.44,35.536075592041016,4.98,0.0,0
47038,0.682,75.586,0.0,0.0,447.806,0.0,0.0,0.0,5.742,0,2.0,0.035,309.825,0.8578,40.02,35.536075592041016,4.98,0.0,0
47038,0.512,75.586,0.0,0.0,447.504,0.0,0.0,0.0,5.742,0,2.0,0.045,309.69,3.6125000000000003,39.33,35.536075592041016,4.98,0.0,0
47038,0.341,75.586,0.0,0.0,447.504,0.0,0.0,0.0,5.742,0,2.0,0.06,309.825,-0.46190000000000003,38.85,35.536075592041016,4.98,0.0,0
47038,1.0230000000000001,75.586,0.0,0.0,447.262,0.0,0.0,0.0,5.742,0,2.0,0.06,309.825,-0.5279,39.300000000000004,35.536075592041016,4.98,0.0,0
47038,0.512,75.586,0.0,0.0,447.383,0.0,0.0,0.0,5.742,0,2.0,0.04,309.825,5.8724,39.06,35.536075592041016,4.98,0.0,0
47038,0.682,75.586,0.0,0.0,447.504,0.0,0.0,0.0,5.742,0,2.0,0.065,309.825,1.8475000000000001,38.28,35.536075592041016,4.98,0.0,0
47038,0.682,75.586,0.0,0.0,447.927,0.0,0.0,0.0,5.742,0,2.0,0.035,309.69,-1.9547,37.77,35.536075592041016,4.98,0.0,0
47038,0.682,75.586,0.0,0.0,447.988,0.0,0.0,0.0,5.742,0,2.0,0.04,309.825,-0.066,37.17,35.536075592041016,4.98,0.0,0
47038,0.512,75.586,0.0,0.0,448.048,0.0,0.0,0.0,5.742,0,2.0,0.055,309.825,1.7155,37.74,35.536075592041016,4.98,0.0,0
47038,0.512,75.586,0.0,0.0,447.625,0.0,0.0,0.0,5.742,0,2.0,0.055,309.825,4.8580000000000005,39.42,35.536075592041016,4.98,0.0,0
47038,0.512,75.586,0.0,0.0,447.685,0.0,0.0,0.0,5.742,0,2.0,0.035,309.825,-2.6888,40.77,35.536075592041016,4.98,0.0,0
47038,0.853,75.586,0.0,0.0,447.806,0.0,0.0,0.0,5.742,0,3.0,0.05,309.825,-2.7713,41.1,35.536075592041016,4.98,0.0,0
47038,0.341,75.586,0.0,0.0,447.806,0.0,0.0,0.0,5.742,0,2.0,0.04,309.825,-2.3754,41.04,35.536075592041016,4.98,0.0,0
47038,0.512,75.586,0.0,0.0,447.806,0.0,0.0,0.0,5.742,0,2.0,0.035,309.69,-3.1672000000000002,40.29,35.536075592041016,4.98,0.0,0
47038,0.853,75.586,0.0,0.0,447.504,0.0,0.0,0.0,5.742,0,2.0,0.045,309.69,0.3629,39.06,35.536075592041016,4.98,0.0,0
47038,0.512,75.586,0.0,0.0,447.685,0.0,0.0,0.0,5.742,0,1.0,0.055,309.69,-3.0352,38.52,35.536075592041016,4.98,0.0,0
47038,0.512,75.586,0.0,0.0,447.806,0.0,0.0,0.0,5.742,0,2.0,0.05,309.825,-2.4743,38.1,35.536075592041016,4.98,0.0,0
47038,0.853,75.586,0.0,0.0,447.927,0.0,0.0,0.0,5.742,0,2.0,0.05,309.825,5.5425,37.56,35.536075592041016,4.98,0.0,0
47038,0.512,75.586,0.0,0.0,448.10900000000004,0.0,0.0,0.0,5.742,0,2.0,0.06,309.6,0.5938,38.1,35.536075592041016,4.98,0.0,0
47038,0.512,75.586,0.0,0.0,447.806,0.0,0.0,0.0,5.742,0,2.0,0.045,309.69,-4.7507,38.31,35.536075592041016,4.98,0.0,0
47038,0.682,75.586,0.0,0.0,447.625,0.0,0.0,0.0,5.742,0,1.0,0.01,309.825,-1.8475000000000001,38.13,35.536075592041016,4.98,0.0,0
47038,0.512,75.586,0.0,0.0,447.564,0.0,0.0,0.0,5.742,0,2.0,0.035,309.825,5.4106000000000005,38.19,35.536075592041016,4.98,0.0,0
47038,0.512,75.586,0.0,0.0,447.927,0.0,0.0,0.0,5.742,0,2.0,0.035,309.825,3.0682,39.51,35.536075592041016,4.98,0.0,0
47038,0.853,75.586,0.0,0.0,447.988,0.0,0.0,0.0,5.742,0,2.0,0.045,309.825,0.0,40.230000000000004,35.536075592041016,4.98,0.0,0
47038,1.0230000000000001,75.586,0.0,0.0,447.806,0.0,0.0,0.0,5.742,0,2.0,0.04,309.825,-2.3754,40.47,35.536075592041016,4.98,0.0,0
47038,0.512,75.586,0.0,0.0,447.806,0.0,0.0,0.0,5.742,0,2.0,0.045,309.825,-2.1774,40.44,35.536075592041016,4.98,0.0,0
47038,0.512,75.586,0.0,0.0,447.927,0.0,0.0,0.0,5.742,0,2.0,0.045,309.69,0.7505000000000001,40.95,35.536075592041016,4.98,0.0,0
47038,0.682,75.586,0.0,0.0,447.927,0.0,0.0,0.0,5.742,0,3.0,0.045,309.69,-1.3609,40.83,35.536075592041016,4.98,0.0,0
47038,0.853,75.586,0.0,0.0,447.746,0.0,0.0,0.0,5.742,0,2.0,0.055,309.69,-2.0867,39.75,35.536075592041016,4.98,0.0,0
47038,0.512,75.586,0.0,0.0,447.746,0.0,0.0,0.0,5.742,0,2.0,0.055,309.69,-2.5403000000000002,39.69,35.536075592041016,4.98,0.0,0
47038,0.512,75.586,0.0,0.0,447.746,0.0,0.0,0.0,5.742,0,1.0,0.045,309.69,0.0,38.910000000000004,35.536075592041016,4.98,0.0,0
47038,0.512,75.586,0.0,0.0,447.625,0.0,0.0,0.0,5.742,0,2.0,0.04,309.69,0.0,38.34,35.536075592041016,4.98,0.0,0
47038,0.512,75.586,0.0,0.0,447.806,0.0,0.0,0.0,5.742,0,2.0,0.02,309.825,2.7713,38.67,35.536075592041016,4.98,0.0,0
47038,0.512,75.586,0.0,0.0,447.806,0.0,0.0,0.0,5.742,0,2.0,0.05,309.915,0.3629,38.52,35.536075592041016,4.98,0.0,0
47038,0.512,75.586,0.0,0.0,447.685,0.0,0.0,0.0,5.742,0,2.0,0.045,309.825,0.6598,38.61,35.536075592041016,4.98,0.0,0
47038,0.512,75.586,0.0,0.0,447.806,0.0,0.0,0.0,5.742,0,2.0,0.05,309.825,-1.0557,39.27,35.536075592041016,4.98,0.0,0
47038,0.512,75.586,0.0,0.0,447.685,0.0,0.0,0.0,5.742,0,2.0,0.04,309.69,-4.2229,40.32,35.536075592041016,4.98,0.0,0
47038,0.853,75.586,0.0,0.0,447.444,0.0,0.0,0.0,5.742,0,2.0,0.045,309.825,0.0,40.47,35.536075592041016,4.98,0.0,0
47038,0.512,75.586,0.0,0.0,447.927,0.0,0.0,0.0,5.742,0,2.0,0.055,309.825,1.5836000000000001,40.62,35.536075592041016,4.98,0.0,0
47038,0.682,75.586,0.0,0.0,447.867,0.0,0.0,0.0,5.742,0,2.0,0.045,309.69,0.0,40.410000000000004,35.536075592041016,4.98,0.0,0
47038,0.512,75.586,0.0,0.0,447.685,0.0,0.0,0.0,5.742,0,1.0,0.03,309.69,-2.3754,40.35,35.536075592041016,4.98,0.0,0
47038,0.512,75.586,0.0,0.0,447.806,0.0,0.0,0.0,5.742,0,2.0,0.065,309.69,0.099,39.69,35.536075592041016,4.98,0.0,0
47038,0.682,75.586,0.0,0.0,447.746,0.0,0.0,0.0,5.742,0,2.0,0.04,309.825,0.7918000000000001,39.09,35.536075592041016,4.98,0.0,0
47038,0.512,75.586,0.0,0.0,447.746,0.0,0.0,0.0,5.742,0,2.0,0.065,309.825,-1.6826,37.65,35.536075592041016,4.98,0.0,0
47038,0.512,75.586,0.0,0.0,447.141,0.0,0.0,0.0,5.742,0,2.0,0.04,309.825,6.0704,37.32,35.536075592041016,4.98,0.0,0
47038,0.853,75.586,0.0,0.0,447.564,0.0,0.0,0.0,5.742,0,2.0,0.035,309.69,2.4743,38.160000000000004,35.536075592041016,4.98,0.0,0
47038,0.682,75.586,0.0,0.0,447.746,0.0,0.0,0.0,5.742,0,2.0,0.05,309.6,-7.1261,39.42,35.536075592041016,4.98,0.0,0
47038,0.512,75.586,0.0,0.0,447.746,0.0,0.0,0.0,5.742,0,2.0,0.04,309.69,-3.596,40.26,35.536075592041016,4.98,0.0,0
47038,0.512,75.586,0.0,0.0,447.685,0.0,0.0,0.0,5.742,0,2.0,0.045,309.69,-0.7918000000000001,40.62,35.536075592041016,4.98,0.0,0
47038,0.512,75.586,0.0,0.0,447.685,0.0,0.0,0.0,5.742,0,2.0,0.025,309.825,3.5301,40.38,35.536075592041016,4.98,0.0,0
47038,0.682,75.586,0.0,0.0,447.867,0.0,0.0,0.0,5.742,0,2.0,0.055,309.69,0.5279,40.35,35.536075592041016,4.98,0.0,0
47038,0.512,75.586,0.0,0.0,447.806,0.0,0.0,0.0,5.742,0,2.0,0.02,309.825,-0.8908,40.26,35.536075592041016,4.98,0.0,0
47038,0.512,75.586,0.0,0.0,447.504,0.0,0.0,0.0,5.742,0,2.0,0.04,309.69,0.7918000000000001,39.78,35.536075592041016,4.98,0.0,0
47038,0.341,75.586,0.0,0.0,447.504,0.0,0.0,0.0,5.742,0,2.0,0.045,309.69,-2.3754,39.09,35.536075592041016,4.98,0.0,0
47038,0.512,75.586,0.0,0.0,447.806,0.0,0.0,0.0,5.742,0,2.0,0.055,309.825,-2.6393,38.1,35.536075592041016,4.98,0.0,0
47038,0.682,75.586,0.0,0.0,447.685,0.0,0.0,0.0,5.742,0,2.0,0.05,309.915,5.9054,37.74,35.536075592041016,4.98,0.0,0
47038,0.512,75.586,0.0,0.0,447.564,0.0,0.0,0.0,5.742,0,2.0,0.04,309.69,0.7918000000000001,37.44,35.536075592041016,4.98,0.0,0
47038,0.682,75.586,0.0,0.0,447.806,0.0,0.0,0.0,5.742,0,1.0,0.06,309.69,-1.7485000000000002,37.71,35.536075592041016,4.98,0.0,0
47038,0.682,75.586,0.0,0.0,447.685,0.0,0.0,0.0,5.742,0,2.0,0.025,309.69,-2.9032,39.0,35.536075592041016,4.98,0.0,0
47038,0.682,75.586,0.0,0.0,447.746,0.0,0.0,0.0,5.742,0,2.0,0.055,309.69,-5.5425,40.32,35.536075592041016,4.98,0.0,0
47038,0.512,75.586,0.0,0.0,447.746,0.0,0.0,0.0,5.742,0,1.0,0.08,309.69,-6.2683,40.38,35.536075592041016,4.98,0.0,0
47038,0.341,75.586,0.0,0.0,447.927,0.0,0.0,0.0,5.742,0,2.0,0.035,309.69,-0.39590000000000003,41.04,35.536075592041016,4.98,0.0,0
47038,0.512,75.586,0.0,0.0,448.10900000000004,0.0,0.0,0.0,5.742,0,2.0,0.045,309.69,1.9795,40.68,35.536075592041016,4.98,0.0,0
47038,0.341,75.586,0.0,0.0,447.504,0.0,0.0,0.0,5.742,0,2.0,0.03,309.69,2.3754,40.47,35.536075592041016,4.98,0.0,0
47038,0.512,75.586,0.0,0.0,447.444,0.0,0.0,0.0,5.742,0,2.0,0.065,309.915,4.3796,40.2,35.536075592041016,4.98,0.0,0
47038,0.682,75.586,0.0,0.0,447.504,0.0,0.0,0.0,5.742,0,2.0,0.055,309.69,2.6393,39.45,35.536075592041016,4.98,0.0,0
47038,0.341,75.586,0.0,0.0,447.806,0.0,0.0,0.0,5.742,0,2.0,0.04,309.69,-3.8022,38.85,35.536075592041016,4.98,0.0,0
47038,0.682,75.586,0.0,0.0,447.504,0.0,0.0,0.0,5.742,0,2.0,0.04,309.69,-7.0849,37.44,35.536075592041016,4.98,0.0,0
47038,0.512,75.586,0.0,0.0,447.444,0.0,0.0,0.0,5.742,0,2.0,0.07,309.69,-1.3609,37.410000000000004,35.536075592041016,4.98,0.0,0
47038,0.512,75.586,0.0,0.0,447.746,0.0,0.0,0.0,5.742,0,1.0,0.05,309.69,2.9032,37.68,35.536075592041016,4.98,0.0,0
47038,0.512,75.586,0.0,0.0,447.746,0.0,0.0,0.0,5.742,0,2.0,0.055,309.69,2.3754,37.68,35.536075592041016,4.98,0.0,0
47038,0.512,75.586,0.0,0.0,447.806,0.0,0.0,0.0,5.742,0,2.0,0.03,309.69,1.0557,38.160000000000004,35.536075592041016,4.98,0.0,0
47038,0.512,75.586,0.0,0.0,447.806,0.0,0.0,0.0,5.742,0,2.0,0.05,309.6,-2.8372,39.660000000000004,35.536075592041016,4.98,0.0,0
47038,0.682,75.586,0.0,0.0,447.383,0.0,0.0,0.0,5.742,0,2.0,0.06,309.915,2.9032,41.13,35.536075592041016,4.98,0.0,0
47038,0.512,75.586,0.0,0.0,447.444,0.0,0.0,0.0,5.742,0,2.0,0.035,309.915,-1.2207000000000001,41.88,35.536075592041016,4.98,0.0,0
47038,0.512,75.586,0.0,0.0,447.625,0.0,0.0,0.0,5.742,0,2.0,0.0,309.915,6.4663,41.04,35.536075592041016,4.98,0.0,0
47038,0.682,75.586,0.0,0.0,447.625,0.0,0.0,0.0,5.742,0,2.0,0.05,309.69,3.0682,40.02,35.536075592041016,4.98,0.0,0
47038,0.341,75.586,0.0,0.0,447.927,0.0,0.0,0.0,5.742,0,2.0,0.055,309.825,-3.563,39.78,35.536075592041016,4.98,0.0,0
47038,0.682,75.586,0.0,0.0,447.746,0.0,0.0,0.0,5.742,0,1.0,0.07,309.825,-0.19790000000000002,39.24,35.536075592041016,4.98,0.0,0
47038,0.512,75.586,0.0,0.0,447.444,0.0,0.0,0.0,5.742,0,1.0,0.04,309.69,-0.2639,38.85,35.536075592041016,4.98,0.0,0
47038,0.512,75.586,0.0,0.0,447.564,0.0,0.0,0.0,5.742,0,2.0,0.05,309.915,0.19790000000000002,37.62,35.536075592041016,4.98,0.0,0
47038,0.682,75.586,0.0,0.0,447.625,0.0,0.0,0.0,5.742,0,2.0,0.035,309.69,-0.5279,36.69,35.536075592041016,4.98,0.0,0
47038,0.512,75.586,0.0,0.0,447.444,0.0,0.0,0.0,5.742,0,2.0,0.05,309.69,-3.9589000000000003,36.09,35.536075592041016,4.98,0.0,0
47038,0.512,75.586,0.0,0.0,447.927,0.0,0.0,0.0,5.742,0,2.0,0.06,309.825,-3.4311000000000003,37.59,35.536075592041016,4.98,0.0,0
47038,0.682,75.586,0.0,0.0,447.927,0.0,0.0,0.0,5.742,0,2.0,0.03,309.825,4.651800000000001,39.36,35.536075592041016,4.98,0.0,0
47038,0.512,75.586,0.0,0.0,447.625,0.0,0.0,0.0,5.742,0,2.0,0.05,309.69,0.0,40.92,35.536075592041016,4.98,0.0,0
47038,0.512,75.586,0.0,0.0,447.444,0.0,0.0,0.0,5.742,0,1.0,0.03,309.915,-1.3856000000000002,41.07,35.536075592041016,4.98,0.0,0
47038,0.682,75.586,0.0,0.0,447.444,0.0,0.0,0.0,5.742,0,2.0,0.065,309.69,-0.39590000000000003,40.53,35.536075592041016,4.98,0.0,0
47038,0.512,75.586,0.0,0.0,447.141,0.0,0.0,0.0,5.742,0,2.0,0.055,309.915,3.5301,39.81,35.536075592041016,4.98,0.0,0
47038,0.512,75.586,0.0,0.0,447.141,0.0,0.0,0.0,5.742,0,2.0,0.055,309.915,3.7198,39.6,35.536075592041016,4.98,0.0,0
47038,0.682,75.586,0.0,0.0,447.262,0.0,0.0,0.0,5.742,0,2.0,0.05,309.69,2.0207,38.550000000000004,35.536075592041016,4.98,0.0,0
47038,0.341,75.586,0.0,0.0,447.564,0.0,0.0,0.0,5.742,0,2.0,0.045,309.825,-3.4558,38.43,35.536075592041016,4.98,0.0,0
47038,0.682,75.586,0.0,0.0,447.806,0.0,0.0,0.0,5.742,0,2.0,0.1,309.69,-4.3796,37.74,35.536075592041016,4.98,0.0,0
47038,0.682,75.586,0.0,0.0,447.806,0.0,0.0,0.0,5.742,0,2.0,0.055,309.69,0.2227,37.65,35.536075592041016,4.98,0.0,0
47038,0.512,75.586,0.0,0.0,447.685,0.0,0.0,0.0,5.742,0,2.0,0.06,309.69,-2.3506,37.14,35.536075592041016,4.98,0.0,0
47038,0.682,75.586,0.0,0.0,447.806,0.0,0.0,0.0,5.742,0,2.0,0.045,309.69,-1.9795,36.99,35.536075592041016,4.98,0.0,0
47038,0.512,75.586,0.0,0.0,447.746,0.0,0.0,0.0,5.742,0,2.0,0.035,309.825,2.9445,38.01,35.536075592041016,4.98,0.0,0
47038,0.682,75.586,0.0,0.0,447.746,0.0,0.0,0.0,5.742,0,2.0,0.05,309.69,1.7815,39.45,35.536075592041016,4.98,0.0,0
47038,1.0230000000000001,75.586,0.0,0.0,447.927,0.0,0.0,0.0,5.742,0,2.0,0.045,309.825,0.9650000000000001,40.74,35.536075592041016,4.98,0.0,0
47038,0.512,75.586,0.0,0.0,447.988,0.0,0.0,0.0,5.742,0,2.0,0.06,309.69,-1.5588000000000002,40.74,35.536075592041016,4.98,0.0,0
47038,0.682,75.586,0.0,0.0,447.806,0.0,0.0,0.0,5.742,0,1.0,0.06,309.69,-2.3754,39.54,35.536075592041016,4.98,0.0,0
47038,0.682,75.586,0.0,0.0,447.867,0.0,0.0,0.0,5.742,0,2.0,0.03,309.825,0.7918000000000001,38.19,35.536075592041016,4.98,0.0,0
47038,0.853,75.586,0.0,0.0,447.504,0.0,0.0,0.0,5.742,0,2.0,0.04,309.825,-0.2227,37.38,35.536075592041016,4.98,0.0,0
47038,0.682,75.586,0.0,0.0,447.685,0.0,0.0,0.0,5.742,0,2.0,0.05,309.825,2.9445,37.38,35.536075592041016,4.98,0.0,0
47038,0.682,75.586,0.0,0.0,448.048,0.0,0.0,0.0,5.742,0,2.0,0.05,309.915,1.5011,37.65,35.536075592041016,4.98,0.0,0
47038,0.341,75.586,0.0,0.0,448.10900000000004,0.0,0.0,0.0,5.742,0,2.0,0.05,309.915,0.3547,38.37,35.536075592041016,4.98,0.0,0
47038,0.853,75.586,0.0,0.0,447.625,0.0,0.0,0.0,5.742,0,2.0,0.04,309.69,-1.097,37.800000000000004,35.536075592041016,4.98,0.0,0
47038,0.682,75.586,0.0,0.0,447.746,0.0,0.0,0.0,5.742,0,2.0,0.035,309.825,-3.1919,37.65,35.536075592041016,4.98,0.0,0
47038,0.512,75.586,0.0,0.0,448.10900000000004,0.0,0.0,0.0,5.742,0,1.0,0.04,309.69,0.37120000000000003,38.22,35.536075592041016,4.98,0.0,0
47038,0.682,75.586,0.0,0.0,447.867,0.0,0.0,0.0,5.742,0,2.0,0.06,309.825,2.9692000000000003,39.54,35.536075592041016,4.98,0.0,0
47038,0.512,75.586,0.0,0.0,447.927,0.0,0.0,0.0,5.742,0,2.0,0.045,309.825,-1.1877,40.38,35.536075592041016,4.98,0.0,0
47038,0.682,75.586,0.0,0.0,447.444,0.0,0.0,0.0,5.742,0,2.0,0.03,309.825,0.5938,41.13,35.536075592041016,4.98,0.0,0
47038,0.512,75.586,0.0,0.0,447.625,0.0,0.0,0.0,5.742,0,2.0,0.04,309.69,1.2124000000000001,40.800000000000004,35.536075592041016,4.98,0.0,0
47038,0.512,75.586,0.0,0.0,447.806,0.0,0.0,0.0,5.742,0,2.0,0.05,309.69,-3.9342,40.47,35.536075592041016,4.98,0.0,0
47038,0.512,75.586,0.0,0.0,447.564,0.0,0.0,0.0,5.742,0,2.0,0.05,309.825,-0.5938,40.47,35.536075592041016,4.98,0.0,0
47038,0.512,75.586,0.0,0.0,447.806,0.0,0.0,0.0,5.742,0,2.0,0.02,309.915,4.6023000000000005,39.09,35.536075592041016,4.98,0.0,0
47038,0.512,75.586,0.0,0.0,447.988,0.0,0.0,0.0,5.742,0,2.0,0.05,309.69,0.066,38.07,35.536075592041016,4.98,0.0,0
47038,0.682,75.586,0.0,0.0,447.988,0.0,0.0,0.0,5.742,0,2.0,0.035,309.69,-1.0557,38.01,35.536075592041016,4.98,0.0,0
47038,0.682,75.586,0.0,0.0,447.383,0.0,0.0,0.0,5.742,0,1.0,0.035,309.69,-4.3548,37.59,35.536075592041016,4.98,0.0,0
47038,0.512,75.586,0.0,0.0,447.564,0.0,0.0,0.0,5.742,0,2.0,0.045,309.825,-2.5733,37.74,35.536075592041016,4.98,0.0,0
47038,0.512,75.586,0.0,0.0,447.927,0.0,0.0,0.0,5.742,0,2.0,-0.005,309.825,3.2991,38.43,35.536075592041016,4.98,0.0,0
47038,0.682,75.586,0.0,0.0,447.867,0.0,0.0,0.0,5.742,0,2.0,0.065,309.825,4.1239,40.14,35.536075592041016,4.98,0.0,0
47038,0.682,75.586,0.0,0.0,447.685,0.0,0.0,0.0,5.742,0,2.0,0.04,309.69,-0.132,40.47,35.536075592041016,4.98,0.0,0
47038,0.682,75.586,0.0,0.0,447.685,0.0,0.0,0.0,5.742,0,2.0,0.04,309.825,-1.8475000000000001,40.71,35.536075592041016,4.98,0.0,0
47038,0.512,75.586,0.0,0.0,447.927,0.0,0.0,0.0,5.742,0,2.0,0.015,309.69,-3.9589000000000003,40.38,35.536075592041016,4.98,0.0,0
47038,0.682,75.586,0.0,0.0,447.927,0.0,0.0,0.0,5.742,0,2.0,0.065,309.825,3.8600000000000003,40.26,35.536075592041016,4.98,0.0,0
47038,0.682,75.586,0.0,0.0,447.685,0.0,0.0,0.0,5.742,0,2.0,0.065,309.6,-1.1877,39.87,35.536075592041016,4.98,0.0,0
47038,0.512,75.586,0.0,0.0,447.685,0.0,0.0,0.0,5.742,0,2.0,0.035,309.825,0.165,38.94,35.536075592041016,4.98,0.0,0
47038,0.682,75.586,0.0,0.0,447.806,0.0,0.0,0.0,5.742,0,2.0,0.035,309.825,1.7155,38.64,35.536075592041016,4.98,0.0,0
47038,0.341,75.586,0.0,0.0,447.806,0.0,0.0,0.0,5.742,0,1.0,0.025,309.825,-1.4846000000000001,36.93,35.536075592041016,4.98,0.0,0
47038,0.512,75.586,0.0,0.0,447.806,0.0,0.0,0.0,5.742,0,2.0,0.045,309.825,-2.3754,36.84,35.536075592041016,4.98,0.0,0
47038,0.512,75.586,0.0,0.0,447.988,0.0,0.0,0.0,5.742,0,2.0,0.045,309.825,0.0,37.410000000000004,35.536075592041016,4.98,0.0,0
47038,0.512,75.586,0.0,0.0,447.806,0.0,0.0,0.0,5.742,0,2.0,0.06,309.825,2.3754,39.06,35.536075592041016,4.98,0.0,0
47038,0.682,75.586,0.0,0.0,447.504,0.0,0.0,0.0,5.742,0,2.0,0.005,309.825,-1.5836000000000001,40.71,35.536075592041016,4.98,0.0,0
47038,0.512,75.586,0.0,0.0,447.746,0.0,0.0,0.0,5.742,0,2.0,0.045,309.825,-1.9795,41.31,35.536075592041016,4.98,0.0,0
47038,0.682,75.586,0.0,0.0,447.806,0.0,0.0,0.0,5.742,0,1.0,0.045,309.69,2.4743,40.83,35.536075592041016,4.98,0.0,0
47038,0.682,75.586,0.0,0.0,447.806,0.0,0.0,0.0,5.742,0,2.0,0.045,309.69,-3.2991,39.9,35.536075592041016,4.98,0.0,0
47038,0.512,75.586,0.0,0.0,447.625,0.0,0.0,0.0,5.742,0,2.0,0.04,309.825,1.3196,39.6,35.536075592041016,4.98,0.0,0
47038,1.0230000000000001,75.586,0.0,0.0,448.10900000000004,0.0,0.0,0.0,5.742,0,2.0,0.035,309.825,5.938400000000001,40.02,35.536075592041016,4.98,0.0,0
47038,0.512,75.586,0.0,0.0,448.10900000000004,0.0,0.0,0.0,5.742,0,2.0,0.06,309.825,5.7157,40.08,35.536075592041016,4.98,0.0,0
47038,0.341,75.586,0.0,0.0,448.048,0.0,0.0,0.0,5.742,0,2.0,0.05,309.825,0.767,39.6,35.536075592041016,4.98,0.0,0
47038,0.682,75.586,0.0,0.0,447.685,0.0,0.0,0.0,5.742,0,2.0,0.055,309.825,0.0,38.49,35.536075592041016,4.98,0.0,0
47038,0.512,75.586,0.0,0.0,447.806,0.0,0.0,0.0,5.742,0,2.0,0.035,309.69,-2.1527000000000003,37.62,35.536075592041016,4.98,0.0,0
47038,0.853,75.586,0.0,0.0,447.746,0.0,0.0,0.0,5.742,0,2.0,0.045,309.825,-0.9897,37.14,35.536075592041016,4.98,0.0,0
47038,0.853,75.586,0.0,0.0,447.927,0.0,0.0,0.0,5.742,0,2.0,0.055,309.915,2.4249,37.92,35.536075592041016,4.98,0.0,0
47038,0.682,75.586,0.0,0.0,447.806,0.0,0.0,0.0,5.742,0,2.0,0.05,309.69,-0.5279,39.33,35.536075592041016,4.98,0.0,0
47038,0.341,75.586,0.0,0.0,447.685,0.0,0.0,0.0,5.742,0,2.0,0.045,309.825,-4.8167,41.19,35.536075592041016,4.98,0.0,0
47038,0.512,75.586,0.0,0.0,447.867,0.0,0.0,2.3000000000000003,5.742,0,2.0,0.05,309.69,-2.994,41.160000000000004,35.536075592041016,4.98,0.0,0
47038,0.341,75.586,0.0,0.0,447.444,0.0001,0.1,52.6,5.742,0,1.0,0.06,309.825,3.1424000000000003,40.32,0.0,5.234,0.0,0
47038,0.853,75.586,0.0,0.0,447.625,0.0008,0.1,155.6,5.742,0,3.0,0.12,309.915,0.7093,39.42,0.0,6.309,0.0,0
47038,0.341,75.586,0.0,0.0,447.988,0.0036000000000000003,0.7000000000000001,276.40000000000003,5.742,0,1.0,2.02,309.825,4.4621,37.62,0.0,8.516,0.0,0
47038,0.171,75.586,0.5,0.0,449.44,0.0137,1.4000000000000001,382.5,5.737,0,2.0,-0.01,309.915,-2.0620000000000003,36.300000000000004,0.0,11.895000000000001,0.0,0
47038,-0.341,75.586,0.5,0.0,440.305,0.0388,4.0,448.6,5.737,0,0.0,-0.07,309.915,0.2474,33.54,0.0,16.133,0.0,0
47038,-0.341,75.586,0.5,0.0,440.305,0.0388,4.0,448.6,5.737,0,0.0,-0.07,309.915,0.2474,33.54,0.0,16.133,0.0,0
47038,-0.682,75.586,0.0,0.0,418.586,0.0884,5.800000000000001,458.70000000000005,5.737,0,1.0,0.02,309.915,4.3383,31.62,0.0,20.723000000000003,0.0,0
47038,-0.853,75.586,-0.5,0.0,357.059,0.1729,9.9,443.3,5.742,0,1.0,0.305,309.825,-0.6846,32.07,0.0,25.234,0.0,0
47038,-0.853,75.586,0.0,0.0,295.836,0.2939,15.0,398.5,5.737,0,0.0,0.885,309.825,-0.1155,34.47,0.0,29.453000000000003,0.0,0
47038,-1.194,75.586,0.0,0.0,180.163,0.4413,14.200000000000001,329.3,5.737,0,4.0,0.75,309.825,-1.3196,37.56,0.0,33.066,0.0,0
47038,-1.5350000000000001,75.586,0.0,0.0,99.33800000000001,0.5921000000000001,14.3,244.3,5.742,0,1.0,-0.08,309.915,3.0187,40.44,0.0,35.918,0.0,0
47038,-1.194,75.586,0.5,0.0,23.897000000000002,0.7190000000000001,12.100000000000001,158.9,5.742,0,3.0,-0.125,309.915,4.0909,43.08,0.0,37.891000000000005,0.0,0
47038,-1.5350000000000001,75.586,0.0,0.0,6.353,0.798,5.4,82.9,5.742,0,3.0,-0.05,309.915,1.963,43.44,0.0,39.043,0.0,0
47038,-1.364,75.586,0.0,0.0,-3.448,0.8390000000000001,3.3000000000000003,29.200000000000003,5.742,0,1.0,-0.11,309.915,-0.5114000000000001,41.7,0.0,39.57,0.0,0
47039,-1.194,75.586,0.0,0.0,-3.388,0.8503000000000001,1.6,4.8,5.742,0,2.0,-0.085,310.14000000000004,1.8063,39.57,0.0,39.707,0.0,0
47039,-1.5350000000000001,75.586,0.0,0.0,-2.723,0.8535,0.0,7.6000000000000005,5.742,0,1.0,-0.1,310.005,5.724,37.74,0.0,39.746,0.0,0
47039,-1.5350000000000001,75.586,0.0,0.0,-2.42,0.868,1.7000000000000002,27.200000000000003,5.742,0,1.0,-0.105,310.005,0.8413,37.65,0.0,39.922000000000004,0.0,0
47039,-1.194,75.586,0.0,0.0,-3.025,0.9035000000000001,4.9,57.5,5.742,0,3.0,-0.12,310.005,-4.2889,38.160000000000004,0.0,40.352000000000004,0.0,0
47039,-1.5350000000000001,75.586,0.0,0.0,-3.086,0.9647,6.5,86.7,5.742,0,1.0,-0.14,309.825,0.033,38.13,0.0,41.094,0.0,0
47039,-1.364,75.586,0.0,0.0,-2.602,1.0488,11.5,102.7,5.742,0,1.0,-0.13,309.915,-1.4516,38.31,0.0,42.07,0.0,0
47039,-1.0230000000000001,75.586,0.0,0.0,-2.42,1.1504,11.5,101.2,5.742,0,2.0,-0.09,310.005,1.5836000000000001,37.35,0.0,43.105000000000004,0.0,0
47039,-1.0230000000000001,75.586,0.0,0.0,-1.875,1.2482,9.6,99.9,5.742,0,1.0,-0.155,310.005,4.0909,36.93,0.0,44.102000000000004,0.0,0
47039,-1.194,75.586,0.0,0.0,-1.754,1.3572,11.4,99.9,5.742,0,0.0,-0.13,310.005,-1.4681,37.53,0.0,45.098,0.0,0
47039,-1.194,75.586,0.0,0.0,-1.754,1.3684,11.200000000000001,99.9,5.742,0,0.0,-0.115,310.005,-1.6496000000000002,37.74,0.0,45.195,0.0,0
47039,-0.853,75.586,0.0,0.0,-1.875,1.486,11.4,99.9,5.742,0,1.0,-0.105,310.005,0.0,39.54,0.0,46.211000000000006,0.0,0
47039,-1.194,75.586,0.0,0.0,-2.057,1.6037000000000001,13.3,99.9,5.742,0,1.0,-0.115,310.005,2.6393,41.22,0.0,47.207,0.0,0
47039,-0.853,75.586,0.0,0.0,-2.238,1.7385000000000002,13.3,99.7,5.742,0,2.0,-0.07,310.14000000000004,2.7713,41.01,0.0,48.203,0.0,0
47039,-1.194,75.586,0.0,0.0,-2.057,1.8732000000000002,13.100000000000001,99.9,5.742,0,1.0,-0.17500000000000002,310.005,-0.7918000000000001,39.96,0.0,49.199000000000005,0.0,0
47039,-0.853,75.586,0.0,0.0,-2.057,2.0218000000000003,18.400000000000002,99.7,5.742,0,1.0,-0.1,310.005,-2.7713,38.76,0.0,50.215,0.0,0
47039,-1.0230000000000001,75.586,0.0,0.0,-2.238,2.178,15.4,99.9,5.742,0,1.0,-0.20500000000000002,310.14000000000004,5.0147,37.800000000000004,0.0,51.211000000000006,0.0,0
47039,-1.0230000000000001,75.586,0.0,0.0,-2.057,2.3342,15.4,99.9,5.742,0,2.0,-0.155,310.005,4.486800000000001,37.47,0.0,52.207,0.0,0
47039,-0.853,75.586,0.0,0.0,-2.238,2.5112,17.7,99.9,5.742,0,1.0,-0.145,309.915,-4.1569,37.44,0.0,53.203,0.0,0
47039,-0.682,75.586,0.0,0.0,-2.057,2.6909,17.5,99.9,5.742,0,1.0,-0.12,310.005,-3.9589000000000003,37.68,0.0,54.199000000000005,0.0,0
47039,-1.0230000000000001,75.586,0.0,0.0,-2.238,2.8813,24.1,100.10000000000001,5.742,0,1.0,-0.17,310.14000000000004,-1.4186,37.95,0.0,55.215,0.0,0
47039,-0.853,75.586,0.0,0.0,-2.299,3.0867,20.2,99.9,5.742,0,2.0,-0.155,310.005,1.3196,37.410000000000004,0.0,56.211000000000006,0.0,0
47039,-0.853,75.586,0.0,0.0,-2.48,3.2921,20.2,100.10000000000001,5.742,0,1.0,-0.15,310.14000000000004,3.8600000000000003,37.62,0.0,57.207,0.0,0
47039,-1.194,75.586,0.0,0.0,-2.238,3.5155000000000003,23.0,99.7,5.742,0,2.0,-0.14,310.005,0.0,38.52,0.0,58.203,0.0,0
47039,-0.512,75.586,0.0,0.0,-2.42,3.7534,27.400000000000002,99.9,5.742,0,2.0,-0.13,309.915,-5.7405,40.02,0.0,59.219,0.0,0
47039,-0.853,75.586,0.0,0.0,-2.54,3.9876,24.0,99.9,5.742,0,1.0,-0.155,310.14000000000004,-1.0557,40.230000000000004,0.0,60.215,0.0,0
47039,-1.0230000000000001,75.586,0.0,0.0,-2.238,4.250900000000001,25.900000000000002,99.9,5.742,0,1.0,-0.145,310.005,2.3754,40.02,0.0,61.211000000000006,0.0,0
47039,-0.853,75.586,0.0,0.0,-2.42,4.514200000000001,25.900000000000002,99.7,5.742,0,1.0,-0.155,310.005,-1.3196,39.33,0.0,62.207,0.0,0
47039,-1.0230000000000001,75.586,0.0,0.0,-2.723,4.790500000000001,29.1,99.7,5.742,0,1.0,-0.135,310.005,-1.4846000000000001,37.800000000000004,0.0,63.203,0.0,0
47039,-0.682,75.586,0.0,0.0,-2.602,5.0920000000000005,34.800000000000004,100.10000000000001,5.742,0,1.0,-0.18,310.005,-1.3196,37.47,0.0,64.21900000000001,0.0,0
47039,-0.853,75.586,0.0,0.0,-2.48,5.3875,29.1,100.10000000000001,5.742,0,1.0,-0.15,310.005,2.3754,37.65,0.0,65.215,0.0,0
47039,-0.171,75.586,0.0,0.0,-2.602,5.7104,32.5,99.7,5.742,0,1.0,-0.165,310.005,1.7155,37.83,0.0,66.211,0.0,0
47039,-0.682,75.586,0.0,0.0,-2.48,6.0404,32.4,100.10000000000001,5.742,0,1.0,-0.135,310.14000000000004,2.2764,37.47,0.0,67.20700000000001,0.0,0
47039,-1.0230000000000001,75.586,0.0,0.0,-2.48,6.3765,36.1,99.7,5.742,0,1.0,-0.12,309.915,1.7155,37.11,0.0,68.203,0.0,0
47039,-0.853,75.586,0.0,0.0,-2.48,6.7506,36.1,100.4,5.742,0,1.0,-0.125,309.915,-5.476500000000001,38.04,0.0,69.21900000000001,0.0,0
47039,-1.0230000000000001,75.586,0.0,0.0,-2.238,7.1174,36.1,99.7,5.742,0,1.0,-0.15,309.915,-8.1818,38.550000000000004,0.0,70.215,0.0,0
47039,-0.682,75.586,0.0,0.0,-2.359,7.5057,39.9,99.7,5.742,0,1.0,-0.15,310.005,0.46190000000000003,39.33,0.0,71.211,0.0,0
47039,-0.853,75.586,0.0,0.0,-2.299,7.9115,40.0,99.7,5.742,0,1.0,-0.21,310.005,3.6950000000000003,39.27,0.0,72.20700000000001,0.0,0
47039,-0.682,75.586,0.0,0.0,-2.299,7.9514000000000005,39.9,99.7,5.742,0,2.0,-0.105,310.14000000000004,4.4456,39.27,0.0,72.305,0.0,0
47039,-0.853,75.586,0.0,0.0,-2.238,8.3665,41.1,100.10000000000001,5.742,0,1.0,-0.14,309.915,1.6496000000000002,39.69,0.0,73.32000000000001,0.0,0
47039,-0.512,75.586,0.0,0.0,-2.359,8.8134,43.5,100.10000000000001,5.742,0,1.0,-0.13,310.14000000000004,0.899,39.27,0.0,74.316,0.0,0
47039,-0.853,75.586,0.0,0.0,-2.359,9.2608,44.0,100.10000000000001,5.742,0,1.0,-0.13,310.14000000000004,2.3506,38.1,0.0,75.313,0.0,0
47039,-0.341,75.586,0.0,0.0,-2.299,9.7255,48.300000000000004,99.7,5.742,0,1.0,-0.16,310.14000000000004,0.9485,37.32,0.0,76.309,0.0,0
47039,-0.853,75.586,0.0,0.0,-2.238,10.225,57.6,99.9,5.742,0,1.0,-0.15,310.14000000000004,-1.1877,36.78,0.0,77.324,0.0,0
47039,-0.682,75.586,0.0,0.0,-2.359,10.715200000000001,47.7,99.9,5.742,0,1.0,-0.12,310.005,-3.7363000000000004,36.660000000000004,0.0,78.32000000000001,0.0,0
47039,-0.682,75.586,0.0,0.0,-2.723,11.2417,52.2,100.4,5.742,0,2.0,-0.17,310.005,-1.1382,36.57,0.0,79.316,0.0,0
47039,-0.341,75.586,0.0,0.0,-2.602,11.7779,52.800000000000004,99.9,5.742,0,2.0,-0.19,310.005,2.2022,36.72,0.0,80.313,0.0,0
47039,-0.512,75.586,0.0,0.0,-2.42,12.3215,57.400000000000006,99.9,5.742,0,1.0,-0.18,309.915,-4.3548,37.68,0.0,81.309,0.0,0
47039,-0.853,75.586,0.0,0.0,-2.238,12.915600000000001,68.5,99.9,5.742,0,1.0,-0.2,310.005,-1.5836000000000001,39.27,0.0,82.324,0.0,0
47039,-0.682,75.586,0.0,0.0,-2.057,13.498700000000001,56.800000000000004,99.9,5.742,0,1.0,-0.14,310.14000000000004,6.9034,38.910000000000004,0.0,83.32000000000001,0.0,0
47039,-0.341,75.586,0.0,0.0,-2.057,14.109200000000001,61.6,99.9,5.742,0,1.0,-0.155,310.23,2.7795,38.7,0.0,84.316,0.0,0
47039,-0.682,75.586,0.0,0.0,-2.42,14.7423,62.300000000000004,99.9,5.742,0,1.0,-0.2,310.005,-1.097,38.13,0.0,85.313,0.0,0
47039,-0.512,75.586,0.0,0.0,-2.42,15.3747,62.2,99.9,5.742,0,1.0,-0.17,310.005,2.664,37.89,0.0,86.309,0.0,0
47039,-0.853,75.586,0.0,0.0,-2.057,16.067600000000002,66.60000000000001,100.10000000000001,5.742,0,1.0,-0.185,310.005,-3.8930000000000002,37.800000000000004,0.0,87.324,0.0,0
47039,-0.853,75.586,0.0,0.0,-2.057,16.7512,66.60000000000001,99.4,5.742,0,1.0,-0.185,310.005,-3.563,37.230000000000004,0.0,88.32000000000001,0.0,0
47039,-0.341,75.586,0.0,0.0,-2.359,17.4515,71.7,99.9,5.742,0,1.0,-0.13,310.005,-2.2187,36.75,0.0,89.316,0.0,0
47039,-0.682,75.586,0.0,0.0,-2.48,18.1888,72.5,99.9,5.742,0,1.0,-0.17,310.005,-1.3196,36.480000000000004,0.0,90.313,0.0,0
47039,-0.682,75.586,0.0,0.0,-2.117,18.9393,86.5,100.10000000000001,5.742,0,1.0,-0.17,310.14000000000004,3.4723,36.24,0.0,91.328,0.0,0
47039,-0.341,75.586,0.0,0.0,-2.54,19.7143,77.10000000000001,99.9,5.742,0,1.0,-0.17,310.005,-0.46190000000000003,36.54,0.0,92.324,0.0,0
47039,-0.682,75.586,0.0,0.0,-1.815,20.505300000000002,77.0,99.9,5.742,0,1.0,-0.15,310.005,-1.2537,37.83,0.0,93.32000000000001,0.0,0
47039,-0.682,75.586,0.0,0.0,-1.754,21.3005,81.2,99.9,5.742,0,1.0,-0.17,310.005,0.2887,38.85,0.0,94.316,0.0,0
47039,-0.512,75.586,0.0,0.0,-1.754,22.148400000000002,83.4,99.7,5.742,0,1.0,-0.165,310.005,2.0949,39.06,0.0,95.313,0.0,0
47039,-0.682,75.586,0.0,0.0,-1.936,23.0115,83.3,99.7,5.742,0,2.0,-0.165,310.14000000000004,-1.4764000000000002,38.13,0.0,96.328,0.0,0
47039,-0.512,75.586,0.0,0.0,-1.996,23.8851,88.10000000000001,99.7,5.742,0,1.0,-0.18,310.005,2.4249,37.800000000000004,0.0,97.324,0.0,0
47039,-0.341,75.586,0.0,0.0,-2.057,24.7893,88.10000000000001,99.7,5.742,0,0.0,-0.165,309.915,-1.1712,38.88,0.0,98.32000000000001,0.0,0
47039,-0.512,75.586,0.0,0.0,-1.996,25.6935,88.0,100.10000000000001,5.742,0,1.0,-0.15,310.14000000000004,-3.5218000000000003,39.06,0.0,99.316,0.0,0
47039,-0.341,75.586,0.0,0.0,-1.996,25.782500000000002,89.0,99.7,5.742,0,2.0,-0.165,310.14000000000004,-3.0352,38.97,0.0,99.414,0.0,0
47039,-0.512,75.586,0.0,0.0,-2.178,26.7605,94.7,100.10000000000001,5.742,0,1.0,-0.145,310.005,2.3754,38.1,0.0,100.43,0.0,0
47039,-0.171,75.586,0.0,0.0,-1.875,27.723200000000002,94.7,99.9,5.742,0,1.0,-0.115,310.005,-0.6598,37.77,0.0,101.426,0.0,0
47039,-0.682,75.586,0.0,0.0,-1.754,28.705000000000002,100.60000000000001,99.7,5.742,0,1.0,-0.14,310.005,0.099,36.84,0.0,102.42200000000001,0.0,0
47039,-0.682,75.586,0.0,0.0,-1.694,29.727,100.5,99.4,5.742,0,1.0,-0.17500000000000002,310.005,0.9238000000000001,36.51,0.0,103.418,0.0,0
47039,-0.853,75.586,0.0,0.0,-1.694,30.749100000000002,100.60000000000001,99.9,5.742,0,1.0,-0.11,310.14000000000004,-3.5301,36.93,0.0,104.414,0.0,0
47039,-0.171,75.586,0.0,0.0,-1.754,31.834400000000002,106.5,100.10000000000001,5.742,0,2.0,-0.17500000000000002,310.005,-0.132,37.86,0.0,105.43,0.0,0
47039,-0.341,75.586,0.0,0.0,-1.452,32.9166,106.5,99.9,5.742,0,1.0,-0.16,310.005,0.7918000000000001,39.300000000000004,0.0,106.426,0.0,0
47039,-0.682,75.586,0.0,0.0,-1.573,34.0037,111.4,99.4,5.742,0,1.0,-0.17500000000000002,309.915,-4.3548,39.660000000000004,0.0,107.42200000000001,0.0,0
47039,-0.171,75.586,0.0,0.0,-1.633,35.1466,112.4,100.10000000000001,5.742,0,1.0,-0.145,309.915,1.3856000000000002,39.15,0.0,108.418,0.0,0
47039,-0.853,75.586,0.0,0.0,-1.633,36.3125,135.4,99.9,5.742,0,1.0,-0.165,309.915,0.132,39.0,0.0,109.43400000000001,0.0,0
47039,-0.341,75.586,0.0,0.0,-1.875,37.4842,118.4,100.10000000000001,5.742,0,1.0,-0.15,310.005,2.3094,39.0,0.0,110.43,0.0,0
47039,-0.512,75.586,0.0,0.0,-1.331,38.6884,118.5,99.7,5.742,0,2.0,-0.21,309.915,3.4311000000000003,38.4,0.0,111.426,0.0,0
47039,-0.682,75.586,0.0,0.0,-1.21,39.892500000000005,118.5,99.9,5.742,0,1.0,-0.15,310.005,0.46190000000000003,38.49,0.0,112.42200000000001,0.0,0
47039,-0.341,75.586,0.0,0.0,-1.3920000000000001,41.1482,124.5,99.7,5.742,0,2.0,-0.145,310.005,-3.1672000000000002,37.92,0.0,113.418,0.0,0
47039,-0.682,75.586,0.0,0.0,-1.694,42.4391,124.5,99.7,5.742,0,1.0,-0.18,310.14000000000004,3.5301,37.68,0.0,114.43400000000001,0.0,0
47039,-0.853,75.586,0.0,0.0,-1.5130000000000001,43.718700000000005,130.6,99.7,5.742,0,2.0,-0.16,310.005,1.5836000000000001,37.26,0.0,115.43,0.0,0
47039,-0.341,75.586,0.0,0.0,-1.573,45.0456,130.6,99.7,5.742,0,2.0,-0.165,309.915,-4.9487000000000005,37.14,0.0,116.426,0.0,0
47039,-0.682,75.586,0.0,0.0,-1.754,46.3725,130.5,99.9,5.742,0,1.0,-0.115,310.005,-3.8270000000000004,38.28,0.0,117.42200000000001,0.0,0
47039,-0.682,75.586,0.0,0.0,-1.754,47.764,164.5,100.10000000000001,5.742,0,1.0,-0.2,310.14000000000004,3.0682,38.79,0.0,118.438,0.0,0
47039,-0.682,75.586,0.0,0.0,-1.5130000000000001,49.152100000000004,136.6,99.7,5.742,0,1.0,-0.14,310.005,3.0352,39.93,0.0,119.43400000000001,0.0,0
47039,-0.512,75.586,0.0,0.0,-1.3920000000000001,50.540200000000006,136.6,100.10000000000001,5.742,0,2.0,-0.20500000000000002,310.14000000000004,0.6928000000000001,39.54,0.0,120.43,0.0,0
47039,-0.341,75.586,0.0,0.0,-1.633,51.988400000000006,142.6,99.9,5.742,0,2.0,-0.15,309.915,-3.4311000000000003,39.33,0.0,121.426,0.0,0
47039,-0.512,75.586,0.0,0.0,-1.3920000000000001,53.4373,142.6,99.9,5.742,0,1.0,-0.18,310.005,-2.3754,39.42,0.0,122.42200000000001,0.0,0
47039,-0.682,75.586,0.0,0.0,-1.089,54.938100000000006,178.8,100.10000000000001,5.742,0,1.0,-0.18,310.005,-0.39590000000000003,38.97,0.0,123.438,0.0,0
47039,-0.512,75.586,0.0,0.0,-1.3920000000000001,56.447300000000006,148.5,99.9,5.742,0,1.0,-0.105,309.915,3.1672000000000002,37.89,0.0,124.43400000000001,0.0,0
47039,-0.341,75.586,0.0,0.0,-1.573,57.9564,148.5,100.10000000000001,5.742,0,2.0,-0.17,310.005,-2.5073000000000003,37.62,0.0,125.43,0.0,0
47039,-0.341,75.586,0.0,0.0,-1.3920000000000001,59.510000000000005,154.3,100.10000000000001,5.742,0,1.0,-0.125,310.14000000000004,-1.9465000000000001,37.800000000000004,0.0,126.426,0.0,0
47039,-0.682,75.586,0.0,0.0,-1.331,59.662800000000004,152.8,99.7,5.742,0,1.0,-0.165,310.14000000000004,-1.0805,37.71,0.0,126.52300000000001,0.0,0
47039,-0.512,75.586,-0.5,0.0,-1.3920000000000001,61.2629,184.20000000000002,100.4,5.742,0,1.0,-0.195,310.005,5.526000000000001,37.38,0.0,127.539,0.0,0
47039,-0.341,75.586,-0.5,0.0,-1.573,62.8453,158.5,99.9,5.742,0,1.0,-0.185,309.915,-1.4351,37.92,0.0,128.535,0.0,0
47039,-0.682,75.586,0.5,0.0,-1.573,64.47240000000001,158.4,99.9,5.742,0,1.0,-0.18,310.005,-2.4166000000000003,38.31,0.0,129.531,0.0,0
47039,-0.341,75.586,0.5,0.0,-1.754,66.0995,158.4,99.7,5.742,0,1.0,-0.245,310.005,-0.19790000000000002,39.81,0.0,130.52700000000002,0.0,0
47039,-0.512,75.586,0.0,0.0,-1.3920000000000001,67.76140000000001,164.1,99.9,5.742,0,1.0,-0.17,310.14000000000004,-2.7465,40.59,0.0,131.523,0.0,0
47039,-0.171,75.586,-0.5,0.0,-1.5130000000000001,69.47970000000001,165.70000000000002,100.4,5.742,0,2.0,-0.14,309.915,-0.42060000000000003,40.62,0.0,132.53900000000002,0.0,0
47039,-0.341,75.586,0.0,0.0,-1.573,71.16420000000001,164.0,99.9,5.742,0,2.0,-0.095,310.005,-2.3094,39.75,0.0,133.535,0.0,0
47039,-0.341,75.586,0.0,0.0,-1.331,72.9045,169.6,99.7,5.742,0,1.0,-0.145,309.915,-2.5898000000000003,39.15,0.0,134.531,0.0,0
47039,-0.341,75.586,0.0,0.0,-1.633,74.64500000000001,169.5,100.10000000000001,5.742,0,1.0,-0.19,309.915,4.4208,38.64,0.0,135.52700000000002,0.0,0
47039,-0.682,75.586,0.0,0.0,-1.633,76.4415,210.9,99.9,5.742,0,2.0,-0.17,310.14000000000004,2.2022,37.74,0.0,136.543,0.0,0
47039,-0.682,75.586,0.0,0.0,-1.573,78.2367,176.70000000000002,99.9,5.742,0,2.0,-0.22,309.915,0.132,37.32,0.0,137.53900000000002,0.0,0
47039,-0.682,75.586,0.0,0.0,-1.5130000000000001,80.03190000000001,174.9,100.10000000000001,5.742,0,1.0,-0.17,310.005,-0.19790000000000002,37.86,0.0,138.535,0.0,0
47039,-0.341,75.586,0.5,0.0,-1.3920000000000001,81.8669,180.0,99.7,5.742,0,1.0,-0.2,310.005,-2.9445,37.800000000000004,0.0,139.531,0.0,0
47039,-0.682,75.586,0.0,0.0,-1.331,83.7151,180.0,100.10000000000001,5.742,0,2.0,-0.07,309.915,0.41240000000000004,38.1,0.0,140.52700000000002,0.0,0
47039,-0.682,75.586,0.5,0.0,-1.2710000000000001,85.6076,223.10000000000002,99.7,5.742,0,1.0,-0.19,310.005,2.5733,38.94,0.0,141.543,0.0,0
47039,-0.341,75.586,0.0,0.0,-1.1500000000000001,87.507,186.9,99.7,5.742,0,0.0,-0.19,309.825,-2.4084000000000003,39.9,0.0,142.53900000000002,0.0,0
47039,-0.512,75.586,0.0,0.0,-1.452,89.4064,185.0,99.9,5.742,0,1.0,-0.225,310.005,-0.6763,40.56,0.0,143.535,0.0,0
47039,-0.341,75.586,0.0,0.0,-1.21,91.331,189.70000000000002,99.9,5.742,0,1.0,-0.18,310.005,0.5938,40.77,0.0,144.531,0.0,0
47039,-0.171,75.586,0.0,0.0,-1.3920000000000001,93.3189,228.9,100.10000000000001,5.742,0,1.0,-0.17500000000000002,310.005,-0.099,40.44,0.0,145.547,0.0,0
47039,-0.853,75.586,0.0,0.0,-1.3920000000000001,95.2676,191.8,99.9,5.742,0,1.0,-0.21,310.14000000000004,0.8578,40.11,0.0,146.543,0.0,0
47039,-0.682,75.586,0.0,0.0,-1.2710000000000001,97.259,196.4,100.10000000000001,5.742,0,1.0,-0.17,309.915,1.5341,38.94,0.0,147.53900000000002,0.0,0
47039,-0.512,75.586,0.0,0.0,-1.089,99.25500000000001,194.4,99.9,5.742,0,2.0,-0.185,309.915,-1.5176,37.800000000000004,0.0,148.535,0.0,0
47039,-0.171,75.586,0.0,0.0,-1.331,101.2633,198.8,100.10000000000001,5.742,0,1.0,-0.165,309.915,-1.4764000000000002,37.230000000000004,0.0,149.531,0.0,0
47039,-0.341,75.586,-0.5,0.0,-1.2710000000000001,103.3456,200.8,100.10000000000001,5.742,0,0.0,-0.185,310.14000000000004,2.1527000000000003,37.5,0.0,150.547,0.0,0
47039,-0.341,75.586,0.0,0.0,-1.331,105.38690000000001,200.9,99.9,5.742,0,2.0,-0.225,309.915,0.9897,38.160000000000004,0.0,151.543,0.0,0
47039,-0.171,75.586,0.5,0.0,-1.21,107.45660000000001,205.10000000000002,99.9,5.742,0,1.0,-0.18,309.915,1.864,38.7,0.0,152.53900000000002,0.0,0
47039,-0.682,75.586,0.0,0.0,-1.1500000000000001,109.54090000000001,203.0,99.7,5.742,0,1.0,-0.135,310.005,-2.4826,39.75,0.0,153.535,0.0,0
47039,-0.341,75.586,0.0,0.0,-1.1500000000000001,111.66900000000001,246.8,100.10000000000001,5.742,0,1.0,-0.165,310.14000000000004,2.3506,40.53,0.0,154.55100000000002,0.0,0
47039,-0.171,75.586,0.0,0.0,-1.3920000000000001,113.7941,209.10000000000002,99.9,5.742,0,2.0,-0.2,310.005,3.3486000000000002,40.56,0.0,155.547,0.0,0
47039,-0.171,75.586,0.0,0.0,-1.029,115.9191,209.0,99.9,5.742,0,0.0,-0.215,309.915,-1.9135000000000002,40.83,0.0,156.543,0.0,0
47039,-0.512,75.586,-0.5,0.0,-1.3920000000000001,118.06030000000001,212.9,99.9,5.742,0,1.0,-0.165,310.005,-5.7157,40.35,0.0,157.53900000000002,0.0,0
47039,-0.341,75.586,0.0,0.0,-1.3920000000000001,120.22380000000001,210.70000000000002,99.9,5.742,0,0.0,-0.145,309.915,-1.0392000000000001,39.63,0.0,158.535,0.0,0
47039,-0.171,75.586,0.0,0.0,-1.3920000000000001,122.43060000000001,212.8,99.4,5.742,0,1.0,-0.17500000000000002,310.14000000000004,3.9177000000000004,38.58,0.0,159.55100000000002,0.0,0
47039,-0.171,75.586,0.0,0.0,-1.3920000000000001,122.6413,210.70000000000002,99.7,5.742,0,2.0,-0.17500000000000002,310.14000000000004,4.5858,38.49,0.0,159.648,0.0,0
47039,-0.171,75.586,0.0,0.0,-1.21,124.8396,216.4,100.10000000000001,5.742,0,2.0,-0.2,310.005,1.9795,37.410000000000004,0.0,160.645,0.0,0
47039,-0.341,75.586,-0.5,0.0,-1.331,127.039,216.4,99.7,5.742,0,2.0,-0.14,310.005,2.5733,36.69,0.0,161.64100000000002,0.0,0
47039,-0.341,75.586,0.0,0.0,-1.3920000000000001,129.2477,219.70000000000002,100.10000000000001,5.742,0,1.0,-0.21,309.915,-5.5425,37.26,0.0,162.637,0.0,0
47039,-0.341,75.586,0.0,0.0,-1.331,131.5232,217.4,99.7,5.742,0,2.0,-0.12,310.005,-3.6950000000000003,38.25,0.0,163.65200000000002,0.0,0
47039,-0.512,75.586,-0.5,0.0,-1.029,133.7562,217.5,99.9,5.742,0,1.0,-0.17500000000000002,310.14000000000004,4.6188,39.03,0.0,164.648,0.0,0
47039,-0.171,75.586,-0.5,0.0,-1.21,136.012,222.70000000000002,100.10000000000001,5.742,0,1.0,-0.13,310.14000000000004,2.7383,40.38,0.0,165.645,0.0,0
47039,-0.341,75.586,0.5,0.0,-1.21,138.276,222.8,99.4,5.742,0,1.0,-0.16,310.005,-0.2639,40.5,0.0,166.64100000000002,0.0,0
47039,-0.682,75.586,0.5,0.0,-0.908,140.5847,267.5,99.9,5.742,0,1.0,-0.2,309.915,-0.6268,39.87,0.0,167.656,0.0,0
47039,-0.171,75.586,0.5,0.0,-1.452,142.87720000000002,223.3,99.7,5.742,0,2.0,-0.17,309.915,-5.806500000000001,40.230000000000004,0.0,168.65200000000002,0.0,0
47039,-0.512,75.586,0.5,0.0,-1.21,145.1696,223.20000000000002,99.9,5.742,0,1.0,-0.16,310.005,-3.9589000000000003,39.54,0.0,169.648,0.0,0
47039,-0.341,75.586,0.5,0.0,-1.1500000000000001,147.4755,228.10000000000002,99.9,5.742,0,0.0,-0.19,310.005,2.3754,39.15,0.0,170.645,0.0,0
47039,-0.171,75.586,0.0,0.0,-1.089,149.794,228.20000000000002,99.4,5.742,0,1.0,-0.16,310.005,0.9897,39.15,0.0,171.64100000000002,0.0,0
47039,-0.512,75.586,0.0,0.0,-0.846,152.1567,225.8,100.4,5.742,0,1.0,-0.20500000000000002,310.005,0.2639,38.28,0.0,172.656,0.0,0
47039,-0.512,75.586,0.0,0.0,-0.908,154.4942,228.10000000000002,99.7,5.742,0,1.0,-0.17500000000000002,310.14000000000004,1.4846000000000001,37.56,0.0,173.65200000000002,0.0,0
47039,-0.512,75.586,0.0,0.0,-1.21,156.836,228.10000000000002,99.9,5.742,0,1.0,-0.14,310.14000000000004,2.3754,37.29,0.0,174.648,0.0,0
47039,-0.682,75.586,0.0,0.0,-1.3920000000000001,159.1841,232.5,100.4,5.742,0,1.0,-0.195,310.005,2.6393,37.89,0.0,175.645,0.0,0
47039,-0.171,75.586,0.0,0.0,-1.21,161.5919,277.5,99.7,5.742,0,1.0,-0.2,309.825,-6.7302,39.9,0.0,176.66,0.0,0
47039,-0.171,75.586,0.0,0.0,-1.331,163.9547,230.10000000000002,99.9,5.742,0,1.0,-0.20500000000000002,309.915,-5.9054,41.13,0.0,177.656,0.0,0
47039,-0.171,75.586,0.0,0.0,-1.331,166.3279,231.9,100.10000000000001,5.742,0,1.0,-0.15,310.005,0.7918000000000001,40.65,0.0,178.65200000000002,0.0,0
47039,-0.512,75.586,0.0,0.0,-1.21,168.709,231.9,99.9,5.742,0,1.0,-0.2,310.14000000000004,2.9362,40.050000000000004,0.0,179.648,0.0,0
47039,0.0,75.586,-0.5,0.0,-1.3920000000000001,171.0924,234.3,100.10000000000001,5.742,0,1.0,-0.185,309.915,0.132,39.300000000000004,0.0,180.645,0.0,0
47039,-0.512,75.586,0.5,0.0,-1.3920000000000001,171.37310000000002,280.7,99.7,5.742,0,1.0,-0.17500000000000002,310.005,-0.0825,39.300000000000004,0.0,180.762,0.0,0
47039,-0.512,75.586,0.0,0.0,-1.573,173.77,235.9,100.10000000000001,5.742,0,0.0,-0.185,310.005,-0.9897,39.33,0.0,181.758,0.0,0
47039,-0.171,75.586,0.0,0.0,-1.21,176.1669,235.9,99.7,5.742,0,1.0,-0.155,310.005,0.1567,39.42,0.0,182.75400000000002,0.0,0
47039,-0.171,75.586,0.0,0.0,-1.331,178.5695,237.20000000000002,99.9,5.742,0,2.0,-0.21,309.915,-0.3299,38.67,0.0,183.75,0.0,0
47039,-0.171,75.586,0.0,0.0,-1.5130000000000001,180.9796,237.10000000000002,100.4,5.742,0,1.0,-0.145,310.005,-3.1012,38.160000000000004,0.0,184.746,0.0,0
47039,-0.171,75.586,-0.5,0.0,-1.331,183.43810000000002,237.10000000000002,99.10000000000001,5.742,0,1.0,-0.17500000000000002,309.915,-0.132,37.02,0.0,185.762,0.0,0
47039,-0.341,75.586,-0.5,0.0,-1.029,185.8571,238.20000000000002,100.10000000000001,5.742,0,1.0,-0.21,310.005,2.2269,36.87,0.0,186.758,0.0,0
47039,-0.171,75.586,0.0,0.0,-1.21,188.2781,238.20000000000002,100.4,5.742,0,1.0,-0.17,310.005,0.6598,38.25,0.0,187.75400000000002,0.0,0
47039,-0.512,75.586,-0.5,0.0,-1.5130000000000001,190.7006,239.0,99.7,5.742,0,2.0,-0.16,310.005,3.2166,39.51,0.0,188.75,0.0,0
47039,-0.341,75.586,0.5,0.0,-1.694,193.17870000000002,287.8,100.10000000000001,5.742,0,1.0,-0.16,310.005,1.9795,40.26,0.0,189.76600000000002,0.0,0
47039,-0.171,75.586,0.0,0.0,-1.694,193.4153,236.60000000000002,100.10000000000001,5.742,0,1.0,-0.17500000000000002,310.005,1.5836000000000001,40.35,0.0,189.863,0.0,0
47039,-0.171,75.586,0.0,0.0,-1.452,195.8445,236.60000000000002,99.9,5.742,0,1.0,-0.17,310.005,-3.4311000000000003,41.1,0.0,190.859,0.0,0
47039,-0.341,75.586,0.0,0.0,-1.3920000000000001,198.2777,237.10000000000002,99.9,5.742,0,1.0,-0.17500000000000002,310.14000000000004,-0.2639,40.77,0.0,191.85500000000002,0.0,0
47039,-0.171,75.586,0.0,0.0,-1.2710000000000001,200.7153,239.60000000000002,99.9,5.742,0,1.0,-0.14,310.005,1.3196,39.39,0.0,192.852,0.0,0
47039,-0.341,75.586,0.0,0.0,-1.089,203.1972,286.3,100.10000000000001,5.742,0,1.0,-0.17,310.005,0.39590000000000003,38.4,0.0,193.86700000000002,0.0,0
47039,-0.171,75.586,0.0,0.0,-1.331,205.63580000000002,237.5,99.7,5.742,0,2.0,-0.2,310.005,-1.4846000000000001,38.04,0.0,194.863,0.0,0
47039,-0.341,75.586,0.0,0.0,-1.089,208.0744,237.5,99.9,5.742,0,1.0,-0.26,309.915,-3.4311000000000003,38.4,0.0,195.859,0.0,0
47039,-0.341,75.586,0.0,0.0,-1.1500000000000001,210.5136,237.60000000000002,99.9,5.742,0,1.0,-0.165,310.005,2.9032,37.59,0.0,196.85500000000002,0.0,0
47039,-0.341,75.586,0.5,0.0,-1.331,212.9558,240.0,99.4,5.742,0,1.0,-0.17,310.005,2.5073000000000003,36.75,0.0,197.852,0.0,0
47039,-0.512,75.586,0.5,0.0,-1.2710000000000001,215.4421,237.60000000000002,100.10000000000001,5.742,0,1.0,-0.14,310.14000000000004,0.8908,36.96,0.0,198.86700000000002,0.0,0
47039,-0.341,75.586,0.5,0.0,-1.5130000000000001,217.8809,237.4,99.9,5.742,0,2.0,-0.17500000000000002,309.915,-1.3196,37.95,0.0,199.863,0.0,0
47039,-0.171,75.586,0.0,0.0,-1.3920000000000001,220.3196,237.5,99.7,5.742,0,2.0,-0.2,309.915,-3.629,38.7,0.0,200.859,0.0,0
47039,-0.341,75.586,0.0,0.0,-1.3920000000000001,222.75750000000002,237.20000000000002,100.10000000000001,5.742,0,1.0,-0.135,309.915,-4.6188,39.27,0.0,201.85500000000002,0.0,0
47039,0.0,75.586,-0.5,0.0,-1.331,225.2416,286.1,99.7,5.742,0,1.0,-0.15,310.005,0.9897,39.660000000000004,0.0,202.871,0.0,0
47039,-0.341,75.586,0.5,0.0,-1.1500000000000001,227.67680000000001,237.20000000000002,100.10000000000001,5.742,0,1.0,-0.185,310.005,4.6188,39.84,0.0,203.86700000000002,0.0,0
47039,-0.171,75.586,-0.5,0.0,-1.029,230.10860000000002,236.60000000000002,99.9,5.742,0,1.0,-0.155,309.915,-1.5836000000000001,38.64,0.0,204.863,0.0,0
47039,-0.341,75.586,0.5,0.0,-1.21,232.53820000000002,236.60000000000002,99.9,5.742,0,1.0,-0.17,310.005,-1.0557,38.49,0.0,205.859,0.0,0
47039,-0.171,75.586,0.0,0.0,-1.21,234.9678,236.70000000000002,100.10000000000001,5.742,0,2.0,-0.145,310.14000000000004,1.4846000000000001,37.800000000000004,0.0,206.85500000000002,0.0,0
47039,-0.171,75.586,0.0,0.0,-1.1500000000000001,237.4386,238.3,100.10000000000001,5.742,0,2.0,-0.17500000000000002,309.915,-1.0557,37.86,0.0,207.871,0.0,0
47039,-0.171,75.586,0.5,0.0,-1.1500000000000001,237.67680000000001,238.20000000000002,99.9,5.742,0,1.0,-0.17,310.005,-1.6001,37.89,0.0,207.96900000000002,0.0,0
47039,-0.682,75.586,0.0,0.0,-1.1500000000000001,240.0986,238.20000000000002,99.7,5.742,0,1.0,-0.185,310.005,-1.6496000000000002,37.83,0.0,208.965,0.0,0
47039,-0.341,75.586,0.0,0.0,-1.21,242.51610000000002,237.3,100.4,5.742,0,1.0,-0.2,309.915,2.4166000000000003,36.96,0.0,209.961,0.0,0
47039,-0.512,75.586,0.0,0.0,-1.029,244.92800000000003,237.3,99.7,5.742,0,2.0,-0.14,310.005,1.7650000000000001,36.87,0.0,210.95700000000002,0.0,0
47039,-0.341,75.586,-0.5,0.0,-1.029,247.38830000000002,237.3,99.7,5.742,0,2.0,-0.2,310.005,-1.9135000000000002,37.65,0.0,211.973,0.0,0
47039,-0.171,75.586,0.0,0.0,-1.331,249.7904,236.10000000000002,99.9,5.742,0,1.0,-0.13,310.005,2.6146000000000003,38.88,0.0,212.96900000000002,0.0,0
47039,0.0,75.586,0.0,0.0,-1.1500000000000001,252.19050000000001,236.20000000000002,100.10000000000001,5.742,0,1.0,-0.17500000000000002,310.005,0.19790000000000002,39.15,0.0,213.965,0.0,0
47039,-0.171,75.586,0.0,0.0,-1.3920000000000001,254.58780000000002,234.8,99.7,5.742,0,1.0,-0.185,310.14000000000004,0.37120000000000003,39.660000000000004,0.0,214.961,0.0,0
47039,-0.341,75.586,-0.5,0.0,-1.3920000000000001,257.022,282.7,100.4,5.742,0,1.0,-0.20500000000000002,310.005,-0.19790000000000002,39.81,0.0,215.977,0.0,0
47039,-0.171,75.586,0.0,0.0,-1.029,259.4083,234.8,99.7,5.742,0,2.0,-0.17,309.915,-0.1155,39.18,0.0,216.973,0.0,0
47039,-0.341,75.586,-0.5,0.0,-0.908,261.7853,233.20000000000002,99.9,5.742,0,1.0,-0.135,310.005,-1.1629,38.67,0.0,217.96900000000002,0.0,0
47039,-0.171,75.586,0.0,0.0,-1.21,264.15590000000003,233.20000000000002,99.9,5.742,0,1.0,-0.20500000000000002,309.915,-2.5568,37.92,0.0,218.965,0.0,0
47039,-0.341,75.586,0.0,0.0,-1.331,266.52660000000003,233.3,99.9,5.742,0,2.0,-0.18,309.915,-0.9238000000000001,37.47,0.0,219.961,0.0,0
47039,-0.341,75.586,0.0,0.0,-1.331,266.8037,277.1,99.9,5.742,0,2.0,-0.18,309.915,-1.5836000000000001,37.44,0.0,220.078,0.0,0
47039,0.0,75.586,0.5,0.0,-1.573,269.15700000000004,229.20000000000002,99.9,5.742,0,1.0,-0.18,310.14000000000004,1.7155,37.44,0.0,221.074,0.0,0
47039,-0.341,75.586,0.0,0.0,-1.452,271.5102,229.10000000000002,99.9,5.742,0,1.0,-0.13,310.14000000000004,4.3218000000000005,37.38,0.0,222.07000000000002,0.0,0
47039,-0.512,75.586,0.0,0.0,-1.2710000000000001,273.855,227.3,99.9,5.742,0,1.0,-0.14,310.005,2.1114,37.68,0.0,223.066,0.0,0
47039,0.0,75.586,-0.5,0.0,-1.2710000000000001,276.1917,229.70000000000002,100.4,5.742,0,3.0,-0.20500000000000002,309.915,2.2764,38.1,0.0,224.06300000000002,0.0,0
47039,-0.171,75.586,-0.5,0.0,-1.21,278.57050000000004,229.70000000000002,99.9,5.742,0,1.0,-0.165,310.005,-0.2639,38.64,0.0,225.078,0.0,0
47039,-0.341,75.586,0.0,0.0,-1.2710000000000001,280.8876,225.4,99.9,5.742,0,1.0,-0.145,309.915,-4.4208,40.2,0.0,226.074,0.0,0
47039,-0.341,75.586,0.0,0.0,-1.089,283.2013,225.3,99.7,5.742,0,2.0,-0.17500000000000002,309.915,-3.4311000000000003,40.95,0.0,227.07000000000002,0.0,0
47039,-0.171,75.586,0.0,0.0,-1.1500000000000001,285.51050000000004,223.20000000000002,99.9,5.742,0,2.0,-0.18,310.14000000000004,0.165,40.53,0.0,228.066,0.0,0
47039,-0.171,75.586,-0.5,0.0,-0.908,287.8483,269.2,99.4,5.742,0,1.0,-0.20500000000000002,309.825,0.132,39.84,0.0,229.08200000000002,0.0,0
47039,-0.512,75.586,0.5,0.0,-1.1500000000000001,290.1401,225.5,100.10000000000001,5.742,0,0.0,-0.17,310.005,-0.8578,39.0,0.0,230.078,0.0,0
47039,-0.341,75.586,0.0,0.0,-1.2710000000000001,292.41810000000004,220.9,100.10000000000001,5.742,0,1.0,-0.215,310.14000000000004,1.5836000000000001,38.04,0.0,231.074,0.0,0
47039,-0.171,75.586,0.5,0.0,-1.633,294.6868,220.9,99.7,5.742,0,1.0,-0.17500000000000002,309.915,1.7815,37.65,0.0,232.07000000000002,0.0,0
47039,0.0,75.586,0.5,0.0,-1.694,294.91,223.20000000000002,99.7,5.742,0,2.0,-0.19,309.915,0.18150000000000002,37.62,0.0,232.168,0.0,0
47039,-0.512,75.586,0.5,0.0,-1.21,297.2223,266.8,99.9,5.742,0,1.0,-0.19,309.825,-3.0682,38.01,0.0,233.184,0.0,0
47039,-0.341,75.586,0.5,0.0,-1.21,299.4667,220.8,100.4,5.742,0,2.0,-0.165,309.915,-4.8415,38.1,0.0,234.18,0.0,0
47039,-0.171,75.586,0.0,0.0,-1.2710000000000001,301.7112,220.9,100.10000000000001,5.742,0,2.0,-0.16,309.915,2.7053000000000003,38.58,0.0,235.17600000000002,0.0,0
47039,-0.171,75.586,0.0,0.0,-1.3920000000000001,303.9443,218.4,99.9,5.742,0,2.0,-0.195,310.005,2.7053000000000003,39.72,0.0,236.17200000000003,0.0,0
47039,0.0,75.586,-0.5,0.0,-1.331,306.16360000000003,218.4,99.7,5.742,0,2.0,-0.20500000000000002,310.14000000000004,0.3547,39.09,0.0,237.168,0.0,0
47039,-0.341,75.586,0.5,0.0,-1.3920000000000001,308.4275,262.90000000000003,100.10000000000001,5.742,0,2.0,-0.18,309.915,2.2599,39.51,0.0,238.184,0.0,0
47039,-0.341,75.586,0.5,0.0,-1.331,310.62510000000003,215.8,100.10000000000001,5.742,0,1.0,-0.16,310.005,-2.5073000000000003,39.18,0.0,239.18,0.0,0
47039,0.0,75.586,0.0,0.0,-1.029,312.81870000000004,215.9,99.9,5.742,0,1.0,-0.20500000000000002,310.005,-1.4021000000000001,39.12,0.0,240.17600000000002,0.0,0
47039,-0.171,75.586,-0.5,0.0,-1.089,315.0067,213.3,99.7,5.742,0,1.0,-0.155,310.005,4.0084,39.18,0.0,241.17200000000003,0.0,0
47039,-0.341,75.586,0.0,0.0,-1.452,317.1741,213.3,99.7,5.742,0,1.0,-0.16,310.14000000000004,2.7465,39.57,0.0,242.168,0.0,0
47039,0.0,75.586,0.0,0.0,-1.2710000000000001,319.3849,213.20000000000002,100.10000000000001,5.742,0,1.0,-0.16,309.915,-2.6228000000000002,39.21,0.0,243.184,0.0,0
47039,-0.171,75.586,0.5,0.0,-1.21,321.5365,210.70000000000002,100.10000000000001,5.742,0,2.0,-0.085,310.005,-3.0764,38.97,0.0,244.18,0.0,0
47039,-0.171,75.586,0.0,0.0,-1.21,323.67760000000004,210.70000000000002,99.9,5.742,0,2.0,-0.17500000000000002,310.005,-3.7363000000000004,37.59,0.0,245.17600000000002,0.0,0
47039,-0.341,75.586,-0.5,0.0,-1.2710000000000001,325.8186,210.70000000000002,99.4,5.742,0,1.0,-0.17,310.005,1.963,37.17,0.0,246.17200000000003,0.0,0
47039,-0.171,75.586,0.0,0.0,-1.331,327.9768,250.60000000000002,100.7,5.742,0,1.0,-0.17500000000000002,310.005,0.6598,37.83,0.0,247.18800000000002,0.0,0
47039,-0.171,75.586,0.0,0.0,-1.3920000000000001,330.0917,208.10000000000002,99.9,5.742,0,1.0,-0.18,310.005,0.1155,39.39,0.0,248.18400000000003,0.0,0
47039,-0.171,75.586,0.0,0.0,-1.694,332.19730000000004,205.5,100.4,5.742,0,1.0,-0.18,310.005,0.9238000000000001,39.78,0.0,249.18,0.0,0
47039,-0.171,75.586,0.5,0.0,-1.3920000000000001,334.2867,205.60000000000002,99.10000000000001,5.742,0,1.0,-0.17,309.915,-0.9238000000000001,40.59,0.0,250.17600000000002,0.0,0
47039,-0.171,75.586,-0.5,0.0,-1.21,336.334,203.4,96.10000000000001,5.742,0,1.0,-0.18,310.005,-0.5938,40.11,0.0,251.15200000000002,0.0,0
47039,-0.512,75.586,0.0,0.0,-1.029,338.2857,161.70000000000002,92.80000000000001,5.742,0,2.0,-0.195,310.005,0.066,39.69,0.0,252.09,0.0,0
47039,-0.171,75.586,0.0,0.0,-1.21,340.1888,203.20000000000002,87.5,5.742,0,1.0,-0.165,310.005,-1.5341,39.87,0.0,253.008,0.0,0
47039,-0.171,75.586,0.0,0.0,-1.1500000000000001,341.88870000000003,161.70000000000002,79.60000000000001,5.742,0,2.0,-0.17,310.005,2.2929,39.42,0.0,253.828,0.0,0
47039,-0.171,75.586,-0.5,0.0,-0.908,343.4563,121.0,72.7,5.742,0,1.0,-0.185,310.005,-0.066,39.15,0.0,254.59,0.0,0
47039,-0.171,75.586,0.5,0.0,-0.846,344.8564,118.9,64.3,5.742,0,1.0,-0.19,310.14000000000004,1.0145,38.28,0.0,255.27300000000002,0.0,0
47039,-0.171,75.586,-0.5,0.0,-0.544,346.09880000000004,121.0,56.2,5.742,0,1.0,-0.15,310.005,3.8270000000000004,37.74,0.0,255.87900000000002,0.0,0
47039,-0.171,75.586,0.0,0.0,-0.846,347.1402,121.0,47.300000000000004,5.742,0,1.0,-0.195,310.005,-0.2639,37.56,0.0,256.387,0.0,0
47039,-0.341,75.586,0.0,0.0,-1.21,347.9783,79.2,38.6,5.742,0,1.0,-0.18,309.915,-3.7857000000000003,38.550000000000004,0.0,256.797,0.0,0
47039,0.0,75.586,0.5,0.0,-1.089,348.6906,79.2,30.0,5.742,0,1.0,-0.20500000000000002,310.14000000000004,0.5938,39.45,0.0,257.148,0.0,0
47039,-0.341,75.586,0.0,0.0,-0.908,349.206,38.5,22.6,5.742,0,1.0,-0.135,310.005,1.6496000000000002,40.17,0.0,257.402,0.0,0
47039,-0.171,75.586,-0.5,0.0,-1.089,349.60380000000004,40.6,15.700000000000001,5.742,0,1.0,-0.135,310.005,3.0352,40.800000000000004,0.0,257.598,0.0,0
47039,-0.341,75.586,0.0,0.0,-1.21,349.8412,40.6,9.6,5.742,0,1.0,-0.21,309.915,-3.9177000000000004,40.35,0.0,257.71500000000003,0.0,0
47039,-0.171,75.586,0.0,0.0,-1.21,349.9995,40.6,6.300000000000001,5.742,0,2.0,-0.195,309.915,-2.2269,39.81,0.0,257.793,0.0,0
47039,-0.171,75.586,0.0,0.0,-1.029,350.0786,0.0,2.5,5.742,0,3.0,-0.17500000000000002,309.915,1.798,39.36,0.0,257.832,0.0,0
47039,0.0,75.586,0.0,0.0,-1.029,350.0786,0.0,2.3000000000000003,5.742,0,2.0,-0.17,309.915,1.6496000000000002,39.36,0.0,257.832,0.0,0
47039,-0.171,75.586,0.0,0.0,-1.5130000000000001,350.11920000000003,0.0,-0.2,5.742,0,1.0,-0.185,310.005,-0.132,39.24,0.0,257.85200000000003,0.0,0
47039,0.0,75.586,0.5,0.0,-1.5130000000000001,350.0786,0.0,-0.5,5.742,0,1.0,-0.21,310.005,3.1012,39.660000000000004,0.0,257.832,0.0,0
47039,-0.341,75.586,0.0,0.0,-1.5130000000000001,350.0786,0.0,-0.2,5.742,0,1.0,-0.165,310.005,1.4516,38.37,0.0,257.832,0.0,0
47039,-0.341,75.586,0.0,0.0,-1.5130000000000001,350.0786,0.0,-0.2,5.742,0,2.0,-0.185,310.14000000000004,1.4846000000000001,37.71,0.0,257.832,0.0,0
47039,-0.171,75.586,0.0,0.0,-1.5130000000000001,350.0786,0.0,-0.2,5.742,0,1.0,-0.11,310.005,1.5836000000000001,37.35,0.0,257.832,0.0,0
47039,-0.171,75.586,0.0,0.0,-1.5130000000000001,350.0786,0.0,0.0,5.742,0,1.0,-0.16,310.005,-3.4311000000000003,38.85,0.0,257.832,0.0,0
47039,-0.171,75.586,0.0,0.0,-1.5130000000000001,350.0786,0.0,0.0,5.742,0,1.0,0.33,310.14000000000004,-1.0557,40.26,0.0,257.832,0.0,0
47039,-0.171,75.586,0.0,0.0,-1.5130000000000001,350.0786,0.0,0.2,5.752000000000001,0,0.0,0.85,310.005,4.7507,40.47,0.0,257.832,0.0,0
47039,-0.171,75.586,0.0,0.0,-1.5130000000000001,350.0786,0.0,0.0,5.767,0,1.0,0.725,309.915,-1.3196,39.6,0.0,257.832,0.0,0
47039,-0.171,75.586,0.0,0.0,-1.5130000000000001,350.0786,0.0,0.0,5.791,0,1.0,0.8150000000000001,310.14000000000004,-2.1114,39.57,0.0,257.832,0.0,0
47039,-0.341,75.586,-0.5,0.0,-1.5130000000000001,350.0786,0.0,0.0,5.806,0,2.0,1.04,309.915,0.132,39.21,0.0,257.832,0.0,0
47039,-0.171,75.586,0.0,0.0,-1.5130000000000001,350.0786,0.0,0.0,5.825,0,1.0,1.22,310.005,-0.3299,39.54,0.0,257.832,0.0,0
47039,0.0,75.586,0.0,0.0,-1.5130000000000001,350.0786,0.0,0.0,5.845000000000001,0,1.0,1.35,310.005,-2.6393,39.03,0.0,257.832,0.0,0
47039,-0.341,75.586,-0.5,0.0,-1.5130000000000001,350.0786,0.0,0.0,5.864,0,1.0,1.48,309.915,-1.3196,39.0,0.0,257.832,0.0,0
47039,-0.171,75.586,0.0,0.0,-1.5130000000000001,350.0786,0.0,0.0,5.884,0,2.0,1.59,310.005,1.1877,38.04,0.0,257.832,0.0,0
47039,-0.171,75.586,0.0,0.0,-1.5130000000000001,350.0786,0.0,0.0,5.9030000000000005,0,0.0,1.73,310.005,0.5279,37.83,0.0,257.832,0.0,0
47039,-0.341,75.586,0.0,0.0,-1.5130000000000001,350.0786,0.0,0.2,5.923,0,1.0,1.68,310.005,-0.132,37.5,0.0,257.832,0.0,0
47039,0.0,75.586,0.0,0.0,-1.5130000000000001,350.0786,0.0,0.0,5.947,0,1.0,1.635,309.915,0.5938,38.01,0.0,257.832,0.0,0
47039,-0.341,75.586,0.0,0.0,-1.5130000000000001,350.0786,0.0,0.0,5.9670000000000005,0,2.0,1.6500000000000001,309.915,-3.0352,39.480000000000004,0.0,257.832,0.0,0
47039,-0.341,75.586,0.0,0.0,-1.5130000000000001,350.0786,0.0,-0.2,5.986000000000001,0,2.0,1.54,310.005,-1.0557,40.65,0.0,257.832,0.0,0
47039,-0.171,75.586,0.0,0.0,-1.5130000000000001,350.0786,0.0,0.0,6.006,0,1.0,1.435,310.14000000000004,4.7507,40.5,0.0,257.832,0.0,0
47039,0.0,75.586,-0.5,0.0,-1.5130000000000001,350.0786,0.0,0.0,6.025,0,3.0,1.28,310.005,0.7258,39.63,0.0,257.832,0.0,0
47039,-0.341,75.586,0.0,0.0,-1.5130000000000001,350.0786,0.0,0.0,6.050000000000001,0,1.0,1.1500000000000001,310.005,2.3754,38.85,0.0,257.832,0.0,0
47039,-0.171,75.586,0.0,0.0,-1.5130000000000001,350.0786,0.0,0.0,6.069,0,2.0,1.17,309.915,-0.8908,38.910000000000004,0.0,257.832,0.0,0
47039,-0.341,75.586,0.0,0.0,-1.5130000000000001,350.0786,0.0,0.0,6.089,0,2.0,1.11,310.14000000000004,-1.3196,38.49,0.0,257.832,0.0,0
47039,0.0,75.586,0.0,0.0,-1.5130000000000001,350.0786,0.0,0.0,6.1080000000000005,0,1.0,1.1300000000000001,310.005,1.3196,37.47,0.0,257.832,0.0,0
47039,-0.171,75.586,0.0,0.0,-1.5130000000000001,350.0786,0.0,0.0,6.128,0,0.0,1.155,310.14000000000004,4.7507,37.17,0.0,257.832,0.0,0
47039,-0.853,75.586,0.0,0.0,-1.5130000000000001,350.0786,0.0,0.0,6.147,0,1.0,1.2750000000000001,310.14000000000004,2.3754,37.11,0.0,257.832,0.0,0
47039,0.0,75.586,0.0,0.0,-1.5130000000000001,350.0786,0.0,0.0,6.167000000000001,0,0.0,1.27,310.14000000000004,1.0557,38.49,0.0,257.832,0.0,0
47039,-0.171,75.586,0.0,0.0,-1.5130000000000001,350.0786,0.0,0.0,6.187,0,1.0,1.37,310.005,-1.4846000000000001,38.79,0.0,257.832,0.0,0
47039,-0.171,75.586,0.0,0.0,-1.5130000000000001,350.0786,0.0,0.0,6.206,0,1.0,1.5350000000000001,309.915,-4.0909,39.660000000000004,0.0,257.832,0.0,0
47039,0.0,75.586,0.5,0.0,-1.5130000000000001,350.0786,0.0,0.0,6.226,0,1.0,1.6500000000000001,310.005,-3.596,40.29,0.0,257.832,0.0,0
47039,-0.171,75.586,0.0,0.0,-1.5130000000000001,350.0786,0.0,0.0,6.245,0,1.0,1.8,310.005,0.7918000000000001,40.35,0.0,257.832,0.0,0
47039,0.0,75.586,-0.5,0.0,-1.5130000000000001,350.0786,0.0,0.0,6.25,0,2.0,1.82,310.005,0.9238000000000001,40.44,0.0,257.832,0.0,0
47039,0.0,75.586,0.0,0.0,-1.5130000000000001,350.0786,0.0,0.0,6.2700000000000005,0,2.0,1.975,309.915,-0.9238000000000001,40.32,0.0,257.832,0.0,0
47039,-0.171,75.586,0.0,0.0,-1.5130000000000001,350.0786,0.0,0.0,6.289000000000001,0,1.0,1.965,309.915,-1.1712,38.94,0.0,257.832,0.0,0
47039,-0.171,75.586,0.0,0.0,-1.5130000000000001,350.0786,0.0,0.0,6.309,0,1.0,2.1,310.005,-0.2639,37.050000000000004,0.0,257.832,0.0,0
47039,-0.171,75.586,0.0,0.0,-1.5130000000000001,350.0786,0.0,0.0,6.328,0,1.0,2.12,310.005,0.6433,37.050000000000004,0.0,257.832,0.0,0
47039,-0.171,75.586,0.0,0.0,-1.5130000000000001,350.0786,0.0,0.0,6.348,0,1.0,2.095,310.005,1.8475000000000001,37.14,0.0,257.832,0.0,0
47039,0.0,75.586,0.0,0.0,-1.5130000000000001,350.0786,0.0,0.0,6.367,0,2.0,2.075,310.005,1.4516,37.56,0.0,257.832,0.0,0
47039,-0.171,75.586,0.0,0.0,-1.5130000000000001,350.0786,0.0,0.0,6.3870000000000005,0,1.0,2.0,309.915,-1.4351,37.800000000000004,0.0,257.832,0.0,0
47039,-0.171,75.586,0.0,0.0,-1.5130000000000001,350.0786,0.0,0.0,6.4110000000000005,0,1.0,1.8,310.005,-0.6598,38.34,0.0,257.832,0.0,0
47039,0.0,75.586,0.0,0.0,-1.5130000000000001,350.0786,0.0,0.0,6.431,0,1.0,1.735,310.005,0.6598,38.43,0.0,257.832,0.0,0
47039,-0.171,75.586,0.0,0.0,-1.5130000000000001,350.0786,0.0,0.0,6.45,0,1.0,1.56,310.005,1.4351,38.43,0.0,257.832,0.0,0
47039,-0.171,75.586,0.0,0.0,-1.5130000000000001,350.0786,0.0,0.0,6.470000000000001,0,1.0,1.425,309.915,0.7423000000000001,38.28,0.0,257.832,0.0,0
47039,-0.171,75.586,0.0,0.0,-1.5130000000000001,350.0786,0.0,0.0,6.494000000000001,0,2.0,1.445,309.915,0.41240000000000004,38.37,0.0,257.832,0.0,0
47039,0.341,75.586,0.0,0.0,-1.5130000000000001,350.0786,0.0,0.0,6.494000000000001,0,2.0,1.4000000000000001,309.915,-0.19790000000000002,38.43,0.0,257.832,0.0,0
47039,-0.171,75.586,0.0,0.0,-1.5130000000000001,350.0786,0.0,0.0,6.514,0,0.0,1.24,310.005,0.6598,39.69,0.0,257.832,0.0,0
47039,0.0,75.586,0.0,0.0,-1.5130000000000001,350.0786,0.0,0.0,6.533,0,1.0,1.32,310.005,0.46190000000000003,39.480000000000004,0.0,257.832,0.0,0
47039,0.0,75.586,0.0,0.0,-1.5130000000000001,350.0786,0.0,0.0,6.558000000000001,0,1.0,1.16,310.005,-1.1877,38.31,0.0,257.832,0.0,0
47039,-0.341,75.586,-0.5,0.0,-1.5130000000000001,350.0786,0.0,0.0,6.577,0,1.0,1.225,310.14000000000004,2.0125,37.56,0.0,257.832,0.0,0
47039,-0.171,75.586,0.0,0.0,-1.5130000000000001,350.0786,0.0,0.0,6.597,0,1.0,1.345,310.005,1.4516,36.93,0.0,257.832,0.0,0
47039,-0.171,75.586,0.0,0.0,-1.5130000000000001,350.0786,0.0,0.0,6.6160000000000005,0,1.0,1.375,310.005,0.7918000000000001,36.15,0.0,257.832,0.0,0
47039,-0.171,75.586,-0.5,0.0,-1.5130000000000001,350.0786,0.0,0.0,6.636,0,1.0,1.53,310.14000000000004,0.0,36.69,0.0,257.832,0.0,0
47039,-0.171,75.586,0.0,0.0,-1.5130000000000001,350.0786,0.0,0.0,6.655,0,0.0,1.58,310.005,-0.2639,37.62,0.0,257.832,0.0,0
47039,-0.171,75.586,0.0,0.0,-1.5130000000000001,350.0786,0.0,0.0,6.675000000000001,0,2.0,1.675,310.14000000000004,5.1466,38.64,0.0,257.832,0.0,0
47039,-0.171,75.586,0.0,0.0,-1.5130000000000001,350.0786,0.0,0.0,6.694,0,0.0,1.8900000000000001,310.23,3.3651,38.64,0.0,257.832,0.0,0
47039,-0.171,75.586,0.0,0.0,-1.5130000000000001,350.0786,0.0,0.0,6.714,0,2.0,1.99,310.005,-1.1877,38.46,0.0,257.832,0.0,0
47039,0.171,75.586,0.0,0.0,-1.5130000000000001,350.0786,0.0,0.0,6.7330000000000005,0,2.0,2.08,309.915,-3.794,38.43,0.0,257.832,0.0,0
47039,-0.171,75.586,0.0,0.0,-1.5130000000000001,350.0786,0.0,0.0,6.753,0,1.0,2.16,309.915,-5.2786,38.4,0.0,257.832,0.0,0
47039,-0.171,75.586,0.0,0.0,-1.5130000000000001,350.0786,0.0,0.0,6.772,0,2.0,2.18,310.005,2.3754,38.19,0.0,257.832,0.0,0
47039,-0.171,75.586,0.5,0.0,-1.5130000000000001,350.0786,0.0,0.0,6.792000000000001,0,2.0,2.095,310.005,-0.2639,38.31,0.0,257.832,0.0,0
47039,-0.171,75.586,0.0,0.0,-1.5130000000000001,350.0786,0.0,0.0,6.812,0,1.0,2.1,309.915,-2.6393,37.38,0.0,257.832,0.0,0
47039,-0.341,75.586,0.0,0.0,-1.5130000000000001,350.0786,0.0,0.0,6.831,0,1.0,1.97,309.915,0.9238000000000001,36.27,0.0,257.832,0.0,0
47039,0.0,75.586,0.0,0.0,-1.5130000000000001,350.0786,0.0,0.0,6.855,0,1.0,1.885,310.005,0.0,35.61,0.0,257.832,0.0,0
47039,-0.171,75.586,0.0,0.0,-1.5130000000000001,350.0786,0.0,0.0,6.875,0,1.0,1.8,309.915,-2.7713,35.85,0.0,257.832,0.0,0
47039,0.0,75.586,0.0,0.0,-1.5130000000000001,350.0786,0.0,0.0,6.8950000000000005,0,1.0,1.72,309.915,0.5279,36.99,0.0,257.832,0.0,0
47039,0.0,75.586,0.0,0.0,-1.5130000000000001,350.0786,0.0,0.0,6.914000000000001,0,1.0,1.68,310.005,1.3196,38.46,0.0,257.832,0.0,0
47039,0.0,75.586,0.0,0.0,-1.5130000000000001,350.0786,0.0,0.0,6.938000000000001,0,0.0,1.605,310.14000000000004,3.0022,39.81,0.0,257.832,0.0,0
47039,-0.171,75.586,0.0,0.0,-1.5130000000000001,350.0786,0.0,0.0,6.958,0,1.0,1.53,310.14000000000004,4.486800000000001,39.42,0.0,257.832,0.0,0
47039,-0.171,75.586,0.0,0.0,-1.5130000000000001,350.0786,0.0,0.0,6.978000000000001,0,2.0,1.655,309.915,-0.9897,38.94,0.0,257.832,0.0,0
47039,-0.171,75.586,0.0,0.0,-1.5130000000000001,350.0786,0.0,0.0,6.997000000000001,0,1.0,1.675,309.915,-5.2786,38.160000000000004,0.0,257.832,0.0,0
47039,-0.171,75.586,0.0,0.0,-1.5130000000000001,350.0786,0.0,0.0,7.017,0,1.0,1.78,310.005,-1.4846000000000001,38.07,0.0,257.832,0.0,0
47039,0.0,75.586,0.0,0.0,-1.5130000000000001,350.0786,0.0,0.0,7.0360000000000005,0,1.0,1.885,310.005,2.6393,38.67,0.0,257.832,0.0,0
47039,-0.341,75.586,0.0,0.0,-1.5130000000000001,350.0786,0.0,0.0,7.0360000000000005,0,2.0,1.895,310.005,2.3589,38.79,0.0,257.832,0.0,0
47039,0.0,75.586,0.0,0.0,-1.5130000000000001,350.0786,0.0,0.0,7.056,0,1.0,1.995,310.005,0.5114000000000001,38.85,0.0,257.832,0.0,0
47039,0.0,75.586,0.5,0.0,-1.5130000000000001,350.0786,0.0,0.0,7.075,0,1.0,2.11,310.005,0.0,38.04,0.0,257.832,0.0,0
47039,-0.171,75.586,0.0,0.0,-1.5130000000000001,350.0786,0.0,0.0,7.095000000000001,0,1.0,2.245,310.005,2.1774,37.14,0.0,257.832,0.0,0
47039,0.0,75.586,0.0,0.0,-1.5130000000000001,350.0786,0.0,0.0,7.114000000000001,0,0.0,2.395,310.005,-1.5176,36.42,0.0,257.832,0.0,0
47039,0.0,75.586,0.0,0.0,-1.5130000000000001,350.0786,0.0,0.0,7.134,0,1.0,2.5100000000000002,310.14000000000004,-0.0247,36.96,0.0,257.832,0.0,0
47039,-0.171,75.586,0.5,0.0,-1.5130000000000001,350.0786,0.0,0.0,7.1530000000000005,0,0.0,2.475,309.915,-0.3134,38.4,0.0,257.832,0.0,0
47039,-0.512,75.586,0.0,0.0,-1.5130000000000001,350.0786,0.0,0.0,7.178,0,0.0,2.4,309.915,-1.0557,39.33,0.0,257.832,0.0,0
47039,-0.171,75.586,0.0,0.0,-1.5130000000000001,350.0786,0.0,0.0,7.197,0,0.0,2.345,310.14000000000004,-2.2434000000000003,40.02,0.0,257.832,0.0,0
47039,-0.171,75.586,0.0,0.0,-1.5130000000000001,350.0786,0.0,0.0,7.2170000000000005,0,1.0,2.37,309.915,0.6598,39.54,0.0,257.832,0.0,0
47039,-0.171,75.586,0.0,0.0,-1.5130000000000001,350.0786,0.0,0.0,7.236000000000001,0,2.0,2.275,310.005,-0.6103000000000001,38.43,0.0,257.832,0.0,0
47039,0.0,75.586,0.0,0.0,-1.5130000000000001,350.0786,0.0,0.0,7.256,0,1.0,2.145,310.14000000000004,0.3547,37.83,0.0,257.832,0.0,0
47039,-0.341,75.586,0.0,0.0,-1.5130000000000001,350.0786,0.0,0.0,7.275,0,1.0,2.105,309.915,4.2229,37.44,0.0,257.832,0.0,0
47039,-0.171,75.586,0.0,0.0,-1.5130000000000001,350.0786,0.0,0.0,7.300000000000001,0,1.0,2.09,310.005,-2.1279,37.92,0.0,257.832,0.0,0
47039,-0.171,75.586,0.0,0.0,-1.5130000000000001,350.0786,0.0,0.0,7.319,0,4.0,2.065,309.915,0.23920000000000002,37.89,0.0,257.832,0.0,0
47039,-0.171,75.586,0.0,0.0,-1.5130000000000001,350.0786,0.0,0.0,7.339,0,1.0,1.965,310.14000000000004,3.9589000000000003,37.65,0.0,257.832,0.0,0
47039,0.0,75.586,0.0,0.0,-1.5130000000000001,350.0786,0.0,0.0,7.3580000000000005,0,2.0,1.915,310.005,4.3548,37.56,0.0,257.832,0.0,0
47039,0.171,75.586,-0.5,0.0,-1.5130000000000001,350.0786,0.0,0.0,7.378,0,1.0,2.005,310.005,0.3547,37.26,0.0,257.832,0.0,0
47039,-0.171,75.586,0.5,0.0,-1.5130000000000001,350.0786,0.0,0.0,7.397,0,2.0,2.05,310.14000000000004,-4.9487000000000005,38.07,0.0,257.832,0.0,0
47039,-0.171,75.586,0.0,0.0,-1.5130000000000001,350.0786,0.0,0.0,7.422000000000001,0,2.0,2.055,310.005,0.6186,38.85,0.0,257.832,0.0,0
47039,0.171,75.586,0.0,0.0,-1.5130000000000001,350.0786,0.0,0.0,7.441000000000001,0,2.0,2.15,310.005,-2.3094,39.21,0.0,257.832,0.0,0
47039,-0.171,75.586,0.0,0.0,-1.5130000000000001,350.0786,0.0,0.0,7.461,0,2.0,2.235,310.005,-4.4208,39.42,0.0,257.832,0.0,0
47039,0.0,75.586,0.0,0.0,-1.5130000000000001,350.0786,0.0,0.0,7.48,0,1.0,2.2600000000000002,310.005,0.7918000000000001,39.12,0.0,257.832,0.0,0
47039,-0.171,75.586,0.0,0.0,-1.5130000000000001,350.0786,0.0,0.0,7.5,0,1.0,2.515,310.005,3.8765,38.52,0.0,257.832,0.0,0
47039,0.0,75.586,-0.5,0.0,-1.5130000000000001,350.0786,0.0,0.0,7.5200000000000005,0,2.0,2.57,310.005,0.19790000000000002,37.95,0.0,257.832,0.0,0
47039,0.0,75.586,0.0,0.0,-1.5130000000000001,350.0786,0.0,0.0,7.5200000000000005,0,1.0,2.545,310.005,0.0,37.95,0.0,257.832,0.0,0
47039,-0.171,75.586,0.0,0.0,-1.5130000000000001,350.0786,0.0,0.0,7.539000000000001,0,1.0,2.71,310.005,-1.9795,38.01,0.0,257.832,0.0,0
47039,-0.171,75.586,0.0,0.0,-1.5130000000000001,350.0786,0.0,0.0,7.559,0,1.0,2.77,310.005,0.0,37.86,0.0,257.832,0.0,0
47039,0.0,75.586,0.0,0.0,-1.5130000000000001,350.0786,0.0,0.0,7.578,0,2.0,2.8850000000000002,310.14000000000004,2.7713,37.71,0.0,257.832,0.0,0
47039,0.0,75.586,0.0,0.0,-1.5130000000000001,350.0786,0.0,0.0,7.598000000000001,0,1.0,2.835,310.005,-0.2639,37.980000000000004,0.0,257.832,0.0,0
47039,-0.171,75.586,0.0,0.0,-1.5130000000000001,350.0786,0.0,0.0,7.617,0,2.0,2.7800000000000002,310.005,-2.2434000000000003,37.68,0.0,257.832,0.0,0
47039,0.0,75.586,0.0,0.0,-1.5130000000000001,350.0786,0.0,0.0,7.642,0,3.0,2.63,310.005,2.4743,38.31,0.0,257.832,0.0,0
47039,-0.171,75.586,0.0,0.0,-1.5130000000000001,350.0786,0.0,0.0,7.6610000000000005,0,2.0,2.68,309.915,-0.132,39.54,0.0,257.832,0.0,0
47039,0.0,75.586,-0.5,0.0,-1.5130000000000001,350.0786,0.0,0.0,7.681,0,2.0,2.65,310.14000000000004,0.9567,39.72,0.0,257.832,0.0,0
47039,-0.171,75.586,0.0,0.0,-1.5130000000000001,350.0786,0.0,0.0,7.7,0,2.0,2.54,309.915,-0.2639,40.38,0.0,257.832,0.0,0
47039,-0.171,75.586,0.0,0.0,-1.5130000000000001,350.0786,0.0,0.0,7.720000000000001,0,2.0,2.43,310.005,-2.7053000000000003,39.51,0.0,257.832,0.0,0
47039,-0.341,75.586,0.0,0.0,-1.5130000000000001,350.0786,0.0,0.0,7.744000000000001,0,1.0,2.215,310.005,-3.2991,39.33,0.0,257.832,0.0,0
47039,0.0,75.586,0.0,0.0,-1.5130000000000001,350.0786,0.0,0.0,7.764,0,2.0,2.125,310.005,0.9897,39.03,0.0,257.832,0.0,0
47039,-0.341,75.586,0.0,0.0,-1.5130000000000001,350.0786,0.0,0.0,7.783,0,2.0,2.1550000000000002,310.005,0.6598,38.43,0.0,257.832,0.0,0
47039,-0.171,75.586,-0.5,0.0,-1.5130000000000001,350.0786,0.0,0.0,7.803,0,2.0,2.105,310.005,0.2639,38.25,0.0,257.832,0.0,0
47039,-0.171,75.586,0.0,0.0,-1.5130000000000001,350.0786,0.0,0.0,7.822,0,2.0,2.23,310.005,-0.39590000000000003,38.04,0.0,257.832,0.0,0
47039,0.0,75.586,0.0,0.0,-1.5130000000000001,350.0786,0.0,0.0,7.8420000000000005,0,1.0,2.245,310.14000000000004,-2.4743,37.95,0.0,257.832,0.0,0
47039,-0.171,75.586,0.0,0.0,-1.5130000000000001,350.0786,0.0,0.0,7.861000000000001,0,1.0,2.34,310.005,0.9238000000000001,38.19,0.0,257.832,0.0,0
47039,0.0,75.586,0.0,0.0,-1.5130000000000001,350.0786,0.0,0.0,7.881,0,1.0,2.495,310.005,-1.3196,39.33,0.0,257.832,0.0,0
47039,-0.171,75.586,0.0,0.0,-1.5130000000000001,350.0786,0.0,0.0,7.9,0,1.0,2.6,310.005,-3.0352,40.02,0.0,257.832,0.0,0
47039,-0.171,75.586,0.5,0.0,-1.5130000000000001,350.0786,0.0,0.0,7.920000000000001,0,1.0,2.705,310.005,3.4311000000000003,40.5,0.0,257.832,0.0,0
47039,-0.171,75.586,0.5,0.0,-1.5130000000000001,350.0786,0.0,0.0,7.939,0,2.0,2.915,310.005,-0.9238000000000001,40.410000000000004,0.0,257.832,0.0,0
47039,0.0,75.586,0.0,0.0,-1.5130000000000001,350.0786,0.0,0.0,7.944,0,0.0,2.995,310.005,-0.9897,40.53,0.0,257.832,0.0,0
47039,-0.171,75.586,0.0,0.0,-1.5130000000000001,350.0786,0.0,0.0,7.964,0,0.0,3.045,310.005,-1.6496000000000002,40.71,0.0,257.832,0.0,0
47039,0.0,75.586,0.0,0.0,-1.5130000000000001,350.0786,0.0,0.0,7.9830000000000005,0,2.0,3.15,310.14000000000004,-0.6846,39.9,0.0,257.832,0.0,0
47039,-0.171,75.586,0.0,0.0,-1.5130000000000001,350.0786,0.0,0.0,8.003,0,3.0,3.1950000000000003,310.005,1.1217000000000001,38.7,0.0,257.832,0.0,0
47039,-0.171,75.586,0.0,0.0,-1.5130000000000001,350.0786,0.0,0.0,8.022,0,2.0,3.125,310.005,3.563,37.5,0.0,257.832,0.0,0
47039,0.0,75.586,0.5,0.0,-1.5130000000000001,350.0786,0.0,0.0,8.042,0,1.0,2.965,309.915,-1.5176,36.99,0.0,257.832,0.0,0
47039,0.0,75.586,0.0,0.0,-1.5130000000000001,350.0786,0.0,0.0,8.062000000000001,0,1.0,2.935,310.005,-2.6393,38.07,0.0,257.832,0.0,0
47039,0.0,75.586,0.0,0.0,-1.5130000000000001,350.0786,0.0,0.0,8.086,0,1.0,2.6750000000000003,309.915,-2.5568,38.76,0.0,257.832,0.0,0
47039,-0.171,75.586,0.0,0.0,-1.5130000000000001,350.0786,0.0,0.0,8.105,0,2.0,2.645,309.915,0.2639,38.94,0.0,257.832,0.0,0
47039,0.0,75.586,0.0,0.0,-1.5130000000000001,350.0786,0.0,0.0,8.125,0,0.0,2.54,310.14000000000004,1.8887,40.29,0.0,257.832,0.0,0
47039,0.0,75.586,0.5,0.0,-1.5130000000000001,350.0786,0.0,0.0,8.145,0,1.0,2.4,309.915,0.5938,40.800000000000004,0.0,257.832,0.0,0
47039,0.0,75.586,0.5,0.0,-1.5130000000000001,350.0786,0.0,0.0,8.169,0,2.0,2.265,310.005,-2.0455,40.29,0.0,257.832,0.0,0
47039,-0.171,75.586,0.0,0.0,-1.5130000000000001,350.0786,0.0,0.0,8.188,0,1.0,2.24,310.005,-2.1527000000000003,39.45,0.0,257.832,0.0,0
47039,-0.171,75.586,0.0,0.0,-1.5130000000000001,350.0786,0.0,0.0,8.208,0,1.0,2.24,309.915,4.2889,39.33,0.0,257.832,0.0,0
47039,0.171,75.586,0.0,0.0,-1.5130000000000001,350.0786,0.0,0.0,8.228,0,1.0,2.18,310.005,2.3754,38.730000000000004,0.0,257.832,0.0,0
47039,-0.171,75.586,0.0,0.0,-1.5130000000000001,350.0786,0.0,0.0,8.247,0,1.0,2.35,309.915,-1.8310000000000002,38.64,0.0,257.832,0.0,0
47039,-0.171,75.586,0.5,0.0,-1.5130000000000001,350.0786,0.0,0.0,8.267000000000001,0,1.0,2.47,310.005,-0.8743000000000001,38.4,0.0,257.832,0.0,0
47039,-0.171,75.586,0.0,0.0,-1.5130000000000001,350.0786,0.0,0.0,8.286,0,2.0,2.5,310.14000000000004,1.6496000000000002,37.980000000000004,0.0,257.832,0.0,0
47039,-0.171,75.586,0.0,0.0,-1.5130000000000001,350.0786,0.0,0.0,8.306000000000001,0,1.0,2.66,310.005,4.7342,37.65,0.0,257.832,0.0,0
47039,-0.682,75.586,0.0,0.0,-1.5130000000000001,350.0786,0.0,0.0,8.325000000000001,0,0.0,2.725,310.005,0.2474,37.74,0.0,257.832,0.0,0
47039,-0.171,75.586,-0.5,0.0,-1.5130000000000001,350.0786,0.0,0.0,8.345,0,1.0,2.815,309.825,-6.0126,38.82,0.0,257.832,0.0,0
47039,0.0,75.586,0.0,0.0,-1.5130000000000001,350.0786,0.0,0.0,8.364,0,1.0,2.98,310.005,-2.8785000000000003,40.08,0.0,257.832,0.0,0
47039,-0.341,75.586,0.0,0.0,-1.5130000000000001,350.0786,0.0,0.0,8.384,0,1.0,2.985,309.915,2.6558,40.89,0.0,257.832,0.0,0
47039,-0.171,75.586,0.0,0.0,-1.5130000000000001,350.0786,0.0,0.0,8.403,0,2.0,3.055,310.005,1.5671000000000002,40.56,0.0,257.832,0.0,0
47039,0.0,75.586,0.0,0.0,-1.5130000000000001,350.0786,0.0,0.0,8.428,0,1.0,3.0300000000000002,309.915,-0.2474,40.29,0.0,257.832,0.0,0
47039,-0.171,75.586,0.0,0.0,-1.5130000000000001,350.0786,0.0,0.0,8.447000000000001,0,1.0,3.15,310.005,4.1569,40.68,0.0,257.832,0.0,0
47039,0.0,75.586,0.0,0.0,-1.5130000000000001,350.0786,0.0,0.0,8.467,0,2.0,3.06,310.005,-1.1217000000000001,40.02,0.0,257.832,0.0,0
47039,0.171,75.586,0.0,0.0,-1.5130000000000001,350.0786,0.0,0.0,8.486,0,1.0,2.97,310.005,-0.46190000000000003,38.76,0.0,257.832,0.0,0
47039,0.0,75.586,0.0,0.0,-1.5130000000000001,350.0786,0.0,0.0,8.506,0,3.0,2.88,310.005,-0.7918000000000001,37.800000000000004,0.0,257.832,0.0,0
47039,-0.171,75.586,0.0,0.0,-1.5130000000000001,350.0786,0.0,0.0,8.525,0,3.0,2.815,310.005,0.1155,37.11,0.0,257.832,0.0,0
47039,0.341,75.586,0.0,0.0,-1.5130000000000001,350.0786,0.0,0.0,8.545,0,1.0,2.79,310.005,0.9238000000000001,36.84,0.0,257.832,0.0,0
47039,0.0,75.586,0.0,0.0,-1.5130000000000001,350.0786,0.0,0.0,8.569,0,1.0,2.645,310.005,0.5114000000000001,37.71,0.0,257.832,0.0,0
47039,-0.171,75.586,0.0,0.0,-1.5130000000000001,350.0786,0.0,0.0,8.589,0,2.0,2.59,310.005,-1.1877,39.57,0.0,257.832,0.0,0
47039,0.0,75.586,0.0,0.0,-1.5130000000000001,350.0786,0.0,0.0,8.608,0,2.0,2.605,310.005,2.3094,41.22,0.0,257.832,0.0,0
47039,0.171,75.586,0.0,0.0,-1.5130000000000001,350.0786,0.0,0.0,8.608,0,0.0,2.74,310.005,2.2434000000000003,41.43,0.0,257.832,0.0,0
47039,-0.171,75.586,0.0,0.0,-1.5130000000000001,350.0786,0.0,0.0,8.633000000000001,0,1.0,2.61,310.14000000000004,3.0682,41.76,0.0,257.832,0.0,0
47039,0.0,75.586,0.5,0.0,-1.5130000000000001,350.0786,0.0,0.0,8.652000000000001,0,2.0,2.605,310.005,1.1877,40.95,0.0,257.832,0.0,0
47039,0.0,75.586,0.0,0.0,-1.5130000000000001,350.0786,0.0,0.0,8.672,0,3.0,2.72,309.915,-0.19790000000000002,40.26,0.0,257.832,0.0,0
47039,-0.171,75.586,0.0,0.0,-1.5130000000000001,350.0786,0.0,0.0,8.691,0,2.0,2.725,310.005,-5.938400000000001,39.24,0.0,257.832,0.0,0
47039,-0.171,75.586,0.0,0.0,-1.5130000000000001,350.0786,0.0,0.0,8.711,0,3.0,2.755,310.005,-3.4311000000000003,39.21,0.0,257.832,0.0,0
47039,0.0,75.586,0.0,0.0,-1.5130000000000001,350.0786,0.0,0.0,8.73,0,1.0,2.835,310.14000000000004,4.3548,38.160000000000004,0.0,257.832,0.0,0
47039,0.0,75.586,0.0,0.0,-1.5130000000000001,350.0786,0.0,0.0,8.75,0,2.0,2.985,309.915,2.1774,37.29,0.0,257.832,0.0,0
47039,0.171,75.586,0.0,0.0,-1.5130000000000001,350.0786,0.0,0.0,8.77,0,2.0,3.0700000000000003,309.915,-3.1672000000000002,36.93,0.0,257.832,0.0,0
47039,-0.341,75.586,0.0,0.0,-1.5130000000000001,350.0786,0.0,0.0,8.789,0,2.0,3.18,310.005,-3.0682,37.44,0.0,257.832,0.0,0
47039,0.171,75.586,0.0,0.0,-1.5130000000000001,350.0786,0.0,0.0,8.809000000000001,0,1.0,3.3200000000000003,310.14000000000004,3.8270000000000004,38.43,0.0,257.832,0.0,0
47039,0.171,75.586,0.0,0.0,-1.5130000000000001,350.0786,0.0,0.0,8.828000000000001,0,2.0,3.35,310.005,5.2126,40.02,0.0,257.832,0.0,0
47039,-0.171,75.586,0.0,0.0,-1.5130000000000001,350.0786,0.0,0.0,8.848,0,2.0,3.41,310.005,0.5279,40.77,0.0,257.832,0.0,0
47039,-0.171,75.586,0.0,0.0,-1.5130000000000001,350.0786,0.0,0.0,8.867,0,2.0,3.485,310.005,-3.0682,40.050000000000004,0.0,257.832,0.0,0
47039,0.0,75.586,0.0,0.0,-1.5130000000000001,350.0786,0.0,0.0,8.892000000000001,0,2.0,3.345,310.005,-1.3196,39.72,0.0,257.832,0.0,0
47039,0.0,75.586,0.0,0.0,-1.5130000000000001,350.0786,0.0,0.0,8.911,0,1.0,3.23,310.005,2.3754,39.09,0.0,257.832,0.0,0
47039,0.0,75.586,0.0,0.0,-1.5130000000000001,350.0786,0.0,0.0,8.931000000000001,0,3.0,3.0,310.005,1.7155,38.7,0.0,257.832,0.0,0
47039,-0.341,75.586,0.0,0.0,-1.5130000000000001,350.0786,0.0,0.0,8.950000000000001,0,2.0,2.86,310.005,-4.2229,38.07,0.0,257.832,0.0,0
47039,0.171,75.586,0.0,0.0,-1.5130000000000001,350.0786,0.0,0.0,8.975,0,1.0,2.705,310.005,-1.3196,37.53,0.0,257.832,0.0,0
47039,-0.171,75.586,0.5,0.0,-1.5130000000000001,350.0786,0.0,0.0,8.975,0,1.0,2.73,310.005,-0.9238000000000001,37.38,0.0,257.832,0.0,0
47039,0.0,75.586,0.0,0.0,-1.5130000000000001,350.0786,0.0,0.0,8.994,0,1.0,2.455,310.005,3.0352,37.32,0.0,257.832,0.0,0
47039,0.0,75.586,-0.5,0.0,-1.5130000000000001,350.0786,0.0,0.0,9.019,0,0.0,2.35,310.005,1.4516,36.81,0.0,257.832,0.0,0
47039,0.0,75.586,-0.5,0.0,-1.5130000000000001,350.0786,0.0,0.0,9.043000000000001,0,1.0,0.335,309.915,0.7423000000000001,36.96,0.0,257.832,0.0,0
47039,-0.171,75.586,0.0,0.0,-1.5130000000000001,350.0786,0.0,0.0,9.067,0,1.0,0.81,310.005,2.1114,37.77,0.0,257.832,0.0,0
47039,-0.171,75.586,0.0,0.0,-1.5130000000000001,350.0786,0.0,0.0,9.087,0,1.0,0.96,310.14000000000004,0.17320000000000002,38.79,0.0,257.832,0.0,0
47039,0.0,75.586,0.0,0.0,-1.5130000000000001,350.0786,0.0,0.0,9.106,0,1.0,1.01,310.005,-0.8083,39.6,0.0,257.832,0.0,0
47039,0.0,75.586,0.0,0.0,-1.5130000000000001,350.0786,0.0,0.0,9.126000000000001,0,2.0,1.145,310.005,-0.9650000000000001,40.47,0.0,257.832,0.0,0
47039,0.0,75.586,0.0,0.0,-1.5130000000000001,350.0786,0.0,0.0,9.146,0,1.0,1.215,310.005,-2.4166000000000003,40.35,0.0,257.832,0.0,0
47039,0.0,75.586,0.0,0.0,-1.5130000000000001,350.0786,0.0,0.0,9.165000000000001,0,2.0,1.3900000000000001,310.14000000000004,1.3444,39.21,0.0,257.832,0.0,0
47039,-0.171,75.586,0.0,0.0,-1.5130000000000001,350.0786,0.0,0.0,9.185,0,2.0,1.54,309.915,4.371300000000001,38.49,0.0,257.832,0.0,0
47039,0.0,75.586,0.0,0.0,-1.5130000000000001,350.0786,0.0,0.0,9.204,0,2.0,1.555,309.915,-1.5671000000000002,38.1,0.0,257.832,0.0,0
47039,0.0,75.586,0.0,0.0,-1.5130000000000001,350.0786,0.0,0.0,9.224,0,1.0,1.635,310.005,-3.8022,38.04,0.0,257.832,0.0,0
47039,0.171,75.586,0.0,0.0,-1.5130000000000001,350.0786,0.0,0.0,9.243,0,3.0,1.595,310.005,1.6083,37.89,0.0,257.832,0.0,0
47039,-0.171,75.586,0.0,0.0,-1.5130000000000001,350.0786,0.0,0.0,9.263,0,2.0,1.635,309.915,3.4971,37.410000000000004,0.0,257.832,0.0,0
47039,0.0,75.586,0.0,0.0,-1.5130000000000001,350.0786,0.0,0.0,9.282,0,2.0,1.705,310.005,-0.3299,37.77,0.0,257.832,0.0,0
47039,-0.171,75.586,0.0,0.0,-1.5130000000000001,350.0786,0.0,0.0,9.282,0,2.0,1.725,310.005,-0.39590000000000003,37.800000000000004,0.0,257.832,0.0,0
47039,0.0,75.586,0.0,0.0,-1.5130000000000001,350.0786,0.0,0.0,9.307,0,1.0,1.55,310.005,1.3196,38.01,0.0,257.832,0.0,0
47039,-0.171,75.586,0.0,0.0,-1.5130000000000001,350.0786,0.0,0.0,9.326,0,1.0,1.46,309.915,-0.9238000000000001,38.07,0.0,257.832,0.0,0
47039,0.171,75.586,0.0,0.0,-1.5130000000000001,350.0786,0.0,0.0,9.346,0,1.0,1.375,309.915,-3.1012,38.19,0.0,257.832,0.0,0
47039,0.0,75.586,0.0,0.0,-1.5130000000000001,350.0786,0.0,0.0,9.365,0,1.0,1.08,310.005,3.2991,39.300000000000004,0.0,257.832,0.0,0
47039,-0.171,75.586,0.0,0.0,-1.5130000000000001,350.0786,0.0,0.0,9.39,0,1.0,1.0150000000000001,309.915,-1.0557,40.29,0.0,257.832,0.0,0
47039,0.0,75.586,0.0,0.0,-1.5130000000000001,350.0786,0.0,0.0,9.409,0,2.0,1.055,310.005,-1.1877,40.2,0.0,257.832,0.0,0
47039,-0.171,75.586,0.0,0.0,-1.5130000000000001,350.0786,0.0,0.0,9.429,0,1.0,0.9500000000000001,309.915,0.5938,39.15,0.0,257.832,0.0,0
47039,-0.171,75.586,0.0,0.0,-1.5130000000000001,350.0786,0.0,0.0,9.448,0,2.0,1.0050000000000001,310.14000000000004,3.8270000000000004,38.07,0.0,257.832,0.0,0
47039,-0.171,75.586,0.0,0.0,-1.5130000000000001,350.0786,0.0,0.0,9.468,0,2.0,1.03,310.23,5.3776,37.02,0.0,257.832,0.0,0
47039,0.171,75.586,0.0,0.0,-1.5130000000000001,350.0786,0.0,0.0,9.487,0,2.0,1.08,310.005,2.2434000000000003,36.6,0.0,257.832,0.0,0
47039,0.0,75.586,0.5,0.0,-1.5130000000000001,350.0786,0.0,0.0,9.507,0,1.0,1.095,309.915,-8.280800000000001,37.44,0.0,257.832,0.0,0
47039,-0.171,75.586,0.0,0.0,-1.5130000000000001,350.0786,0.0,0.0,9.526,0,1.0,1.1500000000000001,310.005,-4.8827,38.01,0.0,257.832,0.0,0
47039,0.171,75.586,0.0,0.0,-1.5130000000000001,350.0786,0.0,0.0,9.546000000000001,0,2.0,1.34,310.005,3.6950000000000003,38.61,0.0,257.832,0.0,0
47039,-0.171,75.586,0.5,0.0,-1.5130000000000001,350.0786,0.0,0.0,9.565000000000001,0,2.0,1.545,310.005,3.8270000000000004,39.660000000000004,0.0,257.832,0.0,0
47039,0.171,75.586,0.0,0.0,-1.5130000000000001,350.0786,0.0,0.0,9.585,0,2.0,1.55,309.915,-3.629,39.96,0.0,257.832,0.0,0
47039,0.0,75.586,0.0,0.0,-1.5130000000000001,350.0786,0.0,0.0,9.604000000000001,0,1.0,1.645,309.915,-4.6188,39.69,0.0,257.832,0.0,0
47039,-0.341,75.586,0.0,0.0,-1.5130000000000001,350.0786,0.0,0.0,9.624,0,1.0,1.815,310.005,2.6393,39.84,0.0,257.832,0.0,0
47039,0.0,75.586,0.0,0.0,-1.5130000000000001,350.0786,0.0,0.0,9.644,0,1.0,1.96,310.005,2.6393,39.54,0.0,257.832,0.0,0
47039,0.0,75.586,0.0,0.0,-1.5130000000000001,350.0786,0.0,0.0,9.648,0,2.0,1.96,309.915,1.8475000000000001,39.54,0.0,257.832,0.0,0
47039,0.0,75.586,0.0,0.0,-1.5130000000000001,350.0786,0.0,0.0,9.668000000000001,0,2.0,2.025,309.915,-1.8475000000000001,39.300000000000004,0.0,257.832,0.0,0
47039,0.0,75.586,0.0,0.0,-1.5130000000000001,350.0786,0.0,0.0,9.688,0,2.0,1.84,310.14000000000004,-1.2124000000000001,38.01,0.0,257.832,0.0,0
47039,-0.171,75.586,0.0,0.0,-1.5130000000000001,350.0786,0.0,0.0,9.707,0,1.0,1.855,310.005,3.3651,37.5,0.0,257.832,0.0,0
47039,-0.171,75.586,0.0,0.0,-1.5130000000000001,350.0786,0.0,0.0,9.731,0,2.0,1.77,310.005,1.7650000000000001,36.9,0.0,257.832,0.0,0
47039,-0.171,75.586,0.0,0.0,-1.5130000000000001,350.0786,0.0,0.0,9.751000000000001,0,2.0,1.6400000000000001,309.915,-1.3196,37.17,0.0,257.832,0.0,0
47039,0.171,75.586,0.0,0.0,-1.5130000000000001,350.0786,0.0,0.0,9.771,0,1.0,1.445,310.005,-1.6496000000000002,38.01,0.0,257.832,0.0,0
47039,-0.171,75.586,0.0,0.0,-1.5130000000000001,350.0786,0.0,0.0,9.790000000000001,0,1.0,1.31,309.915,-3.8765,39.12,0.0,257.832,0.0,0
47039,-0.171,75.586,0.0,0.0,-1.5130000000000001,350.0786,0.0,0.0,9.814,0,1.0,1.18,309.915,1.5836000000000001,40.26,0.0,257.832,0.0,0
47039,-0.171,75.586,0.0,0.0,-1.5130000000000001,350.0786,0.0,0.0,9.834,0,0.0,1.0050000000000001,309.915,1.6661000000000001,40.11,0.0,257.832,0.0,0
47039,0.0,75.586,0.5,0.0,-1.5130000000000001,350.0786,0.0,0.0,9.854000000000001,0,1.0,0.89,310.005,-0.34640000000000004,39.27,0.0,257.832,0.0,0
47039,0.0,75.586,0.0,0.0,-1.5130000000000001,350.0786,0.0,0.0,9.873000000000001,0,1.0,0.905,310.005,0.19790000000000002,39.36,0.0,257.832,0.0,0
47039,0.0,75.586,0.0,0.0,-1.5130000000000001,350.0786,0.0,0.0,9.893,0,1.0,0.8200000000000001,310.005,0.6433,39.33,0.0,257.832,0.0,0
47039,0.0,75.586,0.0,0.0,-1.5130000000000001,350.0786,0.0,0.0,9.912,0,1.0,0.835,310.14000000000004,2.2681,39.42,0.0,257.832,0.0,0
47039,0.171,75.586,0.0,0.0,-1.5130000000000001,350.0786,0.0,0.0,9.937000000000001,0,2.0,0.93,310.14000000000004,2.6805000000000003,38.67,0.0,257.832,0.0,0
47039,-0.341,75.586,0.0,0.0,-1.5130000000000001,350.0786,0.0,0.0,9.956000000000001,0,1.0,1.07,310.005,0.9073,37.71,0.0,257.832,0.0,0
47039,0.0,75.586,0.0,0.0,-1.5130000000000001,350.0786,0.0,0.0,9.976,0,2.0,1.205,310.14000000000004,-3.1672000000000002,37.29,0.0,257.832,0.0,0
47039,-0.171,75.586,0.0,0.0,-1.5130000000000001,350.0786,0.0,0.0,9.995000000000001,0,2.0,1.365,309.915,-3.9424,37.53,0.0,257.832,0.0,0
47039,-0.171,75.586,0.0,0.0,-1.5130000000000001,350.0786,0.0,0.0,10.015,0,3.0,1.47,309.915,-2.1609000000000003,38.910000000000004,0.0,257.832,0.0,0
47039,0.0,75.586,0.0,0.0,-1.5130000000000001,350.0786,0.0,0.0,10.034,0,2.0,1.6300000000000001,310.14000000000004,0.1072,40.02,0.0,257.832,0.0,0
47039,0.0,75.586,0.0,0.0,-1.5130000000000001,350.0786,0.0,0.0,10.054,0,1.0,1.695,310.005,2.029,40.89,0.0,257.832,0.0,0
47039,-0.171,75.586,0.0,0.0,-1.5130000000000001,350.0786,0.0,0.0,10.073,0,2.0,1.655,310.005,-0.6103000000000001,41.04,0.0,257.832,0.0,0
47039,0.171,75.586,0.0,0.0,-1.5130000000000001,350.0786,0.0,0.0,10.073,0,0.0,1.68,310.005,-0.9238000000000001,41.01,0.0,257.832,0.0,0
47039,0.171,75.586,0.0,0.0,-1.5130000000000001,350.0786,0.0,0.0,10.093,0,1.0,1.75,310.005,-1.4846000000000001,39.75,0.0,257.832,0.0,0
47039,0.0,75.586,0.0,0.0,-1.5130000000000001,350.0786,0.0,0.0,10.112,0,2.0,1.74,309.915,-0.2639,39.51,0.0,257.832,0.0,0
47039,0.0,75.586,0.0,0.0,-1.5130000000000001,350.0786,0.0,0.0,10.132,0,1.0,1.725,309.915,0.066,39.300000000000004,0.0,257.832,0.0,0
47039,-0.171,75.586,0.0,0.0,-1.5130000000000001,350.0786,0.0,0.0,10.156,0,2.0,1.61,310.005,1.9795,39.33,0.0,257.832,0.0,0
47039,0.0,75.586,0.0,0.0,-1.5130000000000001,350.0786,0.0,0.0,10.176,0,1.0,1.53,310.14000000000004,3.0022,38.910000000000004,0.0,257.832,0.0,0
47039,-0.171,75.586,0.0,0.0,-1.5130000000000001,350.0786,0.0,0.0,10.195,0,2.0,1.43,310.005,1.0557,38.1,0.0,257.832,0.0,0
47039,-0.171,75.586,0.0,0.0,-1.5130000000000001,350.0786,0.0,0.0,10.215,0,1.0,1.305,310.14000000000004,2.2764,37.74,0.0,257.832,0.0,0
47039,-0.171,75.586,0.0,0.0,-1.5130000000000001,350.0786,0.0,0.0,10.239,0,2.0,1.23,310.005,-1.9795,37.92,0.0,257.832,0.0,0
47039,-0.171,75.586,0.0,0.0,-1.5130000000000001,350.0786,0.0,0.0,10.259,0,2.0,1.135,310.14000000000004,-1.6826,38.160000000000004,0.0,257.832,0.0,0
47039,0.171,75.586,0.0,0.0,-1.5130000000000001,350.0786,0.0,0.0,10.278,0,2.0,1.2,310.005,-1.5836000000000001,40.11,0.0,257.832,0.0,0
47039,0.0,75.586,0.0,0.0,-1.5130000000000001,350.0786,0.0,0.0,10.298,0,0.0,1.165,310.005,-3.4311000000000003,40.77,0.0,257.832,0.0,0
47039,0.0,75.586,0.0,0.0,-1.5130000000000001,350.0786,0.0,0.0,10.317,0,1.0,1.18,310.005,-2.7713,40.800000000000004,0.0,257.832,0.0,0
47039,0.0,75.586,0.0,0.0,-1.5130000000000001,350.0786,0.0,0.0,10.337,0,1.0,1.21,310.005,2.6393,40.11,0.0,257.832,0.0,0
47039,0.0,75.586,0.0,0.0,-1.5130000000000001,350.0786,0.0,0.0,10.356,0,0.0,1.25,310.14000000000004,2.1114,39.21,0.0,257.832,0.0,0
47039,0.0,75.586,0.0,0.0,-1.5130000000000001,350.0786,0.0,0.0,10.376000000000001,0,1.0,1.345,310.14000000000004,-0.099,38.910000000000004,0.0,257.832,0.0,0
47039,0.0,75.586,0.0,0.0,-1.5130000000000001,350.0786,0.0,0.0,10.396,0,2.0,1.425,310.005,0.2639,38.88,0.0,257.832,0.0,0
47039,0.0,75.586,0.0,0.0,-1.5130000000000001,350.0786,0.0,0.0,10.415000000000001,0,1.0,1.565,310.005,-3.3321,38.4,0.0,257.832,0.0,0
47039,0.0,75.586,0.0,0.0,-1.5130000000000001,350.0786,0.0,0.0,10.435,0,1.0,1.57,310.005,-2.7713,38.13,0.0,257.832,0.0,0
47039,-0.171,75.586,0.0,0.0,-1.5130000000000001,350.0786,0.0,0.0,10.454,0,1.0,1.69,309.915,2.9692000000000003,37.980000000000004,0.0,257.832,0.0,0
47039,0.0,75.586,0.5,0.0,-1.5130000000000001,350.0786,0.0,0.0,10.479000000000001,0,1.0,1.78,310.005,-1.4516,37.65,0.0,257.832,0.0,0
47039,0.0,75.586,0.0,0.0,-1.5130000000000001,350.0786,0.0,0.0,10.498000000000001,0,2.0,1.675,309.915,-0.46190000000000003,38.25,0.0,257.832,0.0,0
47039,0.0,75.586,-0.5,0.0,-1.5130000000000001,350.0786,0.0,0.0,10.518,0,1.0,1.6600000000000001,310.005,2.3754,39.87,0.0,257.832,0.0,0
47039,-0.171,75.586,0.0,0.0,-1.5130000000000001,350.0786,0.0,0.0,10.537,0,1.0,1.715,309.915,1.9135000000000002,40.38,0.0,257.832,0.0,0
47039,-0.512,75.586,-0.5,0.0,-1.5130000000000001,350.0786,0.0,0.0,10.557,0,2.0,1.6500000000000001,310.005,0.132,39.84,0.0,257.832,0.0,0
47039,0.0,75.586,0.0,0.0,-1.5130000000000001,350.0786,0.0,0.0,10.576,0,2.0,1.5150000000000001,310.005,0.5279,39.27,0.0,257.832,0.0,0
47039,-0.171,75.586,-0.5,0.0,-1.5130000000000001,350.0786,0.0,0.0,10.596,0,2.0,1.36,309.915,-0.39590000000000003,38.550000000000004,0.0,257.832,0.0,0
47039,0.171,75.586,0.0,0.0,-1.5130000000000001,350.0786,0.0,0.0,10.620000000000001,0,1.0,1.36,309.915,-5.476500000000001,38.550000000000004,0.0,257.832,0.0,0
47039,-0.171,75.586,0.0,0.0,-1.5130000000000001,350.0786,0.0,0.0,10.620000000000001,0,2.0,1.29,309.915,-5.724,38.52,0.0,257.832,0.0,0
47039,0.171,75.586,0.0,0.0,-1.5130000000000001,350.0786,0.0,0.0,10.64,0,1.0,1.24,310.14000000000004,2.4166000000000003,38.94,0.0,257.832,0.0,0
47039,0.0,75.586,0.0,0.0,-1.5130000000000001,350.0786,0.0,0.0,10.664,0,1.0,1.1,309.915,1.7155,38.34,0.0,257.832,0.0,0
47039,0.0,75.586,0.0,0.0,-1.5130000000000001,350.0786,0.0,0.0,10.684000000000001,0,0.0,1.1,309.915,-3.2991,37.86,0.0,257.832,0.0,0
47039,0.0,75.586,0.0,0.0,-1.5130000000000001,350.0786,0.0,0.0,10.703000000000001,0,0.0,0.965,310.005,-2.7218,37.050000000000004,0.0,257.832,0.0,0
47039,-0.171,75.586,0.0,0.0,-1.5130000000000001,350.0786,0.0,0.0,10.723,0,1.0,0.975,310.005,2.7548,37.2,0.0,257.832,0.0,0
47039,-0.171,75.586,0.0,0.0,-1.5130000000000001,350.0786,0.0,0.0,10.742,0,1.0,1.03,310.005,0.7753,38.43,0.0,257.832,0.0,0
47039,0.0,75.586,0.0,0.0,-1.5130000000000001,350.0786,0.0,0.0,10.762,0,2.0,1.035,310.14000000000004,3.2084,39.57,0.0,257.832,0.0,0
47039,0.0,75.586,0.0,0.0,-1.5130000000000001,350.0786,0.0,0.0,10.781,0,2.0,1.11,309.915,0.28040000000000004,40.800000000000004,0.0,257.832,0.0,0
47039,0.0,75.586,0.0,0.0,-1.5130000000000001,350.0786,0.0,0.0,10.801,0,2.0,1.185,310.14000000000004,-2.0042,41.28,0.0,257.832,0.0,0
47039,0.0,75.586,0.0,0.0,-1.5130000000000001,350.0786,0.0,0.0,10.82,0,2.0,1.34,309.915,-2.994,40.47,0.0,257.832,0.0,0
47039,0.0,75.586,0.0,0.0,-1.5130000000000001,350.0786,0.0,0.0,10.84,0,2.0,1.5250000000000001,309.825,-2.1609000000000003,39.15,0.0,257.832,0.0,0
47039,0.0,75.586,0.0,0.0,-1.5130000000000001,350.0786,0.0,0.0,10.859,0,2.0,1.605,309.915,-3.8765,38.19,0.0,257.832,0.0,0
47039,0.0,75.586,0.0,0.0,-1.5130000000000001,350.0786,0.0,0.0,10.879000000000001,0,1.0,1.715,310.005,1.3032000000000001,37.68,0.0,257.832,0.0,0
47039,0.0,75.586,0.5,0.0,-1.5130000000000001,350.0786,0.0,0.0,10.903,0,2.0,1.72,310.14000000000004,5.847700000000001,37.410000000000004,0.0,257.832,0.0,0
47039,0.0,75.586,0.0,0.0,-1.5130000000000001,350.0786,0.0,0.0,10.923,0,2.0,1.795,309.915,-0.066,37.26,0.0,257.832,0.0,0
47039,0.171,75.586,0.0,0.0,-1.5130000000000001,350.0786,0.0,0.0,10.942,0,1.0,1.7750000000000001,309.915,-3.1012,37.53,0.0,257.832,0.0,0
47039,0.341,75.586,0.0,0.0,-1.5130000000000001,350.0786,0.0,0.0,10.962,0,1.0,1.7,310.005,-1.2289,38.07,0.0,257.832,0.0,0
47039,-0.171,75.586,0.5,0.0,-1.5130000000000001,350.0786,0.0,0.0,10.981,0,2.0,1.59,310.14000000000004,5.1714,38.49,0.0,257.832,0.0,0
47039,-0.171,75.586,0.0,0.0,-1.5130000000000001,350.0786,0.0,0.0,11.001000000000001,0,2.0,1.52,310.005,3.8765,39.63,0.0,257.832,0.0,0
47039,0.0,75.586,0.0,0.0,-1.5130000000000001,350.0786,0.0,0.0,11.025,0,2.0,1.37,309.915,-0.2474,40.2,0.0,257.832,0.0,0
47039,0.0,75.586,0.0,0.0,-1.5130000000000001,350.0786,0.0,0.0,11.045,0,1.0,1.21,310.005,-2.6146000000000003,40.32,0.0,257.832,0.0,0
47039,-0.171,75.586,0.0,0.0,-1.5130000000000001,350.0786,0.0,0.0,11.064,0,1.0,1.095,310.005,-1.1217000000000001,39.75,0.0,257.832,0.0,0
47039,0.171,75.586,0.0,0.0,-1.5130000000000001,350.0786,0.0,0.0,11.084000000000001,0,2.0,1.035,309.915,-0.2639,38.64,0.0,257.832,0.0,0
47039,0.0,75.586,-0.5,0.0,-1.5130000000000001,350.0786,0.0,0.0,11.104000000000001,0,0.0,1.01,310.005,-0.7918000000000001,37.77,0.0,257.832,0.0,0
47039,0.0,75.586,0.0,0.0,-1.5130000000000001,350.0786,0.0,0.0,11.128,0,1.0,0.98,309.915,-0.3794,37.14,0.0,257.832,0.0,0
47039,0.0,75.586,0.0,0.0,-1.5130000000000001,350.0786,0.0,0.0,11.147,0,2.0,1.0,310.005,0.39590000000000003,37.44,0.0,257.832,0.0,0
47039,0.171,75.586,0.0,0.0,-1.5130000000000001,350.0786,0.0,0.0,11.167,0,1.0,1.0150000000000001,310.005,2.7053000000000003,37.47,0.0,257.832,0.0,0
47039,-0.171,75.586,0.0,0.0,-1.5130000000000001,350.0786,0.0,0.0,11.167,0,2.0,1.055,310.005,2.9032,37.53,0.0,257.832,0.0,0
47039,0.0,75.586,0.0,0.0,-1.5130000000000001,350.0786,0.0,0.0,11.187000000000001,0,2.0,1.155,310.14000000000004,3.9589000000000003,37.32,0.0,257.832,0.0,0
47039,0.0,75.586,0.0,0.0,-1.5130000000000001,350.0786,0.0,0.0,11.206000000000001,0,2.0,1.325,310.005,-0.7918000000000001,38.1,0.0,257.832,0.0,0
47039,0.0,75.586,0.0,0.0,-1.5130000000000001,350.0786,0.0,0.0,11.226,0,1.0,1.4000000000000001,309.915,-3.2991,38.82,0.0,257.832,0.0,0
47039,0.171,75.586,0.0,0.0,-1.5130000000000001,350.0786,0.0,0.0,11.245000000000001,0,1.0,1.5150000000000001,310.14000000000004,0.5279,38.730000000000004,0.0,257.832,0.0,0
47039,-0.341,75.586,0.0,0.0,-1.5130000000000001,350.0786,0.0,0.0,11.265,0,1.0,1.615,310.005,3.2991,38.31,0.0,257.832,0.0,0
47039,0.0,75.586,0.0,0.0,-1.5130000000000001,350.0786,0.0,0.0,11.284,0,1.0,1.69,310.005,-0.8578,38.28,0.0,257.832,0.0,0
47039,0.171,75.586,0.0,0.0,-1.5130000000000001,350.0786,0.0,0.0,11.309000000000001,0,2.0,1.695,310.005,-2.5073000000000003,38.22,0.0,257.832,0.0,0
47039,-0.171,75.586,0.0,0.0,-1.5130000000000001,350.0786,0.0,0.0,11.328000000000001,0,2.0,1.715,309.915,-0.46190000000000003,38.43,0.0,257.832,0.0,0
47039,-0.171,75.586,0.0,0.0,-1.5130000000000001,350.0786,0.0,0.0,11.348,0,1.0,1.72,310.005,1.4516,38.61,0.0,257.832,0.0,0
47039,0.0,75.586,0.0,0.0,-1.5130000000000001,350.0786,0.0,0.0,11.367,0,1.0,1.74,309.915,-0.46190000000000003,37.89,0.0,257.832,0.0,0
47039,0.341,75.586,-0.5,0.0,-1.5130000000000001,350.0786,0.0,0.0,11.387,0,1.0,1.6500000000000001,310.005,-1.1877,37.050000000000004,0.0,257.832,0.0,0
47039,-0.171,75.586,0.0,0.0,-1.5130000000000001,350.0786,0.0,0.0,11.406,0,1.0,1.58,309.915,-2.0455,36.21,0.0,257.832,0.0,0
47039,0.171,75.586,0.0,0.0,-1.5130000000000001,350.0786,0.0,0.0,11.431000000000001,0,1.0,1.375,310.14000000000004,3.8270000000000004,36.12,0.0,257.832,0.0,0
47039,-0.171,75.586,0.0,0.0,-1.5130000000000001,350.0786,0.0,0.0,11.450000000000001,0,1.0,1.23,310.005,5.2786,36.54,0.0,257.832,0.0,0
47039,0.0,75.586,0.0,0.0,-1.5130000000000001,350.0786,0.0,0.0,11.47,0,0.0,0.995,310.005,1.3196,38.01,0.0,257.832,0.0,0
47039,0.0,75.586,0.0,0.0,-1.5130000000000001,350.0786,0.0,0.0,11.489,0,1.0,1.0,310.005,0.8908,38.94,0.0,257.832,0.0,0
47039,-0.171,75.586,0.0,0.0,-1.5130000000000001,350.0786,0.0,0.0,11.509,0,1.0,1.025,310.005,0.39590000000000003,39.03,0.0,257.832,0.0,0
47039,0.171,75.586,0.0,0.0,-1.5130000000000001,350.0786,0.0,0.0,11.533000000000001,0,2.0,0.9550000000000001,309.915,-4.1569,39.03,0.0,257.832,0.0,0
47039,0.171,75.586,-0.5,0.0,-1.5130000000000001,350.0786,0.0,0.0,11.553,0,1.0,0.91,309.915,-4.2229,38.910000000000004,0.0,257.832,0.0,0
47039,0.0,75.586,-0.5,0.0,-1.5130000000000001,350.0786,0.0,0.0,11.572000000000001,0,2.0,0.91,310.005,3.4311000000000003,38.43,0.0,257.832,0.0,0
47039,0.171,75.586,0.0,0.0,-1.5130000000000001,350.0786,0.0,0.0,11.592,0,3.0,0.86,310.14000000000004,5.806500000000001,38.13,0.0,257.832,0.0,0
47039,0.0,75.586,0.0,0.0,-1.5130000000000001,350.0786,0.0,0.0,11.611,0,2.0,0.9450000000000001,310.005,0.19790000000000002,37.62,0.0,257.832,0.0,0
47039,0.0,75.586,-0.5,0.0,-1.5130000000000001,350.0786,0.0,0.0,11.631,0,2.0,1.095,310.005,0.132,36.42,0.0,257.832,0.0,0
47039,0.0,75.586,0.0,0.0,-1.5130000000000001,350.0786,0.0,0.0,11.65,0,2.0,1.17,310.005,-1.4846000000000001,35.28,0.0,257.832,0.0,0
47039,0.0,75.586,0.0,0.0,-1.5130000000000001,350.0786,0.0,0.0,11.67,0,1.0,1.195,310.005,-1.3196,35.7,0.0,257.832,0.0,0
47039,0.0,75.586,0.0,0.0,-1.5130000000000001,350.0786,0.0,0.0,11.689,0,3.0,1.445,310.005,1.3196,37.47,0.0,257.832,0.0,0
47039,0.0,75.586,-0.5,0.0,-1.5130000000000001,350.0786,0.0,0.0,11.709000000000001,0,2.0,1.53,309.915,2.1114,38.82,0.0,257.832,0.0,0
47039,0.171,75.586,0.0,0.0,-1.5130000000000001,350.0786,0.0,0.0,11.729000000000001,0,2.0,1.6,309.915,-3.1012,39.300000000000004,0.0,257.832,0.0,0
47039,0.0,75.586,0.0,0.0,-1.5130000000000001,350.0786,0.0,0.0,11.748000000000001,0,2.0,1.685,310.14000000000004,0.5279,39.81,0.0,257.832,0.0,0
47039,0.0,75.586,0.0,0.0,-1.5130000000000001,350.0786,0.0,0.0,11.768,0,1.0,1.725,310.005,1.7815,38.85,0.0,257.832,0.0,0
47039,-0.171,75.586,0.0,0.0,-1.5130000000000001,350.0786,0.0,0.0,11.772,0,2.0,1.62,310.005,1.5011,38.85,0.0,257.832,0.0,0
47039,0.0,75.586,0.0,0.0,-1.5130000000000001,350.0786,0.0,0.0,11.792,0,2.0,1.58,310.005,-2.9857,38.01,0.0,257.832,0.0,0
47039,0.0,75.586,0.0,0.0,-1.5130000000000001,350.0786,0.0,0.0,11.812000000000001,0,2.0,1.565,309.915,0.899,38.31,0.0,257.832,0.0,0
47039,-0.171,75.586,0.5,0.0,-1.5130000000000001,350.0786,0.0,0.0,11.831000000000001,0,1.0,1.54,309.915,3.1837,38.550000000000004,0.0,257.832,0.0,0
47039,0.0,75.586,0.0,0.0,-1.5130000000000001,350.0786,0.0,0.0,11.851,0,2.0,1.435,310.005,-1.732,38.79,0.0,257.832,0.0,0
47039,0.171,75.586,0.0,0.0,-1.5130000000000001,350.0786,0.0,0.0,11.875,0,2.0,1.31,309.915,-5.476500000000001,37.89,0.0,257.832,0.0,0
47039,0.0,75.586,0.0,0.0,-1.5130000000000001,350.0786,0.0,0.0,11.895000000000001,0,1.0,1.27,309.915,0.8743000000000001,37.11,0.0,257.832,0.0,0
47039,0.171,75.586,0.5,0.0,-1.5130000000000001,350.0786,0.0,0.0,11.914,0,2.0,1.135,310.005,3.2331000000000003,36.57,0.0,257.832,0.0,0
47039,0.0,75.586,0.0,0.0,-1.5130000000000001,350.0786,0.0,0.0,11.934000000000001,0,1.0,1.07,309.915,2.3589,36.480000000000004,0.0,257.832,0.0,0
47039,-0.171,75.586,0.0,0.0,-1.5130000000000001,350.0786,0.0,0.0,11.958,0,3.0,1.01,310.005,-0.7423000000000001,37.74,0.0,257.832,0.0,0
47039,-0.171,75.586,0.0,0.0,-1.5130000000000001,350.0786,0.0,0.0,11.978,0,2.0,1.055,310.005,-2.9692000000000003,39.480000000000004,0.0,257.832,0.0,0
47039,0.0,75.586,0.0,0.0,-1.5130000000000001,350.0786,0.0,0.0,11.997,0,2.0,1.1500000000000001,310.005,2.2269,39.9,0.0,257.832,0.0,0
47039,-0.171,75.586,0.0,0.0,-1.5130000000000001,350.0786,0.0,0.0,12.017000000000001,0,2.0,1.235,309.915,-1.1877,39.45,0.0,257.832,0.0,0
47039,0.0,75.586,0.0,0.0,-1.5130000000000001,350.0786,0.0,0.0,12.036000000000001,0,2.0,1.2750000000000001,309.915,-1.2372,38.85,0.0,257.832,0.0,0
47039,0.171,75.586,-0.5,0.0,-1.5130000000000001,350.0786,0.0,0.0,12.056000000000001,0,2.0,1.495,310.14000000000004,2.4826,38.19,0.0,257.832,0.0,0
47039,-0.171,75.586,0.0,0.0,-1.5130000000000001,350.0786,0.0,0.0,12.075000000000001,0,2.0,1.645,310.005,1.5671000000000002,37.38,0.0,257.832,0.0,0
47039,0.0,75.586,0.0,0.0,-1.5130000000000001,350.0786,0.0,0.0,12.095,0,1.0,1.825,310.005,-0.2144,37.59,0.0,257.832,0.0,0
47039,0.0,75.586,0.0,0.0,-1.5130000000000001,350.0786,0.0,0.0,12.114,0,0.0,1.845,310.005,-5.1879,37.800000000000004,0.0,257.832,0.0,0
47039,0.0,75.586,0.0,0.0,-1.5130000000000001,350.0786,0.0,0.0,12.134,0,1.0,1.915,310.005,-0.5279,37.71,0.0,257.832,0.0,0
47039,0.0,75.586,-0.5,0.0,-1.5130000000000001,350.0786,0.0,0.0,12.153,0,2.0,1.98,310.005,2.3094,37.47,0.0,257.832,0.0,0
47039,-0.341,75.586,0.0,0.0,-1.5130000000000001,350.0786,0.0,0.0,12.173,0,1.0,1.94,309.915,-0.3299,37.800000000000004,0.0,257.832,0.0,0
47039,-0.171,75.586,0.0,0.0,-1.5130000000000001,350.0786,0.0,0.0,12.192,0,1.0,1.925,309.915,-1.0392000000000001,37.980000000000004,0.0,257.832,0.0,0
47039,0.0,75.586,0.0,0.0,-1.5130000000000001,350.0786,0.0,0.0,12.212,0,1.0,1.825,310.14000000000004,3.1259,38.76,0.0,257.832,0.0,0
47039,-0.171,75.586,0.0,0.0,-1.5130000000000001,350.0786,0.0,0.0,12.236,0,1.0,1.655,310.005,-0.0165,39.36,0.0,257.832,0.0,0
47039,0.512,75.586,0.0,0.0,-1.5130000000000001,350.0786,0.0,0.0,12.256,0,1.0,1.6600000000000001,310.14000000000004,4.024900000000001,39.36,0.0,257.832,0.0,0
47039,-0.171,75.586,0.0,0.0,-1.5130000000000001,350.0786,0.0,0.0,12.275,0,1.0,1.375,310.14000000000004,2.2434000000000003,38.64,0.0,257.832,0.0,0
47039,0.0,75.586,0.0,0.0,-1.5130000000000001,350.0786,0.0,0.0,12.295,0,1.0,1.315,310.005,-1.4681,38.58,0.0,257.832,0.0,0
47039,0.0,75.586,0.0,0.0,-1.5130000000000001,350.0786,0.0,0.0,12.314,0,1.0,1.295,310.005,-5.1879,39.0,0.0,257.832,0.0,0
47039,0.0,75.586,0.0,0.0,-1.5130000000000001,350.0786,0.0,0.0,12.319,0,1.0,1.305,310.005,-4.651800000000001,38.97,0.0,257.832,0.0,0
47039,0.171,75.586,0.0,0.0,-1.5130000000000001,350.0786,0.0,0.0,12.339,0,2.0,1.235,310.005,-3.8270000000000004,39.0,0.0,257.832,0.0,0
47039,-0.171,75.586,0.0,0.0,-1.5130000000000001,350.0786,0.0,0.0,12.358,0,2.0,1.23,310.005,1.5836000000000001,38.58,0.0,257.832,0.0,0
47039,0.341,75.586,0.0,0.0,-1.5130000000000001,350.0786,0.0,0.0,12.378,0,2.0,1.22,310.14000000000004,6.0704,37.92,0.0,257.832,0.0,0
47039,-0.171,75.586,0.0,0.0,-1.5130000000000001,350.0786,0.0,0.0,12.402000000000001,0,2.0,1.19,310.005,0.7918000000000001,37.26,0.0,257.832,0.0,0
47039,0.171,75.586,0.0,0.0,-1.5130000000000001,350.0786,0.0,0.0,12.422,0,2.0,1.245,309.915,-8.3138,37.410000000000004,0.0,257.832,0.0,0
47039,0.0,75.586,0.0,0.0,-1.5130000000000001,350.0786,0.0,0.0,12.441,0,1.0,1.2750000000000001,310.14000000000004,-1.8475000000000001,38.94,0.0,257.832,0.0,0
47039,0.512,75.586,-0.5,0.0,-1.5130000000000001,350.0786,0.0,0.0,12.461,0,2.0,1.395,309.915,2.7713,40.11,0.0,257.832,0.0,0
47039,-0.171,75.586,0.0,0.0,-1.5130000000000001,350.0786,0.0,0.0,12.48,0,1.0,1.425,310.005,-2.9692000000000003,40.47,0.0,257.832,0.0,0
47039,0.171,75.586,0.0,0.0,-1.5130000000000001,350.0786,0.0,0.0,12.5,0,1.0,1.5350000000000001,309.915,-3.8270000000000004,40.83,0.0,257.832,0.0,0
47039,0.0,75.586,-0.5,0.0,-1.5130000000000001,350.0786,0.0,0.0,12.520000000000001,0,1.0,1.74,310.005,7.0601,40.230000000000004,0.0,257.832,0.0,0
47039,0.0,75.586,0.0,0.0,-1.5130000000000001,350.0786,0.0,0.0,12.539000000000001,0,1.0,1.795,310.005,2.7713,39.480000000000004,0.0,257.832,0.0,0
47039,0.0,75.586,0.0,0.0,-1.5130000000000001,350.0786,0.0,0.0,12.559000000000001,0,1.0,1.87,310.005,-2.9692000000000003,38.4,0.0,257.832,0.0,0
47039,0.171,75.586,-0.5,0.0,-1.5130000000000001,350.0786,0.0,0.0,12.578000000000001,0,1.0,1.98,310.005,-3.2991,37.86,0.0,257.832,0.0,0
47039,-0.171,75.586,-0.5,0.0,-1.5130000000000001,350.0786,0.0,0.0,12.598,0,2.0,1.995,310.14000000000004,1.4846000000000001,37.47,0.0,257.832,0.0,0
47039,0.0,75.586,0.0,0.0,-1.5130000000000001,350.0786,0.0,0.0,12.617,0,2.0,2.015,310.005,4.486800000000001,37.92,0.0,257.832,0.0,0
47039,-0.171,75.586,0.0,0.0,-1.5130000000000001,350.0786,0.0,0.0,12.637,0,2.0,2.04,310.005,-2.3754,38.28,0.0,257.832,0.0,0
47039,-0.171,75.586,0.0,0.0,-1.5130000000000001,350.0786,0.0,0.0,12.656,0,1.0,1.97,309.915,-8.1818,39.06,0.0,257.832,0.0,0
47039,0.0,75.586,0.0,0.0,-1.5130000000000001,350.0786,0.0,0.0,12.681000000000001,0,2.0,1.845,310.005,2.1114,39.36,0.0,257.832,0.0,0
47039,-0.171,75.586,0.0,0.0,-1.5130000000000001,350.0786,0.0,0.0,12.700000000000001,0,1.0,1.6400000000000001,310.005,1.7155,39.96,0.0,257.832,0.0,0
47039,0.512,75.586,-0.5,0.0,-1.5130000000000001,350.0786,0.0,0.0,12.72,0,1.0,1.555,309.915,-3.4311000000000003,39.480000000000004,0.0,257.832,0.0,0
47039,0.0,75.586,0.0,0.0,-1.5130000000000001,350.0786,0.0,0.0,12.739,0,1.0,1.465,310.005,1.4516,39.99,0.0,257.832,0.0,0
47039,-0.171,75.586,0.0,0.0,-1.5130000000000001,350.0786,0.0,0.0,12.798,0,1.0,7.41,310.005,2.1114,39.99,0.0,257.832,0.0,0
47039,0.171,75.586,0.0,0.0,-1.5130000000000001,350.0786,0.0,0.0,13.022,0,1.0,8.675,310.14000000000004,2.6393,39.63,0.0,257.832,0.0,0
47039,-0.171,75.586,0.0,0.0,-1.5130000000000001,350.0786,0.0,0.0,13.438,0,2.0,7.15,309.915,-1.7815,38.550000000000004,0.0,257.832,0.0,0
47039,0.341,75.586,0.5,0.0,-1.5130000000000001,350.0786,0.0,0.0,13.950000000000001,0,3.0,2.865,310.005,-3.563,37.800000000000004,0.0,257.832,0.0,0
47039,0.0,75.586,0.0,0.0,-1.5130000000000001,350.0786,0.0,0.0,14.458,0,0.0,2.65,310.005,-1.4846000000000001,37.56,0.0,257.832,0.0,0
47039,0.0,75.586,0.0,0.0,-1.5130000000000001,350.0786,0.0,0.0,14.961,0,1.0,2.5100000000000002,309.915,1.0557,38.13,0.0,257.832,0.0,0
47039,0.0,75.586,-0.5,0.0,-1.5130000000000001,350.0786,0.0,0.0,15.010000000000002,0,2.0,2.29,309.915,0.5279,38.13,0.0,257.832,0.0,0
47039,0.341,75.586,-0.5,0.0,-1.5130000000000001,350.0786,0.0,0.0,15.508000000000001,0,2.0,2.725,310.005,-1.5836000000000001,38.01,0.0,257.832,0.0,0
47039,0.171,75.586,0.0,0.0,-1.5130000000000001,350.0786,0.0,0.0,16.011,0,2.0,2.92,310.005,7.258100000000001,38.61,0.0,257.832,0.0,0
47039,0.341,75.586,0.5,0.0,-1.5130000000000001,350.0786,0.0,0.0,16.509,0,1.0,2.875,310.14000000000004,6.359100000000001,39.6,0.0,257.832,0.0,0
47039,0.341,75.586,0.0,0.0,-1.5130000000000001,350.0786,0.0,0.0,17.012,0,2.0,2.2800000000000002,310.005,-0.9238000000000001,40.02,0.0,257.832,0.0,0
47039,0.0,75.586,0.5,0.0,-1.5130000000000001,350.0786,0.0,0.0,17.515,0,2.0,2.145,310.14000000000004,2.6558,39.51,0.0,257.832,0.0,0
47039,0.0,75.586,-0.5,0.0,-1.5130000000000001,350.0786,0.0,0.0,18.013,0,1.0,2.65,310.005,0.2227,39.15,0.0,257.832,0.0,0
47039,0.0,75.586,0.0,0.0,-1.5130000000000001,350.0786,0.0,0.0,18.511,0,2.0,2.9250000000000003,310.005,-2.9445,39.6,0.0,257.832,0.0,0
47039,0.171,75.586,0.0,0.0,-1.5130000000000001,350.0786,0.0,0.0,19.014,0,4.0,2.665,310.14000000000004,-4.486800000000001,39.87,0.0,257.832,0.0,0
47039,0.0,75.586,0.0,0.0,-1.5130000000000001,350.0786,0.0,0.0,19.512,0,1.0,2.555,309.915,-1.2124000000000001,39.84,0.0,257.832,0.0,0
47039,0.0,75.586,0.0,0.0,-1.5130000000000001,350.0786,0.0,0.0,20.01,0,3.0,2.305,309.915,-2.5568,38.31,0.0,257.832,0.0,0
47039,-0.171,75.586,0.0,0.0,-1.5130000000000001,350.0786,0.0,0.0,20.513,0,0.0,2.56,310.005,-2.7218,37.56,0.0,257.832,0.0,0
47039,0.512,75.586,0.0,0.0,-1.5130000000000001,350.0786,0.0,0.0,21.011,0,3.0,3.055,310.005,1.0392000000000001,37.230000000000004,0.0,257.832,0.0,0
47039,0.0,75.586,0.0,0.0,-1.5130000000000001,350.0786,0.0,0.0,21.514,0,2.0,2.955,310.005,1.8310000000000002,38.28,0.0,257.832,0.0,0
47039,0.0,75.586,0.0,0.0,-1.5130000000000001,350.0786,0.0,0.0,22.012,0,2.0,2.54,310.005,3.8930000000000002,39.42,0.0,257.832,0.0,0
47039,0.171,75.586,0.0,0.0,-1.5130000000000001,350.0786,0.0,0.0,22.515,0,2.0,2.455,309.915,-1.2537,40.47,0.0,257.832,0.0,0
47039,-0.171,75.586,0.5,0.0,-1.5130000000000001,350.0786,0.0,0.0,23.013,0,2.0,2.815,310.005,-2.5073000000000003,40.83,0.0,257.832,0.0,0
47039,0.0,75.586,0.0,0.0,-1.5130000000000001,350.0786,0.0,0.0,23.511000000000003,0,1.0,3.045,310.005,0.46190000000000003,40.17,0.0,257.832,0.0,0
47039,0.171,75.586,0.0,0.0,-1.5130000000000001,350.0786,0.0,0.0,24.014000000000003,0,2.0,2.96,310.005,-3.6455,39.96,0.0,257.832,0.0,0
47039,0.171,75.586,0.0,0.0,-1.5130000000000001,350.0786,0.0,0.0,24.512,0,2.0,2.45,309.915,0.47840000000000005,39.75,0.0,257.832,0.0,0
47039,0.512,75.586,0.0,0.0,-1.5130000000000001,350.0786,0.0,0.0,25.015,0,2.0,2.265,310.005,1.9795,39.93,0.0,257.832,0.0,0
47039,0.0,75.586,0.0,0.0,-1.5130000000000001,350.0786,0.0,0.0,25.513,0,2.0,2.58,310.14000000000004,-0.5031,39.24,0.0,257.832,0.0,0
47039,0.171,75.586,0.0,0.0,-1.5130000000000001,350.0786,0.0,0.0,26.016000000000002,0,2.0,2.845,310.005,-0.6763,38.61,0.0,257.832,0.0,0
47039,0.171,75.586,0.5,0.0,-1.5130000000000001,350.0786,0.0,0.0,26.514000000000003,0,1.0,2.395,310.005,0.3134,37.68,0.0,257.832,0.0,0
47039,0.0,75.586,0.5,0.0,-1.5130000000000001,350.0786,0.0,0.0,27.017000000000003,0,1.0,2.14,310.005,-1.2289,37.68,0.0,257.832,0.0,0
47039,-0.171,75.586,0.0,0.0,-1.5130000000000001,350.0786,0.0,0.0,27.515,0,2.0,2.085,309.915,-2.3754,37.83,0.0,257.832,0.0,0
47039,0.0,75.586,0.0,0.0,-1.5130000000000001,350.0786,0.0,0.0,28.013,0,3.0,2.375,309.915,-1.2372,39.39,0.0,257.832,0.0,0
47039,0.0,75.586,-0.5,0.0,-1.5130000000000001,350.0786,0.0,0.0,28.516000000000002,0,2.0,2.64,310.005,2.5073000000000003,40.74,0.0,257.832,0.0,0
47039,0.0,75.586,0.0,0.0,-1.5130000000000001,350.0786,0.0,0.0,29.014000000000003,0,2.0,2.75,310.005,0.7753,41.4,0.0,257.832,0.0,0
47039,0.0,75.586,0.0,0.0,-1.5130000000000001,350.0786,0.0,0.0,29.517000000000003,0,2.0,2.445,310.005,0.4454,40.65,0.0,257.832,0.0,0
47039,0.0,75.586,0.0,0.0,-1.5130000000000001,350.0786,0.0,0.0,30.015,0,2.0,2.1,309.915,-1.699,39.24,0.0,257.832,0.0,0
47039,0.0,75.586,0.5,0.0,-1.5130000000000001,350.0786,0.0,0.0,30.068,0,3.0,2.06,309.915,-2.0455,39.06,0.0,257.832,0.0,0
47039,-0.171,75.586,0.0,0.0,-1.5130000000000001,350.0786,0.0,0.0,30.566000000000003,0,3.0,2.695,310.005,-1.8475000000000001,38.79,0.0,257.832,0.0,0
47039,0.0,75.586,0.0,0.0,-1.5130000000000001,350.0786,0.0,0.0,31.064,0,4.0,2.945,310.005,0.5279,38.82,0.0,257.832,0.0,0
47039,0.0,75.586,-0.5,0.0,-1.5130000000000001,350.0786,0.0,0.0,31.567,0,4.0,2.6750000000000003,310.005,1.5836000000000001,38.85,0.0,257.832,0.0,0
47039,0.0,75.586,0.0,0.0,-1.5130000000000001,350.0786,0.0,0.0,32.065000000000005,0,2.0,2.22,310.005,1.0557,38.04,0.0,257.832,0.0,0
47039,-0.171,75.586,0.0,0.0,-1.5130000000000001,350.0786,0.0,0.0,32.563,0,3.0,2.275,309.915,-0.5279,37.410000000000004,0.0,257.832,0.0,0
47039,0.171,75.586,0.5,0.0,-1.5130000000000001,350.0786,0.0,0.0,33.066,0,2.0,2.915,310.14000000000004,0.9567,36.87,0.0,257.832,0.0,0
47039,0.0,75.586,0.5,0.0,-1.5130000000000001,350.0786,0.0,0.0,33.564,0,2.0,3.18,310.005,1.3196,36.75,0.0,257.832,0.0,0
47039,0.0,75.586,0.0,0.0,-1.5130000000000001,350.0786,0.0,0.0,34.067,0,2.0,2.49,309.915,-2.1114,38.37,0.0,257.832,0.0,0
47039,0.341,75.586,0.0,0.0,-1.5130000000000001,350.0786,0.0,0.0,34.565000000000005,0,2.0,2.3850000000000002,310.005,-3.563,40.2,0.0,257.832,0.0,0
47039,0.0,75.586,0.0,0.0,-1.5130000000000001,350.0786,0.0,0.0,35.068000000000005,0,2.0,2.25,309.915,-0.46190000000000003,40.71,0.0,257.832,0.0,0
47039,-0.171,75.586,0.0,0.0,-1.5130000000000001,350.0786,0.0,0.0,35.566,0,2.0,2.795,310.005,1.0557,40.68,0.0,257.832,0.0,0
47039,0.0,75.586,0.0,0.0,-1.5130000000000001,350.0786,0.0,0.0,36.064,0,3.0,3.005,310.14000000000004,0.4289,39.84,0.0,257.832,0.0,0
47039,-0.171,75.586,0.0,0.0,-1.5130000000000001,350.0786,0.0,0.0,36.567,0,3.0,2.65,309.915,-0.39590000000000003,37.89,0.0,257.832,0.0,0
47039,-0.171,75.586,0.0,0.0,-1.5130000000000001,350.0786,0.0,0.0,37.07,0,2.0,2.075,309.915,1.1217000000000001,37.89,0.0,257.832,0.0,0
47039,0.341,75.586,0.0,0.0,-1.5130000000000001,350.0786,0.0,0.0,37.568000000000005,0,2.0,2.045,310.005,-1.0557,37.59,0.0,257.832,0.0,0
47039,0.171,75.586,0.0,0.0,-1.5130000000000001,350.0786,0.0,0.0,38.066,0,2.0,2.67,310.005,-1.6496000000000002,37.59,0.0,257.832,0.0,0
47039,0.0,75.586,0.0,0.0,-1.5130000000000001,350.0786,0.0,0.0,38.569,0,3.0,2.845,309.915,-0.2639,36.99,0.0,257.832,0.0,0
47039,0.0,75.586,-0.5,0.0,-1.5130000000000001,350.0786,0.0,0.0,39.067,0,4.0,2.56,310.005,-0.5279,37.11,0.0,257.832,0.0,0
47039,0.0,75.586,0.0,0.0,-1.5130000000000001,350.0786,0.0,0.0,39.116,0,4.0,2.37,310.005,-0.132,37.11,0.0,257.832,0.0,0
47039,-0.171,75.586,-0.5,0.0,-1.5130000000000001,350.0786,0.0,0.0,39.619,0,4.0,2.34,310.005,1.3196,38.01,0.0,257.832,0.0,0
47039,0.171,75.586,0.0,0.0,-1.5130000000000001,350.0786,0.0,0.0,40.117000000000004,0,2.0,2.52,309.915,0.7918000000000001,39.21,0.0,257.832,0.0,0
47039,0.341,75.586,0.0,0.0,-1.5130000000000001,350.0786,0.0,0.0,40.615,0,3.0,3.08,310.14000000000004,-1.6083,40.050000000000004,0.0,257.832,0.0,0
47039,-0.171,75.586,-0.5,0.0,-1.5130000000000001,350.0786,0.0,0.0,41.118,0,3.0,2.915,310.005,0.19790000000000002,39.69,0.0,257.832,0.0,0
47039,0.0,75.586,0.5,0.0,-1.5130000000000001,350.0786,0.0,0.0,41.616,0,2.0,2.5,310.005,1.699,38.79,0.0,257.832,0.0,0
47039,0.0,75.586,0.0,0.0,-1.5130000000000001,350.0786,0.0,0.0,42.119,0,3.0,2.25,310.005,-1.4681,37.95,0.0,257.832,0.0,0
47039,0.0,75.586,0.0,0.0,-1.5130000000000001,350.0786,0.0,0.0,42.617000000000004,0,2.0,2.775,310.005,-1.2537,38.34,0.0,257.832,0.0,0
47039,-0.171,75.586,0.0,0.0,-1.5130000000000001,350.0786,0.0,0.0,43.115,0,2.0,3.49,310.14000000000004,2.664,38.43,0.0,257.832,0.0,0
47039,0.0,75.586,0.0,0.0,-1.5130000000000001,350.0786,0.0,0.0,43.618,0,2.0,3.2800000000000002,310.005,-1.9135000000000002,38.85,0.0,257.832,0.0,0
47039,0.512,75.586,0.0,0.0,-1.5130000000000001,350.0786,0.0,0.0,44.121,0,4.0,2.36,310.005,0.9238000000000001,39.06,0.0,257.832,0.0,0
47039,0.0,75.586,0.0,0.0,-1.5130000000000001,350.0786,0.0,0.0,44.619,0,3.0,2.23,309.915,-1.2784,38.49,0.0,257.832,0.0,0
47039,0.0,75.586,0.0,0.0,-1.5130000000000001,350.0786,0.0,0.0,45.117000000000004,0,3.0,2.8000000000000003,310.14000000000004,-1.3609,38.160000000000004,0.0,257.832,0.0,0
47039,0.0,75.586,0.0,0.0,-1.5130000000000001,350.0786,0.0,0.0,45.620000000000005,0,2.0,3.15,309.915,2.1939,38.07,0.0,257.832,0.0,0
47039,0.171,75.586,0.0,0.0,-1.5130000000000001,350.0786,0.0,0.0,46.118,0,2.0,3.005,310.005,0.9897,38.37,0.0,257.832,0.0,0
47039,0.171,75.586,0.0,0.0,-1.5130000000000001,350.0786,0.0,0.0,46.621,0,1.0,2.14,310.005,0.8165,39.18,0.0,257.832,0.0,0
47039,-0.171,75.586,0.0,0.0,-1.5130000000000001,350.0786,0.0,0.0,47.119,0,2.0,1.98,310.005,2.3094,39.54,0.0,257.832,0.0,0
47039,0.171,75.586,0.0,0.0,-1.5130000000000001,350.0786,0.0,0.0,47.622,0,3.0,2.575,310.005,0.39590000000000003,39.33,0.0,257.832,0.0,0
47039,0.0,75.586,0.0,0.0,-1.5130000000000001,350.0786,0.0,0.0,48.120000000000005,0,2.0,2.98,310.005,-0.9650000000000001,39.18,0.0,257.832,0.0,0
47039,0.171,75.586,0.0,0.0,-1.5130000000000001,350.0786,0.0,0.0,48.618,0,3.0,2.785,310.14000000000004,-1.3444,38.22,0.0,257.832,0.0,0
47039,0.0,75.586,0.0,0.0,-1.5130000000000001,350.0786,0.0,0.0,49.121,0,3.0,2.115,310.005,0.7918000000000001,37.38,0.0,257.832,0.0,0
47039,0.0,75.586,0.0,0.0,-1.5130000000000001,350.0786,0.0,0.0,49.624,0,2.0,2.185,310.005,-1.7815,36.93,0.0,257.832,0.0,0
47039,0.0,75.586,0.0,0.0,-1.5130000000000001,350.0786,0.0,0.0,49.673,0,1.0,2.3850000000000002,310.005,-2.1114,36.87,0.0,257.832,0.0,0
47039,0.171,75.586,0.0,0.0,-1.5130000000000001,350.0786,0.0,0.0,50.171,0,3.0,2.8850000000000002,310.005,-3.4311000000000003,37.08,0.0,257.832,0.0,0
47039,0.171,75.586,0.0,0.0,-1.5130000000000001,350.0786,0.0,0.0,50.669000000000004,0,2.0,3.13,310.005,-2.9032,37.17,0.0,257.832,0.0,0
47039,0.171,75.586,0.0,0.0,-1.5130000000000001,350.0786,0.0,0.0,51.172000000000004,0,4.0,2.4250000000000003,309.915,-0.132,38.160000000000004,0.0,257.832,0.0,0
47039,0.341,75.586,0.0,0.0,-1.5130000000000001,350.0786,0.0,0.0,51.67,0,3.0,2.305,310.005,0.5279,38.61,0.0,257.832,0.0,0
47039,0.171,75.586,0.0,0.0,-1.5130000000000001,350.0786,0.0,0.0,52.173,0,3.0,2.63,309.915,-1.0557,39.51,0.0,257.832,0.0,0
47039,0.171,75.586,0.0,0.0,-1.5130000000000001,350.0786,0.0,0.0,52.671,0,3.0,3.08,309.915,-2.1114,39.54,0.0,257.832,0.0,0
47039,0.0,75.586,0.0,0.0,-1.5130000000000001,350.0786,0.0,0.0,52.720000000000006,0,2.0,3.24,309.915,-2.9692000000000003,39.6,0.0,257.832,0.0,0
47039,0.171,75.586,0.0,0.0,-1.5130000000000001,350.0786,0.0,0.0,53.218,0,2.0,3.005,310.005,-3.761,39.300000000000004,0.0,257.832,0.0,0
47039,0.0,75.586,0.0,0.0,-1.5130000000000001,350.0786,0.0,0.0,53.721000000000004,0,3.0,2.605,309.915,2.7053000000000003,38.88,0.0,257.832,0.0,0
47039,0.0,75.586,0.0,0.0,-1.5130000000000001,350.0786,0.0,0.0,54.224000000000004,0,2.0,2.335,309.915,1.3856000000000002,38.64,0.0,257.832,0.0,0
47039,-0.171,75.586,0.0,0.0,-1.5130000000000001,350.0786,0.0,0.0,54.722,0,2.0,2.94,310.005,-1.5341,39.24,0.0,257.832,0.0,0
47039,0.171,75.586,0.0,0.0,-1.5130000000000001,350.0786,0.0,0.0,55.220000000000006,0,3.0,3.285,310.14000000000004,2.5981,39.54,0.0,257.832,0.0,0
47039,0.341,75.586,0.0,0.0,-1.5130000000000001,350.0786,0.0,0.0,55.723000000000006,0,2.0,3.055,310.005,3.1012,38.52,0.0,257.832,0.0,0
47039,0.0,75.586,0.0,0.0,-1.5130000000000001,350.0786,0.0,0.0,56.221000000000004,0,2.0,2.525,309.915,-2.8207,37.14,0.0,257.832,0.0,0
47039,0.0,75.586,0.0,0.0,-1.5130000000000001,350.0786,0.0,0.0,56.724000000000004,0,3.0,2.065,309.915,-5.3281,36.27,0.0,257.832,0.0,0
47039,0.0,75.586,0.0,0.0,-1.5130000000000001,350.0786,0.0,0.0,57.222,0,3.0,2.665,310.005,0.6598,36.45,0.0,257.832,0.0,0
47039,0.0,75.586,0.0,0.0,-1.5130000000000001,350.0786,0.0,0.0,57.725,0,2.0,2.825,309.915,1.4516,37.86,0.0,257.832,0.0,0
47039,-0.171,75.586,0.0,0.0,-1.5130000000000001,350.0786,0.0,0.0,58.223000000000006,0,2.0,2.65,310.005,3.3486000000000002,39.99,0.0,257.832,0.0,0
47039,0.0,75.586,0.0,0.0,-1.5130000000000001,350.0786,0.0,0.0,58.726000000000006,0,4.0,2.19,310.005,1.2537,40.74,0.0,257.832,0.0,0
47039,0.171,75.586,-0.5,0.0,-1.5130000000000001,350.0786,0.0,0.0,59.224000000000004,0,1.0,2.365,310.14000000000004,0.8165,40.800000000000004,0.0,257.832,0.0,0
47039,0.0,75.586,0.0,0.0,-1.5130000000000001,350.0786,0.0,0.0,59.722,0,3.0,3.045,310.005,0.6186,40.410000000000004,0.0,257.832,0.0,0
47039,0.341,75.586,0.0,0.0,-1.5130000000000001,350.0786,0.0,0.0,60.220000000000006,0,3.0,3.395,309.915,-2.8207,39.84,0.0,257.832,0.0,0
47039,0.0,75.586,0.0,0.0,-1.5130000000000001,350.0786,0.0,0.0,60.723000000000006,0,2.0,3.1750000000000003,310.005,-1.7155,39.54,0.0,257.832,0.0,0
47039,0.171,75.586,0.0,0.0,-1.5130000000000001,350.0786,0.0,0.0,61.221000000000004,0,4.0,2.47,309.915,1.0062,38.7,0.0,257.832,0.0,0
47039,0.171,75.586,-0.5,0.0,-1.5130000000000001,350.0786,0.0,0.0,61.724000000000004,0,3.0,2.315,310.005,-1.9300000000000002,38.28,0.0,257.832,0.0,0
47039,0.171,75.586,0.0,0.0,-1.5130000000000001,350.0786,0.0,0.0,62.222,0,2.0,3.21,310.14000000000004,-0.1567,36.99,0.0,257.832,0.0,0
47039,0.0,75.586,0.0,0.0,-1.5130000000000001,350.0786,0.0,0.0,62.720000000000006,0,3.0,3.34,310.005,2.9692000000000003,37.32,0.0,257.832,0.0,0
47039,0.0,75.586,-0.5,0.0,-1.5130000000000001,350.0786,0.0,0.0,63.223000000000006,0,2.0,3.35,310.005,-0.9897,38.46,0.0,257.832,0.0,0
47039,0.0,75.586,0.0,0.0,-1.5130000000000001,350.0786,0.0,0.0,63.271,0,1.0,3.015,310.005,-0.7918000000000001,38.61,0.0,257.832,0.0,0
47039,0.171,75.586,0.0,0.0,-1.5130000000000001,350.0786,0.0,0.0,63.774,0,3.0,2.595,309.915,-4.8827,39.81,0.0,257.832,0.0,0
47039,0.171,75.586,0.0,0.0,-1.5130000000000001,350.0786,0.0,0.0,64.272,0,3.0,2.535,310.005,0.5279,40.89,0.0,257.832,0.0,0
47039,0.341,75.586,0.5,0.0,-1.5130000000000001,350.0786,0.0,0.0,64.775,0,2.0,3.4450000000000003,310.005,2.1114,40.92,0.0,257.832,0.0,0
47039,0.341,75.586,0.0,0.0,-1.5130000000000001,350.0786,0.0,0.0,65.273,0,2.0,3.27,309.915,-1.0557,40.14,0.0,257.832,0.0,0
47039,0.171,75.586,0.0,0.0,-1.5130000000000001,350.0786,0.0,0.0,65.771,0,2.0,2.9,310.14000000000004,2.2434000000000003,40.02,0.0,257.832,0.0,0
47039,0.0,75.586,0.0,0.0,-1.5130000000000001,350.0786,0.0,0.0,66.274,0,2.0,2.69,309.915,1.9135000000000002,39.6,0.0,257.832,0.0,0
47039,0.0,75.586,0.0,0.0,-1.5130000000000001,350.0786,0.0,0.0,66.772,0,2.0,2.4050000000000002,310.005,-0.132,39.72,0.0,257.832,0.0,0
47039,-0.171,75.586,0.0,0.0,-1.5130000000000001,350.0786,0.0,0.0,67.275,0,2.0,3.1350000000000002,309.915,-1.9465000000000001,39.21,0.0,257.832,0.0,0
47039,0.171,75.586,0.0,0.0,-1.5130000000000001,350.0786,0.0,0.0,67.77300000000001,0,1.0,2.62,310.005,1.0557,38.88,0.0,257.832,0.0,0
47039,0.171,75.586,0.0,0.0,-1.5130000000000001,350.0786,0.0,0.0,68.23700000000001,0,3.0,-1.85,310.14000000000004,0.9567,37.89,0.0,257.832,0.0,0
47039,0.0,75.586,0.0,0.0,-1.5130000000000001,350.0786,0.0,0.0,68.555,0,3.0,-3.3200000000000003,310.005,3.2991,37.47,0.0,257.832,0.0,0
47039,0.0,75.586,0.0,0.0,-1.5130000000000001,350.0786,0.0,0.0,68.70100000000001,0,2.0,-2.695,309.915,-1.2537,37.89,0.0,257.832,0.0,0
47039,0.341,75.586,0.0,0.0,-1.5130000000000001,350.0786,0.0,0.0,68.73,0,2.0,0.8150000000000001,309.915,-5.1466,39.300000000000004,0.0,257.832,0.0,0
47039,0.171,75.586,0.0,0.0,-1.5130000000000001,350.0786,0.0,0.0,68.735,0,2.0,0.34500000000000003,309.915,0.5938,40.68,0.0,257.832,0.0,0
47039,0.171,75.586,0.0,0.0,-1.5130000000000001,350.0786,0.0,0.0,68.735,0,2.0,0.585,310.005,1.8475000000000001,40.62,0.0,257.832,0.0,0
47039,0.341,75.586,0.0,0.0,-1.5130000000000001,350.0786,0.0,0.0,68.735,0,2.0,-0.075,310.005,3.8930000000000002,40.47,0.0,257.832,0.0,0
47039,0.0,75.586,0.0,0.0,-1.5130000000000001,350.0786,0.0,0.0,68.696,0,2.0,-4.83,310.005,2.2434000000000003,39.54,0.0,257.832,0.0,0
47039,0.171,75.586,0.0,0.0,-1.5130000000000001,350.0786,0.0,-0.2,68.535,0,2.0,-8.145,310.005,-1.5836000000000001,38.85,0.0,257.832,0.0,0
47039,0.0,75.586,0.0,0.0,-1.5130000000000001,350.0786,0.0,0.0,68.184,0,2.0,-8.61,309.915,-3.1672000000000002,38.730000000000004,0.0,257.832,0.0,0
47039,0.0,75.586,0.0,0.0,-1.5130000000000001,350.0786,0.0,0.0,67.64200000000001,0,1.0,-9.0,310.005,-0.5279,38.97,0.0,257.832,0.0,0
47039,-0.171,75.586,0.0,0.0,-1.5130000000000001,350.0786,0.0,0.0,66.909,0,3.0,-8.870000000000001,310.005,2.1114,38.58,0.0,257.832,0.0,0
47039,0.0,75.586,0.5,0.0,-1.5130000000000001,350.0786,0.0,0.0,66.021,0,4.0,-7.68,310.14000000000004,2.4743,37.92,0.0,257.832,0.0,0
47039,0.0,75.586,0.0,0.0,-1.5130000000000001,350.0786,0.0,0.0,65.024,0,3.0,-3.5,310.005,3.1672000000000002,36.72,0.0,257.832,0.0,0
47039,0.0,75.586,0.0,0.0,-1.5130000000000001,350.0786,0.0,0.0,64.019,0,3.0,-3.495,310.14000000000004,2.2764,37.44,0.0,257.832,0.0,0
47039,0.0,75.586,0.0,0.0,-1.5130000000000001,350.0786,0.0,0.0,63.013000000000005,0,2.0,-3.46,310.14000000000004,-1.1877,39.03,0.0,257.832,0.0,0
47039,0.0,75.586,0.0,0.0,-1.5130000000000001,350.0786,0.0,0.0,62.012,0,2.0,-3.24,309.915,-4.9487000000000005,40.230000000000004,0.0,257.832,0.0,0
47039,0.0,75.586,0.0,0.0,-1.5130000000000001,350.0786,0.0,0.0,61.016000000000005,0,1.0,-3.52,310.005,-6.334300000000001,40.74,0.0,257.832,0.0,0
47039,-0.171,75.586,0.0,0.0,-1.5130000000000001,350.0786,0.0,0.0,60.015,0,1.0,-3.17,310.005,0.099,40.65,0.0,257.832,0.0,0
47039,0.171,75.586,0.0,0.0,-1.5130000000000001,350.0786,0.0,0.0,59.014,0,2.0,-3.735,310.005,1.1877,40.08,0.0,257.832,0.0,0
47039,0.0,75.586,0.0,0.0,-1.5130000000000001,350.0786,0.0,0.0,58.013000000000005,0,3.0,-3.865,310.005,-3.9589000000000003,39.78,0.0,257.832,0.0,0
47039,0.0,75.586,0.0,0.0,-1.5130000000000001,350.0786,0.0,0.0,57.915000000000006,0,2.0,-3.715,310.005,-3.629,39.6,0.0,257.832,0.0,0
47039,0.0,75.586,0.0,0.0,-1.5130000000000001,350.0786,0.0,0.0,56.914,0,2.0,-3.65,310.14000000000004,5.0559,38.4,0.0,257.832,0.0,0
47039,0.171,75.586,0.0,0.0,-1.5130000000000001,350.0786,0.0,0.0,55.913000000000004,0,1.0,-3.98,310.005,3.4311000000000003,37.53,0.0,257.832,0.0,0
47039,-0.171,75.586,0.0,0.0,-1.5130000000000001,350.0786,0.0,0.0,54.912000000000006,0,2.0,-2.985,310.005,-2.1114,37.44,0.0,257.832,0.0,0
47039,0.0,75.586,0.0,0.0,-1.5130000000000001,350.0786,0.0,0.0,53.911,0,3.0,-3.985,310.005,-2.1527000000000003,37.77,0.0,257.832,0.0,0
47039,0.0,75.586,0.0,0.0,-1.5130000000000001,350.0786,0.0,0.0,52.910000000000004,0,1.0,-3.09,310.005,0.0,37.95,0.0,257.832,0.0,0
47039,-0.171,75.586,-0.5,0.0,-1.5130000000000001,350.0786,0.0,0.0,51.914,0,3.0,-3.205,309.825,-4.3218000000000005,39.24,0.0,257.832,0.0,0
47039,0.0,75.586,0.0,0.0,-1.5130000000000001,350.0786,0.0,0.0,50.913000000000004,0,4.0,-3.765,309.915,-0.18150000000000002,40.26,0.0,257.832,0.0,0
47039,0.0,75.586,0.0,0.0,-1.5130000000000001,350.0786,0.0,0.0,49.912,0,2.0,-3.08,310.005,1.3856000000000002,40.44,0.0,257.832,0.0,0
47039,0.0,75.586,-0.5,0.0,-1.5130000000000001,350.0786,0.0,0.0,48.911,0,1.0,-3.915,310.14000000000004,1.8558000000000001,40.35,0.0,257.832,0.0,0
47039,0.0,75.586,0.0,0.0,-1.5130000000000001,350.0786,0.0,0.0,47.910000000000004,0,2.0,-3.58,309.915,0.2144,39.78,0.0,257.832,0.0,0
47039,0.341,75.586,0.0,0.0,-1.5130000000000001,350.0786,0.0,0.0,46.914,0,2.0,-3.37,310.005,-3.1012,39.36,0.0,257.832,0.0,0
47039,0.0,75.586,-0.5,0.0,-1.5130000000000001,350.0786,0.0,0.0,45.913000000000004,0,1.0,-3.92,310.005,-2.5733,39.09,0.0,257.832,0.0,0
47039,0.171,75.586,-0.5,0.0,-1.5130000000000001,350.0786,0.0,0.0,44.912,0,2.0,-2.935,310.005,0.5114000000000001,38.64,0.0,257.832,0.0,0
47039,0.0,75.586,0.0,0.0,-1.5130000000000001,350.0786,0.0,0.0,43.911,0,2.0,-3.8000000000000003,309.915,-1.5836000000000001,38.13,0.0,257.832,0.0,0
47039,0.171,75.586,0.0,0.0,-1.5130000000000001,350.0786,0.0,0.0,42.910000000000004,0,2.0,-3.105,310.005,-2.7713,37.050000000000004,0.0,257.832,0.0,0
47039,-0.171,75.586,0.0,0.0,-1.5130000000000001,350.0786,0.0,0.0,41.909,0,1.0,-3.015,309.915,2.8372,37.26,0.0,257.832,0.0,0
47039,0.341,75.586,0.0,0.0,-1.5130000000000001,350.0786,0.0,0.0,40.908,0,2.0,-3.73,309.915,1.1217000000000001,38.25,0.0,257.832,0.0,0
47039,0.0,75.586,-0.5,0.0,-1.5130000000000001,350.0786,0.0,0.0,39.907000000000004,0,3.0,-2.725,310.005,-1.9300000000000002,39.39,0.0,257.832,0.0,0
47039,0.341,75.586,0.0,0.0,-1.5130000000000001,350.0786,0.0,0.0,38.911,0,3.0,-3.7800000000000002,310.005,2.7548,39.93,0.0,257.832,0.0,0
47039,0.0,75.586,-0.5,0.0,-1.5130000000000001,350.0786,0.0,0.0,37.910000000000004,0,3.0,-3.2,310.005,0.7753,40.17,0.0,257.832,0.0,0
47039,0.0,75.586,0.0,0.0,-1.5130000000000001,350.0786,0.0,0.0,36.909,0,2.0,-3.335,310.005,-0.132,40.17,0.0,257.832,0.0,0
47039,0.341,75.586,-0.5,0.0,-1.5130000000000001,350.0786,0.0,0.0,35.908,0,3.0,-3.815,309.915,-0.2474,39.81,0.0,257.832,0.0,0
47039,0.341,75.586,0.0,0.0,-1.5130000000000001,350.0786,0.0,0.0,34.907000000000004,0,3.0,-3.075,310.005,-0.6598,39.24,0.0,257.832,0.0,0
47039,0.0,75.586,0.5,0.0,-1.5130000000000001,350.0786,0.0,0.0,33.911,0,2.0,-3.5700000000000003,310.005,-0.7918000000000001,38.28,0.0,257.832,0.0,0
47039,0.0,75.586,0.5,0.0,-1.5130000000000001,350.0786,0.0,0.0,32.905,0,1.0,-3.52,309.915,-0.9238000000000001,37.11,0.0,257.832,0.0,0
47039,0.0,75.586,0.0,0.0,-1.5130000000000001,350.0786,0.0,0.0,31.909000000000002,0,1.0,-2.615,310.005,-1.5836000000000001,36.72,0.0,257.832,0.0,0
47039,0.0,75.586,0.0,0.0,-1.5130000000000001,350.0786,0.0,0.0,30.908,0,2.0,-3.65,310.005,1.1877,36.06,0.0,257.832,0.0,0
47039,0.171,75.586,0.0,0.0,-1.5130000000000001,350.0786,0.0,0.0,30.806,0,3.0,-3.145,310.005,1.5836000000000001,36.0,0.0,257.832,0.0,0
47039,0.341,75.586,0.0,0.0,-1.5130000000000001,350.0786,0.0,0.0,29.805,0,2.0,-3.035,310.005,3.1672000000000002,36.03,0.0,257.832,0.0,0
47039,-0.171,75.586,0.0,0.0,-1.5130000000000001,350.0786,0.0,0.0,28.809,0,1.0,-4.2,310.005,-1.5836000000000001,37.65,0.0,257.832,0.0,0
47039,0.171,75.586,0.5,0.0,-1.5130000000000001,350.0786,0.0,0.0,27.808,0,1.0,-2.71,310.005,-0.2639,38.76,0.0,257.832,0.0,0
47039,0.0,75.586,0.0,0.0,-1.5130000000000001,350.0786,0.0,0.0,26.807000000000002,0,2.0,-3.96,310.14000000000004,-0.099,39.45,0.0,257.832,0.0,0
47039,0.341,75.586,0.0,0.0,-1.5130000000000001,350.0786,0.0,0.0,25.811,0,1.0,-3.54,310.005,1.1877,38.97,0.0,257.832,0.0,0
47039,0.341,75.586,0.0,0.0,-1.5130000000000001,350.0786,0.0,0.0,24.805,0,1.0,-3.21,309.915,2.4413,38.64,0.0,257.832,0.0,0
47039,0.341,75.586,-0.5,0.0,-1.5130000000000001,350.0786,0.0,0.0,23.809,0,2.0,-4.025,310.005,-1.9795,38.07,0.0,257.832,0.0,0
47039,0.171,75.586,0.0,0.0,-1.5130000000000001,350.0786,0.0,0.0,22.808,0,1.0,-2.95,309.915,-4.9487000000000005,38.67,0.0,257.832,0.0,0
47039,0.0,75.586,0.0,0.0,-1.5130000000000001,350.0786,0.0,0.0,21.807000000000002,0,4.0,-3.8000000000000003,309.915,-2.2434000000000003,38.58,0.0,257.832,0.0,0
47039,0.0,75.586,0.0,0.0,-1.5130000000000001,350.0786,0.0,0.0,20.806,0,2.0,-2.69,310.005,4.7507,37.800000000000004,0.0,257.832,0.0,0
47039,0.0,75.586,0.5,0.0,-1.5130000000000001,350.0786,0.0,0.0,19.805,0,2.0,-3.45,309.915,0.39590000000000003,36.75,0.0,257.832,0.0,0
47039,0.171,75.586,0.0,0.0,-1.5130000000000001,350.0786,0.0,0.0,18.809,0,3.0,-3.71,309.915,-4.486800000000001,36.33,0.0,257.832,0.0,0
47039,0.0,75.586,0.0,0.0,-1.5130000000000001,350.0786,0.0,0.2,17.861,0,2.0,6.1450000000000005,310.005,-0.2639,35.82,0.0,257.832,0.0,0
47039,0.0,75.586,0.5,0.0,-1.5130000000000001,350.0786,0.0,0.0,17.178,0,2.0,8.06,309.915,0.0,36.6,0.0,257.832,0.0,0
47039,0.0,75.586,0.0,0.0,-1.5130000000000001,350.0786,0.0,0.0,16.836000000000002,0,2.0,6.905,310.14000000000004,5.5425,39.06,0.0,257.832,0.0,0
47039,0.341,75.586,0.0,0.0,-1.5130000000000001,350.0786,0.0,0.0,16.748,0,2.0,1.1,309.915,0.3299,40.230000000000004,0.0,257.832,0.0,0
47039,0.171,75.586,0.0,0.0,-1.5130000000000001,350.0786,0.0,0.0,16.738,0,1.0,-0.08,310.005,0.132,39.51,0.0,257.832,0.0,0
47039,0.171,75.586,0.0,0.0,-1.5130000000000001,350.0786,0.0,0.0,16.743000000000002,0,2.0,-0.42,310.005,0.6268,38.52,0.0,257.832,0.0,0
47039,0.0,75.586,-0.5,0.0,-1.5130000000000001,350.0786,0.0,0.0,16.743000000000002,0,2.0,-0.185,309.915,-1.9795,38.01,0.0,257.832,0.0,0
47039,0.341,75.586,0.0,0.0,-1.5130000000000001,350.0786,0.0,0.0,16.743000000000002,0,2.0,-0.18,310.005,1.0557,38.04,0.0,257.832,0.0,0
47039,0.341,75.586,0.0,0.0,-1.5130000000000001,350.0786,0.0,0.0,16.743000000000002,0,3.0,-0.11,309.915,-1.4516,38.22,0.0,257.832,0.0,0
47039,0.171,75.586,-0.5,0.0,-1.5130000000000001,350.0786,0.0,-0.2,16.743000000000002,0,3.0,-0.075,310.14000000000004,-3.0682,37.95,0.0,257.832,0.0,0
47039,0.171,75.586,0.5,0.0,-1.5130000000000001,350.0786,0.0,0.0,16.763,0,2.0,5.605,310.005,1.9795,37.08,0.0,257.832,0.0,0
47039,0.512,75.586,0.5,0.0,-1.5130000000000001,350.0786,0.0,0.0,16.929000000000002,0,2.0,8.01,310.005,2.8372,35.97,0.0,257.832,0.0,0
47039,0.512,75.586,-0.5,0.0,-1.5130000000000001,350.0786,0.0,0.0,16.958000000000002,0,3.0,8.295,310.005,2.4249,35.910000000000004,0.0,257.832,0.0,0
47039,0.0,75.586,0.0,0.0,-1.5130000000000001,350.0786,0.0,0.0,17.354,0,2.0,6.69,310.005,-3.3404000000000003,35.7,0.0,257.832,0.0,0
47039,0.171,75.586,0.0,0.0,-1.5130000000000001,350.0786,0.0,0.0,17.866,0,3.0,1.715,310.005,-1.3196,36.51,0.0,257.832,0.0,0
47039,-0.171,75.586,0.5,0.0,-1.5130000000000001,350.0786,0.0,0.0,18.374000000000002,0,2.0,1.81,310.005,-1.5836000000000001,38.34,0.0,257.832,0.0,0
47039,0.171,75.586,0.0,0.0,-1.5130000000000001,350.0786,0.0,0.0,18.877000000000002,0,3.0,2.455,310.14000000000004,3.0764,39.78,0.0,257.832,0.0,0
47039,0.0,75.586,0.0,0.0,-1.5130000000000001,350.0786,0.0,0.0,19.375,0,1.0,2.62,309.915,5.4271,40.32,0.0,257.832,0.0,0
47039,0.0,75.586,0.0,0.0,-1.5130000000000001,350.0786,0.0,0.0,19.873,0,1.0,2.98,310.005,-0.8083,39.39,0.0,257.832,0.0,0
47039,-0.171,75.586,0.0,0.0,-1.5130000000000001,350.0786,0.0,0.0,20.376,0,2.0,2.315,309.915,-3.6538000000000004,37.92,0.0,257.832,0.0,0
47039,0.0,75.586,0.0,0.0,-1.5130000000000001,350.0786,0.0,0.0,20.874000000000002,0,3.0,2.125,310.005,-1.4269,37.56,0.0,257.832,0.0,0
47039,0.341,75.586,0.0,0.0,-1.5130000000000001,350.0786,0.0,0.0,21.377000000000002,0,2.0,2.5,310.005,0.2639,37.800000000000004,0.0,257.832,0.0,0
47039,0.341,75.586,0.0,0.0,-1.5130000000000001,350.0786,0.0,0.0,21.875,0,2.0,2.725,309.915,1.4681,37.980000000000004,0.0,257.832,0.0,0
47039,0.0,75.586,0.0,0.0,-1.5130000000000001,350.0786,0.0,0.0,22.378,0,3.0,2.875,310.005,-1.8475000000000001,38.31,0.0,257.832,0.0,0
47039,0.341,75.586,0.0,0.0,-1.5130000000000001,350.0786,0.0,0.0,22.876,0,4.0,2.58,309.915,-0.6433,37.86,0.0,257.832,0.0,0
47039,-0.171,75.586,0.0,0.0,-1.5130000000000001,350.0786,0.0,0.0,23.374000000000002,0,3.0,2.295,309.915,1.7155,37.35,0.0,257.832,0.0,0
47039,0.0,75.586,0.0,0.0,-1.5130000000000001,350.0786,0.0,0.0,23.877000000000002,0,3.0,2.645,310.005,-1.7155,36.24,0.0,257.832,0.0,0
47039,0.0,75.586,0.0,0.0,-1.5130000000000001,350.0786,0.0,0.0,24.375,0,2.0,2.6550000000000002,310.005,-0.0165,37.050000000000004,0.0,257.832,0.0,0
47039,0.341,75.586,0.0,0.0,-1.5130000000000001,350.0786,0.0,0.0,24.429000000000002,0,1.0,2.67,310.005,-0.066,37.2,0.0,257.832,0.0,0
47039,0.171,75.586,0.0,0.0,-1.5130000000000001,350.0786,0.0,0.0,24.927,0,2.0,2.59,310.14000000000004,5.6745,38.04,0.0,257.832,0.0,0
47039,0.171,75.586,0.5,0.0,-1.5130000000000001,350.0786,0.0,0.0,25.425,0,2.0,2.2,309.915,-0.19790000000000002,39.39,0.0,257.832,0.0,0
47039,0.0,75.586,0.0,0.0,-1.5130000000000001,350.0786,0.0,0.0,25.928,0,2.0,2.225,310.005,-1.7155,39.75,0.0,257.832,0.0,0
47039,0.341,75.586,0.0,0.0,-1.5130000000000001,350.0786,0.0,0.0,26.426000000000002,0,3.0,2.42,310.005,-0.9567,38.85,0.0,257.832,0.0,0
47039,0.171,75.586,0.0,0.0,-1.5130000000000001,350.0786,0.0,0.0,26.929000000000002,0,3.0,2.485,310.005,1.5836000000000001,38.4,0.0,257.832,0.0,0
47039,0.0,75.586,0.0,0.0,-1.5130000000000001,350.0786,0.0,0.0,27.427,0,2.0,2.325,310.005,-0.5279,38.25,0.0,257.832,0.0,0
47039,0.0,75.586,0.0,0.0,-1.5130000000000001,350.0786,0.0,0.0,27.93,0,1.0,2.085,310.005,-0.2639,37.29,0.0,257.832,0.0,0
47039,0.341,75.586,0.0,0.0,-1.5130000000000001,350.0786,0.0,0.0,28.428,0,1.0,2.27,309.915,0.066,37.410000000000004,0.0,257.832,0.0,0
47039,0.341,75.586,0.0,0.0,-1.5130000000000001,350.0786,0.0,0.0,28.926000000000002,0,1.0,2.725,310.005,-0.7918000000000001,37.47,0.0,257.832,0.0,0
47039,0.0,75.586,0.0,0.0,-1.5130000000000001,350.0786,0.0,0.0,29.429000000000002,0,1.0,2.615,310.005,-2.1114,37.08,0.0,257.832,0.0,0
47039,0.0,75.586,0.0,0.0,-1.5130000000000001,350.0786,0.0,0.0,29.927000000000003,0,2.0,2.495,309.915,-1.3196,37.050000000000004,0.0,257.832,0.0,0
47039,0.171,75.586,0.0,0.0,-1.5130000000000001,350.0786,0.0,0.0,30.43,0,1.0,2.285,310.005,-0.5279,37.26,0.0,257.832,0.0,0
47039,0.0,75.586,0.0,0.0,-1.5130000000000001,350.0786,0.0,0.0,30.928,0,1.0,2.465,309.915,2.2434000000000003,38.22,0.0,257.832,0.0,0
47039,0.0,75.586,0.0,0.0,-1.5130000000000001,350.0786,0.0,0.0,31.431,0,2.0,2.83,310.005,3.1012,39.78,0.0,257.832,0.0,0
47039,0.171,75.586,0.5,0.0,-1.5130000000000001,350.0786,0.0,0.0,31.929000000000002,0,2.0,2.695,310.005,-1.8475000000000001,40.02,0.0,257.832,0.0,0
47039,0.171,75.586,-0.5,0.0,-1.5130000000000001,350.0786,0.0,0.0,32.427,0,2.0,2.685,309.915,-1.3196,40.47,0.0,257.832,0.0,0
47039,0.171,75.586,0.0,0.0,-1.5130000000000001,350.0786,0.0,0.0,32.93,0,2.0,2.37,310.005,-2.7713,39.39,0.0,257.832,0.0,0
47039,0.0,75.586,0.0,0.0,-1.5130000000000001,350.0786,0.0,0.0,33.428000000000004,0,2.0,2.575,310.005,-0.7918000000000001,38.28,0.0,257.832,0.0,0
47039,0.0,75.586,0.0,0.0,-1.5130000000000001,350.0786,0.0,0.0,33.931000000000004,0,3.0,2.91,310.005,3.1672000000000002,37.11,0.0,257.832,0.0,0
47039,0.0,75.586,0.0,0.0,-1.5130000000000001,350.0786,0.0,0.0,34.429,0,2.0,2.595,309.915,0.5938,37.74,0.0,257.832,0.0,0
47039,0.341,75.586,0.0,0.0,-1.5130000000000001,350.0786,0.0,0.0,34.932,0,1.0,2.505,310.14000000000004,1.5836000000000001,38.34,0.0,257.832,0.0,0
47039,0.171,75.586,0.0,0.0,-1.5130000000000001,350.0786,0.0,0.0,35.43,0,2.0,2.185,310.005,0.2639,37.89,0.0,257.832,0.0,0
47039,0.171,75.586,0.0,0.0,-1.5130000000000001,350.0786,0.0,0.0,35.928000000000004,0,2.0,2.32,309.915,1.4516,38.7,0.0,257.832,0.0,0
47039,0.341,75.586,0.0,0.0,-1.5130000000000001,350.0786,0.0,0.0,36.431000000000004,0,2.0,2.63,309.915,-4.5858,38.7,0.0,257.832,0.0,0
47039,0.0,75.586,0.0,0.0,-1.5130000000000001,350.0786,0.0,0.0,36.929,0,3.0,2.565,310.005,-2.9032,39.54,0.0,257.832,0.0,0
47039,0.0,75.586,0.0,0.0,-1.5130000000000001,350.0786,0.0,0.0,37.432,0,2.0,2.295,309.915,0.2639,40.32,0.0,257.832,0.0,0
47039,0.341,75.586,0.0,0.0,-1.5130000000000001,350.0786,0.0,0.0,37.93,0,1.0,2.1750000000000003,309.915,-2.1114,39.81,0.0,257.832,0.0,0
47039,0.0,75.586,0.0,0.0,-1.5130000000000001,350.0786,0.0,0.0,37.979,0,3.0,2.185,310.005,-2.1279,39.78,0.0,257.832,0.0,0
47039,0.0,75.586,0.0,0.0,-1.5130000000000001,350.0786,0.0,0.0,38.481,0,2.0,2.57,310.005,-1.0557,39.57,0.0,257.832,0.0,0
47039,0.341,75.586,0.5,0.0,-1.5130000000000001,350.0786,0.0,0.0,38.979,0,2.0,3.035,310.005,3.6785,39.27,0.0,257.832,0.0,0
47039,0.0,75.586,0.0,0.0,-1.5130000000000001,350.0786,0.0,0.0,39.482,0,2.0,2.68,309.915,0.2639,38.730000000000004,0.0,257.832,0.0,0
47039,0.341,75.586,0.0,0.0,-1.5130000000000001,350.0786,0.0,0.0,39.980000000000004,0,3.0,2.1,310.005,-1.8475000000000001,38.34,0.0,257.832,0.0,0
47039,0.171,75.586,0.0,0.0,-1.5130000000000001,350.0786,0.0,0.0,40.479,0,2.0,2.435,310.005,0.7918000000000001,38.31,0.0,257.832,0.0,0
47039,0.0,75.586,0.0,0.0,-1.5130000000000001,350.0786,0.0,0.0,40.981,0,2.0,2.88,309.915,2.3754,37.68,0.0,257.832,0.0,0
47039,0.0,75.586,0.0,0.0,-1.5130000000000001,350.0786,0.0,0.0,41.479,0,2.0,3.005,309.915,-0.18150000000000002,37.95,0.0,257.832,0.0,0
47039,0.171,75.586,0.0,0.0,-1.5130000000000001,350.0786,0.0,0.0,41.982,0,2.0,2.67,310.14000000000004,-1.0145,39.15,0.0,257.832,0.0,0
47039,0.171,75.586,0.0,0.0,-1.5130000000000001,350.0786,0.0,0.0,42.480000000000004,0,3.0,2.54,309.915,2.3259000000000003,40.14,0.0,257.832,0.0,0
47039,0.0,75.586,0.0,0.0,-1.5130000000000001,350.0786,0.0,0.0,42.979,0,3.0,2.705,309.915,3.3651,40.53,0.0,257.832,0.0,0
47039,0.171,75.586,-0.5,0.0,-1.5130000000000001,350.0786,0.0,0.0,43.481,0,2.0,2.87,309.915,-4.9487000000000005,39.84,0.0,257.832,0.0,0
47039,0.171,75.586,0.0,0.0,-1.5130000000000001,350.0786,0.0,0.0,43.979,0,2.0,3.295,310.005,-1.4021000000000001,39.51,0.0,257.832,0.0,0
47039,0.0,75.586,0.0,0.0,-1.5130000000000001,350.0786,0.0,0.0,44.482,0,2.0,2.545,309.825,-1.1299000000000001,38.7,0.0,257.832,0.0,0
47039,0.171,75.586,0.0,0.0,-1.5130000000000001,350.0786,0.0,0.0,44.980000000000004,0,2.0,2.32,309.915,1.0557,38.79,0.0,257.832,0.0,0
47039,0.171,75.586,0.0,0.0,-1.5130000000000001,350.0786,0.0,0.0,45.483000000000004,0,2.0,2.39,310.005,-1.0557,38.64,0.0,257.832,0.0,0
47039,0.171,75.586,0.0,0.0,-1.5130000000000001,350.0786,0.0,0.0,45.532000000000004,0,2.0,2.695,310.005,-0.5279,38.61,0.0,257.832,0.0,0
47039,0.341,75.586,0.0,0.0,-1.5130000000000001,350.0786,0.0,0.0,46.03,0,2.0,3.095,310.005,2.5073000000000003,38.31,0.0,257.832,0.0,0
47039,0.171,75.586,0.0,0.0,-1.5130000000000001,350.0786,0.0,0.0,46.533,0,2.0,2.7,309.915,0.0,37.71,0.0,257.832,0.0,0
47039,0.171,75.586,0.0,0.0,-1.5130000000000001,350.0786,0.0,0.0,47.036,0,4.0,2.075,309.915,0.066,37.59,0.0,257.832,0.0,0
47039,0.171,75.586,0.0,0.0,-1.5130000000000001,350.0786,0.0,0.0,47.534,0,2.0,2.255,309.915,-0.9238000000000001,37.74,0.0,257.832,0.0,0
47039,0.512,75.586,0.0,0.0,-1.5130000000000001,350.0786,0.0,0.0,48.032000000000004,0,2.0,2.695,310.005,-2.9692000000000003,39.24,0.0,257.832,0.0,0
47039,-0.171,75.586,0.0,0.0,-1.5130000000000001,350.0786,0.0,0.0,48.535000000000004,0,2.0,2.875,310.005,2.3754,40.59,0.0,257.832,0.0,0
47039,0.171,75.586,0.0,0.0,-1.5130000000000001,350.0786,0.0,0.0,49.033,0,2.0,2.625,310.005,2.0455,40.800000000000004,0.0,257.832,0.0,0
47039,0.512,75.586,0.0,0.0,-1.5130000000000001,350.0786,0.0,0.0,49.536,0,1.0,2.32,310.14000000000004,2.7713,39.9,0.0,257.832,0.0,0
47039,0.341,75.586,0.5,0.0,-1.5130000000000001,350.0786,0.0,0.0,50.034,0,1.0,2.22,310.005,-0.7918000000000001,39.24,0.0,257.832,0.0,0
47039,0.171,75.586,0.0,0.0,-1.5130000000000001,350.0786,0.0,0.0,50.532000000000004,0,2.0,2.69,309.915,-3.2991,39.21,0.0,257.832,0.0,0
47039,0.171,75.586,0.0,0.0,-1.5130000000000001,350.0786,0.0,0.0,51.035000000000004,0,1.0,3.075,310.005,-3.596,39.57,0.0,257.832,0.0,0
47039,0.0,75.586,0.0,0.0,-1.5130000000000001,350.0786,0.0,0.0,51.533,0,2.0,3.0300000000000002,310.005,2.7713,39.36,0.0,257.832,0.0,0
47039,0.0,75.586,0.0,0.0,-1.5130000000000001,350.0786,0.0,0.0,52.031000000000006,0,2.0,2.56,310.005,2.5733,38.910000000000004,0.0,257.832,0.0,0
47039,0.171,75.586,0.0,0.0,-1.5130000000000001,350.0786,0.0,0.0,52.534000000000006,0,2.0,2.47,309.915,-3.563,37.38,0.0,257.832,0.0,0
47039,0.512,75.586,-0.5,0.0,-1.5130000000000001,350.0786,0.0,0.0,53.032000000000004,0,2.0,2.8000000000000003,309.915,-1.5176,37.14,0.0,257.832,0.0,0
47039,0.341,75.586,0.0,0.0,-1.5130000000000001,350.0786,0.0,0.0,53.535000000000004,0,3.0,3.145,310.005,-0.2639,37.83,0.0,257.832,0.0,0
47039,0.341,75.586,0.5,0.0,-1.5130000000000001,350.0786,0.0,0.0,54.033,0,2.0,2.7600000000000002,310.005,2.5733,39.660000000000004,0.0,257.832,0.0,0
47039,0.0,75.586,0.0,0.0,-1.5130000000000001,350.0786,0.0,0.0,54.536,0,3.0,2.5100000000000002,309.915,-1.3196,41.85,0.0,257.832,0.0,0
47039,0.0,75.586,0.0,0.0,-1.5130000000000001,350.0786,0.0,0.0,54.536,0,3.0,2.5100000000000002,309.915,-1.3196,41.85,0.0,257.832,0.0,0
47039,0.171,75.586,0.0,0.0,-1.5130000000000001,350.0786,0.0,0.0,55.034000000000006,0,1.0,2.32,310.005,-0.5279,41.94,0.0,257.832,0.0,0
47039,0.171,75.586,0.0,0.0,-1.5130000000000001,350.0786,0.0,0.0,55.532000000000004,0,2.0,2.8000000000000003,310.005,2.1114,41.13,0.0,257.832,0.0,0
47039,0.0,75.586,0.0,0.0,-1.5130000000000001,350.0786,0.0,0.0,56.035000000000004,0,2.0,3.0700000000000003,310.005,0.9897,40.47,0.0,257.832,0.0,0
47039,0.341,75.586,0.0,0.0,-1.5130000000000001,350.0786,0.0,0.0,56.533,0,2.0,2.68,310.005,-1.3196,39.84,0.0,257.832,0.0,0
47039,-0.171,75.586,0.0,0.0,-1.5130000000000001,350.0786,0.0,0.0,57.036,0,2.0,2.06,309.915,-2.5733,38.79,0.0,257.832,0.0,0
47039,0.171,75.586,0.5,0.0,-1.5130000000000001,350.0786,0.0,0.0,57.534000000000006,0,1.0,2.205,309.915,-1.5836000000000001,38.58,0.0,257.832,0.0,0
47039,0.0,75.586,0.0,0.0,-1.5130000000000001,350.0786,0.0,0.0,58.037000000000006,0,2.0,2.59,309.915,2.4413,38.7,0.0,257.832,0.0,0
47039,0.341,75.586,0.5,0.0,-1.5130000000000001,350.0786,0.0,0.0,58.535000000000004,0,1.0,2.6550000000000002,310.14000000000004,6.9941,38.13,0.0,257.832,0.0,0
47039,0.0,75.586,0.0,0.0,-1.5130000000000001,350.0786,0.0,0.0,59.038000000000004,0,2.0,2.91,310.14000000000004,2.2104,37.68,0.0,257.832,0.0,0
47039,0.341,75.586,0.0,0.0,-1.5130000000000001,350.0786,0.0,0.0,59.536,0,2.0,2.7,310.005,-0.132,38.58,0.0,257.832,0.0,0
47039,0.171,75.586,0.0,0.0,-1.5130000000000001,350.0786,0.0,0.0,60.034000000000006,0,2.0,2.485,310.005,-2.2764,39.39,0.0,257.832,0.0,0
47039,0.341,75.586,-0.5,0.0,-1.5130000000000001,350.0786,0.0,0.0,60.537000000000006,0,2.0,2.875,310.005,-4.0909,40.14,0.0,257.832,0.0,0
47039,0.0,75.586,0.0,0.0,-1.5130000000000001,350.0786,0.0,0.0,60.586000000000006,0,1.0,3.25,310.005,-3.3404000000000003,40.2,0.0,257.832,0.0,0
47039,-0.171,75.586,0.0,0.0,-1.5130000000000001,350.0786,0.0,0.0,61.084,0,2.0,3.125,310.005,-1.3196,40.08,0.0,257.832,0.0,0
47039,0.0,75.586,0.0,0.0,-1.5130000000000001,350.0786,0.0,0.2,61.587,0,2.0,2.89,310.14000000000004,3.8682000000000003,40.2,0.0,257.832,0.0,0
47039,0.171,75.586,0.0,0.0,-1.5130000000000001,350.0786,0.0,0.0,62.085,0,2.0,2.4050000000000002,309.915,0.9402,39.63,0.0,257.832,0.0,0
47039,0.171,75.586,0.0,0.0,-1.5130000000000001,350.0786,0.0,0.0,62.588,0,2.0,2.795,310.005,-4.6188,38.94,0.0,257.832,0.0,0
47039,0.0,75.586,0.0,0.0,-1.5130000000000001,350.0786,0.0,0.0,63.086000000000006,0,2.0,3.495,309.915,-3.2166,38.79,0.0,257.832,0.0,0
47039,0.171,75.586,0.0,0.0,-1.5130000000000001,350.0786,0.0,0.0,63.584,0,2.0,3.245,309.915,0.0,38.160000000000004,0.0,257.832,0.0,0
47039,0.0,75.586,0.0,0.0,-1.5130000000000001,350.0786,0.0,0.0,64.087,0,2.0,2.875,310.14000000000004,1.4929000000000001,37.74,0.0,257.832,0.0,0
47039,0.341,75.586,0.0,0.0,-1.5130000000000001,350.0786,0.0,0.0,64.58500000000001,0,3.0,2.35,310.005,0.8413,37.71,0.0,257.832,0.0,0
47039,0.171,75.586,-0.5,0.0,-1.5130000000000001,350.0786,0.0,0.0,65.08800000000001,0,2.0,2.8000000000000003,310.14000000000004,3.1259,36.93,0.0,257.832,0.0,0
47039,0.341,75.586,0.5,0.0,-1.5130000000000001,350.0786,0.0,0.0,65.586,0,2.0,3.2,310.005,-0.5031,37.92,0.0,257.832,0.0,0
47039,0.0,75.586,0.0,0.0,-1.5130000000000001,350.0786,0.0,0.0,66.084,0,3.0,3.2800000000000002,309.915,-2.3094,38.94,0.0,257.832,0.0,0
47039,0.341,75.586,0.0,0.0,-1.5130000000000001,350.0786,0.0,0.0,66.587,0,2.0,2.9050000000000002,309.915,0.17320000000000002,40.050000000000004,0.0,257.832,0.0,0
47039,0.0,75.586,0.5,0.0,-1.5130000000000001,350.0786,0.0,0.0,66.63600000000001,0,1.0,2.35,309.915,0.4289,40.17,0.0,257.832,0.0,0
47039,0.341,75.586,0.0,0.0,-1.5130000000000001,350.0786,0.0,0.0,67.13900000000001,0,2.0,2.49,310.14000000000004,1.8475000000000001,40.47,0.0,257.832,0.0,0
47039,0.0,75.586,0.0,0.0,-1.5130000000000001,350.0786,0.0,0.0,67.637,0,2.0,2.77,310.005,0.7258,40.5,0.0,257.832,0.0,0
47039,0.0,75.586,0.0,0.0,-1.5130000000000001,350.0786,0.0,-0.2,68.12,0,2.0,-0.14,309.915,-1.1877,39.87,0.0,257.832,0.0,0
47039,-0.171,75.586,0.0,0.0,-1.5130000000000001,350.0786,0.0,0.0,68.48100000000001,0,2.0,-3.02,310.005,-0.6928000000000001,38.88,0.0,257.832,0.0,0
47039,0.341,75.586,-0.5,0.0,-1.5130000000000001,350.0786,0.0,0.0,68.677,0,3.0,-3.515,310.005,1.4516,37.95,0.0,257.832,0.0,0
47039,0.0,75.586,0.0,0.0,-1.5130000000000001,350.0786,0.0,0.0,68.726,0,2.0,-0.185,310.005,-0.066,36.84,0.0,257.832,0.0,0
47039,0.0,75.586,-0.5,0.0,-1.5130000000000001,350.0786,0.0,0.0,68.735,0,3.0,0.1,309.915,-2.9032,36.96,0.0,257.832,0.0,0
47039,0.0,75.586,0.0,0.0,-1.5130000000000001,350.0786,0.0,0.0,68.735,0,4.0,0.75,310.005,-0.5279,37.17,0.0,257.832,0.0,0
47039,0.341,75.586,0.0,0.0,-1.5130000000000001,350.0786,0.0,0.0,68.735,0,3.0,0.59,310.005,1.8475000000000001,36.99,0.0,257.832,0.0,0
47039,0.171,75.586,0.0,0.0,-1.5130000000000001,350.0786,0.0,0.0,68.726,0,3.0,-3.12,310.005,2.0455,38.25,0.0,257.832,0.0,0
47039,0.171,75.586,-0.5,0.0,-1.5130000000000001,350.0786,0.0,0.0,68.61800000000001,0,3.0,-7.08,309.915,-0.5279,39.300000000000004,0.0,257.832,0.0,0
47039,0.171,75.586,0.5,0.0,-1.5130000000000001,350.0786,0.0,0.0,68.345,0,1.0,-8.425,310.14000000000004,0.9567,39.69,0.0,257.832,0.0,0
47039,0.0,75.586,0.0,0.0,-1.5130000000000001,350.0786,0.0,0.0,67.881,0,2.0,-8.700000000000001,310.14000000000004,3.4311000000000003,39.75,0.0,257.832,0.0,0
47039,0.341,75.586,0.0,0.0,-1.5130000000000001,350.0786,0.0,0.0,67.227,0,1.0,-8.845,310.005,0.9897,40.02,0.0,257.832,0.0,0
47039,-0.171,75.586,0.0,0.0,-1.5130000000000001,350.0786,0.0,0.0,66.401,0,0.0,-8.815,310.005,-2.6393,39.93,0.0,257.832,0.0,0
47039,0.171,75.586,0.0,0.0,-1.5130000000000001,350.0786,0.0,0.0,65.43900000000001,0,3.0,-5.3950000000000005,309.915,-2.4743,39.69,0.0,257.832,0.0,0
47039,0.171,75.586,0.5,0.0,-1.5130000000000001,350.0786,0.0,0.0,64.434,0,3.0,-3.11,310.005,-2.1114,38.61,0.0,257.832,0.0,0
47039,0.0,75.586,0.0,0.0,-1.5130000000000001,350.0786,0.0,0.2,63.428000000000004,0,3.0,-3.48,310.005,-1.0557,37.83,0.0,257.832,0.0,0
47039,0.341,75.586,0.0,0.0,-1.5130000000000001,350.0786,0.0,0.0,63.330000000000005,0,2.0,-3.75,310.005,-0.6598,37.800000000000004,0.0,257.832,0.0,0
47039,0.341,75.586,0.0,0.0,-1.5130000000000001,350.0786,0.0,0.0,62.329,0,3.0,-2.875,310.005,1.0392000000000001,36.69,0.0,257.832,0.0,0
47039,0.171,75.586,0.0,0.0,-1.5130000000000001,350.0786,0.0,0.0,61.328,0,2.0,-3.83,310.005,0.7918000000000001,37.14,0.0,257.832,0.0,0
47039,0.0,75.586,0.0,0.0,-1.5130000000000001,350.0786,0.0,0.0,60.327000000000005,0,2.0,-3.0100000000000002,309.915,-1.3032000000000001,37.86,0.0,257.832,0.0,0
47039,-0.171,75.586,0.0,0.0,-1.5130000000000001,350.0786,0.0,-0.2,59.326,0,2.0,-3.43,310.005,-2.2599,38.79,0.0,257.832,0.0,0
47039,0.341,75.586,0.0,0.0,-1.5130000000000001,350.0786,0.0,-0.2,58.330000000000005,0,3.0,-4.075,310.14000000000004,-1.4764000000000002,39.36,0.0,257.832,0.0,0
47039,0.0,75.586,0.0,0.0,-1.5130000000000001,350.0786,0.0,0.0,57.329,0,2.0,-3.38,310.005,4.0084,39.57,0.0,257.832,0.0,0
47039,0.512,75.586,0.0,0.0,-1.5130000000000001,350.0786,0.0,0.2,56.328,0,3.0,-4.08,310.14000000000004,0.8330000000000001,39.72,0.0,257.832,0.0,0
47039,0.0,75.586,0.0,0.0,-1.5130000000000001,350.0786,0.0,0.0,55.327000000000005,0,3.0,-3.69,309.825,-2.9032,39.63,0.0,257.832,0.0,0
47039,0.512,75.586,0.0,0.0,-1.5130000000000001,350.0786,0.0,0.0,54.326,0,3.0,-3.16,310.005,-3.3651,39.15,0.0,257.832,0.0,0
47039,0.341,75.586,0.0,0.0,-1.5130000000000001,350.0786,0.0,0.0,53.325,0,1.0,-3.755,309.915,-2.9527,38.58,0.0,257.832,0.0,0
47039,0.341,75.586,0.0,0.0,-1.5130000000000001,350.0786,0.0,0.0,52.324000000000005,0,1.0,-3.06,310.005,5.9714,37.02,0.0,257.832,0.0,0
47039,0.341,75.586,-0.5,0.0,-1.5130000000000001,350.0786,0.0,0.0,51.328,0,2.0,-3.715,309.915,-0.9897,35.97,0.0,257.832,0.0,0
47039,0.512,75.586,0.0,0.0,-1.5130000000000001,350.0786,0.0,0.0,50.327000000000005,0,2.0,-3.36,309.915,-2.7053000000000003,36.03,0.0,257.832,0.0,0
47039,0.341,75.586,0.0,0.0,-1.5130000000000001,350.0786,0.0,0.0,49.326,0,2.0,-3.495,310.005,-1.5588000000000002,36.480000000000004,0.0,257.832,0.0,0
47039,0.0,75.586,0.0,0.0,-1.5130000000000001,350.0786,0.0,0.0,48.325,0,2.0,-3.71,310.005,6.6477,37.800000000000004,0.0,257.832,0.0,0
47039,0.171,75.586,0.0,0.0,-1.5130000000000001,350.0786,0.0,0.0,47.324000000000005,0,2.0,-3.39,310.005,2.5568,38.7,0.0,257.832,0.0,0
47039,0.512,75.586,0.0,0.0,-1.5130000000000001,350.0786,0.0,0.0,46.328,0,3.0,-4.1850000000000005,310.005,-3.2331000000000003,40.410000000000004,0.0,257.832,0.0,0
47039,0.171,75.586,0.0,0.0,-1.5130000000000001,350.0786,0.0,0.0,45.322,0,2.0,-3.48,309.915,-2.862,39.69,0.0,257.832,0.0,0
47039,0.341,75.586,0.0,0.0,-1.5130000000000001,350.0786,0.0,0.0,44.326,0,2.0,-3.16,310.005,0.132,39.12,0.0,257.832,0.0,0
47039,0.171,75.586,0.0,0.0,-1.5130000000000001,350.0786,0.0,0.0,43.325,0,2.0,-3.44,310.005,2.3589,39.06,0.0,257.832,0.0,0
47039,0.0,75.586,0.0,0.0,-1.5130000000000001,350.0786,0.0,0.0,42.324000000000005,0,2.0,-2.89,310.005,1.4351,39.15,0.0,257.832,0.0,0
47039,0.0,75.586,0.5,0.0,-1.5130000000000001,350.0786,0.0,0.0,41.323,0,1.0,-3.805,310.005,-1.4516,38.94,0.0,257.832,0.0,0
47039,-0.171,75.586,0.0,0.0,-1.5130000000000001,350.0786,0.0,0.0,40.322,0,1.0,-3.125,310.005,-1.3196,38.550000000000004,0.0,257.832,0.0,0
47039,0.0,75.586,0.0,0.0,-1.5130000000000001,350.0786,0.0,0.0,39.321000000000005,0,2.0,-3.1350000000000002,310.005,1.3196,37.71,0.0,257.832,0.0,0
47039,0.0,75.586,0.0,0.0,-1.5130000000000001,350.0786,0.0,0.0,38.325,0,2.0,-3.5500000000000003,310.005,1.4516,37.89,0.0,257.832,0.0,0
47039,0.341,75.586,0.0,0.0,-1.5130000000000001,350.0786,0.0,0.0,37.324000000000005,0,3.0,-3.0,310.005,-1.4516,36.69,0.0,257.832,0.0,0
47039,0.171,75.586,0.0,0.0,-1.5130000000000001,350.0786,0.0,0.0,36.323,0,2.0,-3.96,309.915,-2.3589,37.38,0.0,257.832,0.0,0
47039,0.512,75.586,0.0,0.0,-1.5130000000000001,350.0786,0.0,0.0,36.226,0,1.0,-3.9,309.915,-2.5733,37.56,0.0,257.832,0.0,0
47039,0.341,75.586,0.0,0.0,-1.5130000000000001,350.0786,0.0,0.0,35.22,0,2.0,-3.015,309.915,-1.5836000000000001,39.51,0.0,257.832,0.0,0
47039,0.341,75.586,-0.5,0.0,-1.5130000000000001,350.0786,0.0,0.0,34.224000000000004,0,3.0,-3.46,310.005,1.0557,41.43,0.0,257.832,0.0,0
47039,0.0,75.586,-0.5,0.0,-1.5130000000000001,350.0786,0.0,0.0,33.223,0,3.0,-3.41,309.915,0.132,41.4,0.0,257.832,0.0,0
47039,0.0,75.586,0.5,0.0,-1.5130000000000001,350.0786,0.0,0.0,32.222,0,2.0,-2.825,310.005,-0.8578,40.17,0.0,257.832,0.0,0
47039,0.0,75.586,0.0,0.0,-1.5130000000000001,350.0786,0.0,0.0,31.221,0,3.0,-3.725,310.005,-0.5279,39.24,0.0,257.832,0.0,0
47039,0.0,75.586,-0.5,0.0,-1.5130000000000001,350.0786,0.0,0.0,30.220000000000002,0,2.0,-2.89,310.14000000000004,2.4743,38.7,0.0,257.832,0.0,0
47039,0.512,75.586,0.0,0.0,-1.5130000000000001,350.0786,0.0,0.0,29.224,0,4.0,-3.79,310.005,2.5073000000000003,38.49,0.0,257.832,0.0,0
47039,0.0,75.586,0.0,0.0,-1.5130000000000001,350.0786,0.0,0.0,28.223000000000003,0,3.0,-3.95,310.14000000000004,0.6928000000000001,38.76,0.0,257.832,0.0,0
47039,0.341,75.586,0.0,0.0,-1.5130000000000001,350.0786,0.0,0.0,27.222,0,1.0,-2.865,310.005,-1.5836000000000001,38.19,0.0,257.832,0.0,0
47039,-0.171,75.586,0.0,0.0,-1.5130000000000001,350.0786,0.0,0.0,26.221,0,2.0,-4.32,310.005,-2.3754,37.71,0.0,257.832,0.0,0
47039,0.512,75.586,0.0,0.0,-1.5130000000000001,350.0786,0.0,0.0,25.220000000000002,0,3.0,-2.7,309.915,-2.9032,38.01,0.0,257.832,0.0,0
47039,0.512,75.586,0.0,0.0,-1.5130000000000001,350.0786,0.0,0.0,24.219,0,3.0,-3.91,310.005,-1.0557,39.21,0.0,257.832,0.0,0
47039,0.512,75.586,0.0,0.0,-1.5130000000000001,350.0786,0.0,0.0,23.218,0,4.0,-3.235,310.005,-1.4516,40.17,0.0,257.832,0.0,0
47039,0.341,75.586,0.5,0.0,-1.5130000000000001,350.0786,0.0,0.0,22.222,0,2.0,-3.105,309.915,2.3754,40.62,0.0,257.832,0.0,0
47039,0.341,75.586,0.0,0.0,-1.5130000000000001,350.0786,0.0,0.0,21.221,0,2.0,-3.98,310.14000000000004,1.3196,40.29,0.0,257.832,0.0,0
47039,0.341,75.586,-0.5,0.0,-1.5130000000000001,350.0786,0.0,0.0,20.220000000000002,0,2.0,-2.455,310.005,0.2639,39.660000000000004,0.0,257.832,0.0,0
47039,0.0,75.586,0.0,0.0,-1.5130000000000001,350.0786,0.0,0.0,19.219,0,1.0,-3.9050000000000002,309.915,0.39590000000000003,39.12,0.0,257.832,0.0,0
47039,0.341,75.586,0.5,0.0,-1.5130000000000001,350.0786,0.0,0.0,18.218,0,2.0,-3.54,310.005,-0.4289,38.910000000000004,0.0,257.832,0.0,0
47039,0.0,75.586,0.0,0.0,-1.5130000000000001,350.0786,0.0,0.0,17.222,0,3.0,-3.1950000000000003,310.005,0.7918000000000001,38.88,0.0,257.832,0.0,0
47039,0.0,75.586,0.0,0.0,-1.5130000000000001,350.0786,0.0,0.0,16.221,0,2.0,-4.5200000000000005,310.005,0.9897,38.82,0.0,257.832,0.0,0
47039,0.171,75.586,0.0,0.0,-1.5130000000000001,350.0786,0.0,0.0,15.22,0,2.0,-2.545,310.005,0.0,37.86,0.0,257.832,0.0,0
47039,0.512,75.586,0.0,0.0,-1.5130000000000001,350.0786,0.0,0.0,15.117,0,2.0,-3.69,309.915,-0.5114000000000001,37.71,0.0,257.832,0.0,0
47039,0.171,75.586,-0.5,0.0,-1.5130000000000001,350.0786,0.0,0.0,14.121,0,3.0,-2.965,310.005,-2.3754,36.75,0.0,257.832,0.0,0
47039,0.512,75.586,0.0,0.0,-1.5130000000000001,350.0786,0.0,0.0,13.115,0,4.0,-3.235,310.005,0.2639,37.29,0.0,257.832,0.0,0
47039,0.171,75.586,0.0,0.0,-1.5130000000000001,350.0786,0.0,0.0,12.119,0,3.0,-2.94,310.005,5.0806000000000004,38.1,0.0,257.832,0.0,0
47039,0.341,75.586,-0.5,0.0,-1.5130000000000001,350.0786,0.0,0.0,11.118,0,2.0,-3.38,310.005,-2.7053000000000003,39.39,0.0,257.832,0.0,0
47039,0.512,75.586,0.0,0.0,-1.5130000000000001,350.0786,0.0,0.0,10.117,0,2.0,-2.89,309.915,-4.9322,40.53,0.0,257.832,0.0,0
47039,0.512,75.586,0.0,0.0,-1.5130000000000001,350.0786,0.0,0.0,9.116,0,2.0,-4.28,309.915,-0.6433,40.74,0.0,257.832,0.0,0
47039,0.0,75.586,0.0,0.0,-1.5130000000000001,350.0786,0.0,0.0,8.120000000000001,0,2.0,-2.79,309.825,-1.8310000000000002,40.59,0.0,257.832,0.0,0
47039,0.0,75.586,0.0,0.0,-1.5130000000000001,350.0786,0.0,0.0,7.134,0,2.0,2.245,309.915,2.7053000000000003,39.63,0.0,257.832,0.0,0
47039,0.0,75.586,-0.5,0.0,-1.5130000000000001,350.0786,0.0,0.0,6.353000000000001,0,3.0,7.505,310.005,0.9732000000000001,38.730000000000004,0.0,257.832,0.0,0
47039,0.0,75.586,0.0,0.0,-1.5130000000000001,350.0786,0.0,0.0,5.9030000000000005,0,2.0,8.38,310.005,1.0227,38.1,0.0,257.832,0.0,0
47039,0.341,75.586,0.0,0.0,-1.5130000000000001,350.0786,0.0,0.0,5.7620000000000005,0,2.0,2.935,309.825,1.6166,37.53,0.0,257.832,0.0,0
47039,-0.171,75.586,0.0,0.0,-1.5130000000000001,350.0786,0.0,0.0,5.742,0,2.0,-1.165,309.915,-2.8867000000000003,37.74,0.0,257.832,0.0,0
47039,0.0,75.586,0.0,0.0,-1.5130000000000001,350.0786,0.0,0.0,5.742,0,2.0,-0.63,310.005,-0.8743000000000001,37.56,0.0,257.832,0.0,0
47039,0.0,75.586,0.0,0.0,-1.5130000000000001,350.0786,0.0,0.0,5.742,0,2.0,-0.63,310.005,-0.8743000000000001,37.56,0.0,257.832,0.0,0
